GSP_annual_reports_PET_2024_v1/GIS/PET_2023_Fall_Deep.tif
NCOLS 191
NROWS  209
XLLCORNER 6295515.91401
YLLCORNER 1783415.49397
CELLSIZE 1000.0
NODATA_VALUE -999
[rows 34 to 67 of 209, columns 0 to 75 of 191]
-999.0 -999.0 -999.0 -999.0 -999.0 -999.0 -999.0 -999.0 -999.0 -999.0 -999.0 -999.0 -999.0 129.9 132.7 154.0 109.2 93.3 66.8 58.7 60.7 64.8 66.5 64.6 124.3 176.8 152.6 102.2 88.5 82.6 80.1 78.3 75.4 77.2 87.7 92.2 91.3 94.4 95.8 101.1 100.7 106.7 108.4 110.1 112.3 106.9 160.2 214.9 251.8 215.7 218.0 247.2 253.6 329.6 384.8 397.1 383.0 373.3 302.8 372.6 379.9 382.2 372.3 372.4 373.2 374.0 377.9 376.4 376.4 380.3 379.3 379.3 380.1 379.7 384.6 394.1
-999.0 -999.0 -999.0 -999.0 -999.0 -999.0 -999.0 -999.0 -999.0 -999.0 -999.0 -999.0 -999.0 218.6 115.3 130.8 109.0 97.2 67.1 61.0 49.6 60.4 61.9 62.5 191.9 137.7 161.6 127.5 74.4 80.4 84.2 62.7 75.2 75.5 85.6 83.5 92.1 91.0 89.8 96.7 97.0 101.8 105.1 109.5 110.9 107.1 133.5 216.2 205.6 184.1 371.2 345.8 319.1 252.3 384.8 323.6 308.3 355.9 244.9 372.6 382.4 383.1 372.1 372.4 373.2 374.0 377.6 376.4 376.4 380.3 379.3 379.3 379.3 379.7 399.1 384.6
-999.0 -999.0 -999.0 -999.0 -999.0 -999.0 -999.0 -999.0 -999.0 -999.0 -999.0 -999.0 -999.0 193.3 193.4 190.9 77.1 75.1 60.9 58.6 61.8 58.3 62.8 59.0 125.3 119.9 104.9 104.2 74.7 69.8 71.0 78.8 77.2 76.7 72.6 77.7 79.3 89.6 89.8 94.3 97.7 101.8 104.5 109.4 113.8 103.9 122.5 158.2 215.2 285.0 381.1 339.1 295.4 343.4 381.1 377.6 260.5 300.5 346.8 382.5 382.4 382.2 372.3 372.3 396.2 374.0 375.5 388.7 376.4 380.3 390.2 390.2 380.3 379.9 384.6 384.6
-999.0 -999.0 -999.0 -999.0 -999.0 -999.0 -999.0 -999.0 -999.0 -999.0 -999.0 277.7 264.9 236.7 174.2 129.1 115.7 107.7 66.7 48.1 63.8 57.7 67.5 64.9 157.4 93.4 90.3 83.4 75.2 70.5 68.0 67.6 73.5 75.5 76.2 72.4 77.7 85.1 90.3 89.1 97.5 101.4 102.8 108.0 111.1 111.4 127.9 162.2 252.5 302.5 381.1 381.1 381.1 382.0 382.0 355.6 299.3 232.4 262.3 372.6 382.4 382.2 383.1 372.3 373.2 374.0 375.4 373.9 386.5 380.3 380.3 391.1 379.3 380.9 384.8 384.6
-999.0 -999.0 -999.0 -999.0 -999.0 -999.0 -999.0 -999.0 -999.0 -999.0 110.9 193.3 195.7 244.4 182.5 191.1 116.4 105.6 68.3 68.2 62.8 50.4 66.9 65.9 134.2 105.8 75.0 71.6 75.6 69.5 69.3 69.1 89.8 88.2 90.9 83.6 89.9 91.0 90.6 91.1 94.9 97.5 100.5 107.1 109.3 109.9 100.2 159.9 216.1 381.1 381.1 381.1 389.3 381.1 381.1 384.8 391.9 308.2 340.5 382.5 383.3 384.5 382.2 383.1 373.1 374.0 375.6 384.5 381.1 377.8 380.3 380.3 390.2 398.5 384.8 384.6
-999.0 -999.0 -999.0 -999.0 -999.0 -999.0 -999.0 377.5 176.7 83.1 93.6 87.9 137.5 82.5 80.3 70.6 143.9 116.0 69.9 54.3 59.6 62.3 63.2 122.4 96.9 93.1 67.9 67.4 61.0 67.7 65.6 76.7 79.1 79.6 90.6 90.7 90.1 89.1 91.4 91.7 95.8 97.6 99.4 102.7 106.7 108.4 112.0 104.3 152.7 240.1 316.1 381.1 331.6 382.0 382.0 391.9 384.8 254.7 384.0 389.6 394.4 382.2 382.2 383.1 384.9 383.3 375.6 373.9 373.9 377.8 377.8 394.9 379.3 380.9 384.8 384.8
-999.0 -999.0 -999.0 -999.0 -999.0 376.4 112.1 377.5 250.6 94.5 70.1 63.9 64.4 64.0 62.8 63.8 65.4 70.7 68.5 45.3 55.3 53.9 95.4 94.2 72.1 89.1 67.7 65.9 71.6 70.9 72.2 76.9 72.3 85.8 91.9 92.2 88.2 87.4 94.1 91.8 94.3 96.9 98.8 101.7 103.1 102.7 106.9 110.6 140.0 179.1 264.4 265.8 242.4 283.3 382.0 381.1 384.8 358.5 373.1 341.8 382.4 263.8 382.1 382.2 382.4 384.1 375.4 373.8 373.9 377.8 392.8 399.6 378.2 379.9 383.8 384.8
-999.0 -999.0 -999.0 -999.0 375.7 377.2 190.9 196.8 299.3 190.0 256.1 162.3 138.4 44.2 63.2 60.4 59.8 65.8 49.2 49.4 59.1 93.6 113.0 82.6 83.4 65.1 63.6 65.5 78.6 88.7 70.9 83.2 69.2 88.1 72.9 78.9 88.8 87.3 90.6 90.7 95.6 97.0 99.3 102.0 104.7 106.7 107.3 112.2 99.7 148.4 213.6 247.6 212.8 381.1 381.1 382.0 373.4 312.1 284.9 374.1 347.7 251.8 271.3 343.4 382.4 393.7 394.4 383.9 373.8 376.7 378.2 386.6 394.8 390.3 383.8 384.8
-999.0 -999.0 -999.0 163.9 200.9 374.8 218.3 142.1 359.7 262.4 201.8 145.1 196.3 49.3 49.7 107.6 152.0 64.3 48.7 50.2 69.9 103.4 119.4 94.2 79.4 65.4 63.5 81.8 68.2 96.0 95.1 89.5 91.7 91.1 90.5 91.2 91.6 90.2 91.0 91.7 94.0 98.0 96.5 101.9 102.7 106.9 110.1 109.4 104.3 133.0 162.2 216.8 252.2 336.2 252.4 328.6 251.4 394.8 186.8 328.0 298.6 273.0 269.1 263.0 288.1 345.2 387.7 393.9 383.1 395.6 387.6 384.2 384.2 387.5 384.8 384.8
-999.0 -999.0 39.8 50.1 54.4 71.6 224.1 95.5 266.6 291.6 191.4 95.8 189.9 58.1 101.0 137.2 149.3 70.5 65.7 118.9 72.2 165.2 123.9 75.9 70.2 64.2 61.1 95.1 91.7 95.2 90.6 94.1 93.3 94.4 95.6 91.7 92.0 93.8 92.2 97.2 96.6 99.1 100.9 103.4 115.9 109.2 109.7 112.2 108.3 118.2 151.0 189.3 285.0 308.1 205.3 222.7 189.5 281.2 206.2 178.0 240.8 269.3 238.3 262.8 278.5 264.2 384.8 383.1 383.1 387.0 377.7 376.7 377.7 393.4 382.3 384.8
-999.0 -999.0 166.6 126.3 39.4 54.3 57.8 110.9 140.2 200.2 244.9 193.3 65.5 52.5 149.5 148.4 166.4 104.9 100.6 133.7 140.8 171.0 106.5 67.7 62.0 64.4 67.2 75.3 84.5 81.5 107.6 97.6 90.3 95.4 96.9 95.8 93.1 97.3 99.1 97.9 98.8 101.9 103.2 104.4 108.5 109.0 106.0 108.4 113.9 108.0 114.5 168.2 226.1 381.1 252.9 161.7 120.6 204.1 175.3 201.9 198.2 256.1 257.2 259.0 265.8 329.2 385.7 383.1 383.1 387.0 393.5 377.7 376.7 378.3 382.3 382.3
-999.0 142.6 338.0 259.3 110.2 57.7 56.7 60.9 72.5 170.7 196.8 150.4 64.8 67.1 177.7 169.8 166.8 156.0 111.0 111.3 165.7 139.8 68.0 65.5 62.3 67.4 64.8 94.8 61.8 88.9 102.1 97.1 91.7 89.8 95.3 95.8 100.7 98.0 99.3 99.4 102.5 102.5 100.9 101.9 104.1 109.8 111.1 106.5 111.7 114.3 109.1 119.4 163.0 214.3 221.6 138.0 135.2 124.9 168.3 203.1 231.1 245.4 259.1 283.5 286.4 384.1 384.8 355.7 290.6 399.3 387.0 393.9 377.7 378.3 392.1 396.8
-999.0 392.7 312.4 185.3 205.7 110.0 43.8 49.8 59.8 98.4 94.0 63.0 61.0 61.1 177.1 177.5 171.5 107.3 103.7 107.4 112.6 120.9 100.3 65.2 62.6 69.3 66.8 67.9 60.9 91.1 95.6 95.9 76.7 90.1 90.9 97.3 89.8 97.7 89.4 79.3 97.4 97.1 103.2 99.8 102.3 105.1 108.3 110.9 108.5 111.4 114.7 108.2 98.2 114.7 125.5 126.8 238.1 374.0 270.7 331.9 372.3 237.0 308.9 382.3 371.2 373.9 379.3 341.6 340.6 284.8 357.4 387.0 387.0 377.3 396.3 381.2
-999.0 391.3 257.6 209.1 101.2 54.1 89.8 84.7 56.2 71.2 63.8 54.2 46.7 61.4 111.9 175.2 171.8 105.0 88.6 99.7 104.8 106.7 120.6 64.3 72.9 83.8 84.3 66.5 76.3 101.2 98.0 96.6 78.2 76.5 89.3 88.6 90.9 85.7 90.6 90.1 91.9 95.6 97.2 102.4 103.0 104.2 107.3 108.4 109.2 112.1 114.6 107.5 103.2 99.2 125.6 179.2 227.5 374.0 371.7 372.6 393.7 285.4 372.3 379.6 373.8 373.1 375.4 373.8 354.0 269.6 285.1 341.1 393.8 378.3 382.2 381.2
-999.0 199.1 201.5 125.3 124.3 146.2 195.2 109.7 69.1 61.5 58.6 61.7 58.2 62.0 62.4 71.8 96.2 73.7 56.4 82.4 99.5 70.9 62.0 49.8 98.5 73.1 77.9 70.2 110.5 67.6 90.3 79.5 76.3 75.5 76.7 77.9 82.4 88.7 82.4 88.8 91.9 97.0 99.8 100.5 102.6 106.8 110.6 108.9 109.5 112.1 113.8 109.4 101.8 105.3 147.8 214.5 229.6 373.9 378.1 388.0 372.3 372.3 372.3 385.0 387.3 373.8 385.6 384.4 277.2 256.9 285.9 311.0 261.2 277.5 391.5 391.5
383.0 383.0 199.7 202.3 132.7 229.6 196.8 150.2 99.4 59.4 56.0 45.8 60.7 62.1 61.8 60.5 60.7 63.9 65.9 51.9 60.0 60.3 71.2 95.1 64.2 64.7 64.8 83.9 66.2 70.0 65.2 68.6 65.2 77.5 76.7 77.1 76.8 78.7 80.9 90.6 90.7 94.4 97.3 99.2 103.0 106.6 108.8 110.1 109.2 123.4 111.9 114.5 110.5 108.0 127.6 193.4 216.6 288.5 371.7 371.6 390.6 371.3 372.1 387.2 380.4 373.8 382.8 383.9 342.9 387.0 245.3 256.7 262.8 240.4 257.5 266.7
201.5 200.9 110.6 59.0 149.5 200.0 149.5 145.9 102.1 85.5 97.2 71.0 57.4 59.8 59.5 58.0 59.9 61.8 64.1 56.3 57.3 62.1 174.7 149.2 50.9 63.9 65.2 68.7 69.6 70.9 73.0 74.6 74.0 75.5 77.5 76.1 75.9 76.8 83.8 89.6 91.2 92.3 96.9 101.1 102.5 106.9 108.5 108.9 112.2 112.4 111.8 113.2 113.8 110.0 109.7 157.7 256.5 257.6 355.1 372.6 372.5 384.5 376.0 376.3 373.1 388.0 375.4 372.8 381.1 377.7 263.2 222.4 261.5 219.2 222.2 269.0
200.1 101.6 65.1 121.9 159.4 159.4 205.1 197.3 199.3 120.3 138.9 145.3 148.5 129.3 179.3 205.0 124.7 71.3 69.8 68.9 98.9 94.6 205.1 172.8 72.4 60.2 64.9 69.8 70.9 74.3 73.9 74.1 74.5 72.6 76.2 76.8 75.3 75.1 80.4 98.3 90.1 91.4 107.1 106.6 106.7 106.6 106.0 109.1 110.6 109.2 109.0 111.4 113.3 116.3 111.8 143.2 178.7 229.8 347.5 372.6 372.3 372.1 372.3 372.1 373.1 373.8 375.4 373.7 384.3 377.7 261.5 225.9 247.3 235.2 243.9 240.5
-999.0 227.9 153.1 58.2 155.2 199.5 138.4 200.5 160.0 106.9 149.1 189.0 173.0 169.7 291.8 331.0 300.6 205.4 111.9 80.8 93.5 108.6 121.4 204.9 113.1 64.6 59.5 59.2 68.6 72.7 73.5 73.4 93.2 79.7 95.1 95.3 95.9 100.1 104.7 104.0 106.7 101.5 104.7 108.0 106.1 107.0 107.7 108.4 108.8 110.9 109.2 112.4 111.8 111.9 112.0 110.9 177.1 259.8 263.3 356.3 348.4 360.4 362.6 320.5 373.0 374.6 375.4 373.8 373.7 376.7 290.4 212.7 214.0 214.8 230.6 228.3
-999.0 263.4 206.4 64.2 65.2 57.8 68.1 159.3 181.1 144.0 150.8 181.4 206.3 201.8 194.1 205.0 282.6 184.0 185.3 150.4 93.8 106.6 93.8 71.4 58.7 64.3 59.4 71.7 72.5 67.6 72.3 91.9 105.7 93.5 86.0 94.7 104.0 91.5 95.8 102.6 108.5 107.3 105.9 107.2 106.3 105.9 110.1 109.0 108.4 110.1 111.1 106.8 109.3 112.7 110.1 110.4 159.8 181.6 242.8 261.5 335.9 348.4 372.1 390.6 279.4 373.9 375.5 373.8 371.9 377.7 277.3 215.3 230.3 229.5 229.0 230.1
-999.0 277.6 197.1 238.2 198.2 135.9 48.7 121.5 183.9 161.4 170.5 181.1 182.1 167.3 147.5 150.5 236.1 197.8 226.2 179.7 158.8 108.5 85.3 79.2 61.7 64.1 65.0 67.3 68.2 69.1 92.4 90.0 102.4 113.6 111.5 109.9 103.6 108.3 108.2 101.1 101.3 102.3 104.8 106.1 107.1 109.1 107.6 107.6 109.1 110.1 109.9 108.0 110.0 108.5 107.4 104.9 116.2 178.9 229.2 251.1 271.5 389.4 379.2 340.8 210.8 247.3 261.3 383.9 373.8 377.7 253.8 225.1 225.0 211.5 227.4 227.1
-999.0 198.8 221.6 255.1 197.0 209.7 75.1 134.7 150.1 155.3 168.4 148.1 153.5 98.2 103.1 134.3 205.2 240.5 219.7 205.7 185.4 196.3 104.4 95.5 62.5 61.7 64.8 71.7 66.0 82.8 72.3 95.6 96.4 105.9 111.5 114.2 111.0 107.0 106.3 111.5 107.9 107.4 107.3 110.1 108.3 108.4 108.2 109.5 108.3 109.0 106.8 106.7 107.2 106.2 106.5 106.6 107.2 196.5 211.4 213.1 281.5 291.2 383.1 250.7 215.8 223.8 260.4 373.7 386.5 384.8 249.2 210.1 220.8 222.7 224.6 224.3
-999.0 254.7 164.8 97.8 134.2 83.1 72.3 141.1 91.4 150.0 130.5 127.2 104.6 96.9 119.0 149.8 156.9 210.5 218.1 217.6 162.8 99.4 83.4 83.1 57.8 62.6 58.9 64.4 99.6 86.7 92.4 101.2 101.0 103.0 102.4 106.7 108.3 112.7 103.9 109.7 108.8 109.1 102.5 101.7 106.8 108.6 107.6 108.7 108.0 108.4 106.3 108.3 106.6 106.1 106.5 105.0 107.0 111.4 133.9 210.0 213.2 273.8 252.8 378.9 213.5 210.9 239.3 374.5 387.0 376.7 261.8 192.0 209.5 209.2 215.9 219.9
-999.0 -999.0 275.0 267.8 98.2 143.3 90.5 149.9 135.8 149.0 97.7 93.3 90.0 98.8 114.6 169.7 205.5 215.1 213.5 205.8 151.5 137.1 123.6 98.0 71.1 69.4 74.5 62.8 90.0 90.1 89.6 91.9 95.1 103.3 102.6 102.0 101.3 111.1 107.5 106.0 107.4 96.5 108.9 111.2 109.0 109.3 106.6 107.6 107.6 106.9 106.5 106.9 105.5 106.6 103.5 105.9 109.2 108.5 108.3 192.4 166.7 204.3 223.5 259.7 209.9 218.8 210.6 259.8 357.1 293.8 211.3 206.2 197.2 204.5 206.8 213.7
-999.0 -999.0 -999.0 145.0 154.3 115.6 70.8 159.0 160.7 160.5 100.3 85.9 90.1 139.2 155.9 184.5 185.6 205.2 211.8 168.6 192.7 164.1 144.7 124.4 74.3 57.3 61.0 57.1 75.6 71.1 75.0 88.7 93.9 98.9 101.8 102.4 104.7 102.3 98.5 104.8 106.9 115.2 110.0 110.0 110.6 108.7 105.1 106.1 107.3 107.3 102.9 102.3 102.4 95.6 102.9 103.2 107.5 109.4 112.8 102.9 208.2 201.5 174.5 210.5 202.1 218.8 266.0 244.4 266.4 367.5 205.8 189.1 189.7 195.1 203.0 206.8
-999.0 -999.0 -999.0 -999.0 155.5 76.0 63.7 91.8 90.3 156.3 82.1 84.8 88.6 130.6 157.0 190.8 148.0 148.4 190.6 199.4 148.2 171.5 149.8 141.5 96.9 59.0 59.6 59.2 58.1 70.5 89.6 90.0 89.7 93.0 91.7 100.5 103.3 104.7 103.1 93.9 94.1 97.4 103.2 106.4 107.2 105.7 103.5 102.0 107.2 106.5 103.6 92.5 102.5 102.4 102.0 104.0 109.0 104.0 109.1 113.2 161.3 159.5 180.6 204.4 186.1 201.9 254.1 244.1 284.9 365.8 221.7 187.7 189.0 183.5 192.8 205.3
-999.0 -999.0 -999.0 -999.0 -999.0 150.4 68.2 64.6 89.7 71.9 100.9 124.7 94.0 100.7 155.0 178.8 153.9 126.2 146.1 180.9 109.1 140.2 152.4 95.4 115.2 63.6 60.5 54.4 82.1 78.1 69.8 72.1 89.4 88.3 94.3 98.9 102.0 102.2 101.5 92.8 88.7 85.5 92.1 109.1 107.6 102.5 100.8 103.7 103.7 102.5 100.2 94.4 99.0 103.6 101.6 104.8 109.5 109.4 109.4 109.3 103.9 117.5 230.5 210.4 189.6 192.5 205.9 306.4 351.7 222.3 210.0 183.0 183.0 185.7 190.6 205.0
-999.0 -999.0 -999.0 -999.0 -999.0 -999.0 115.8 200.0 99.9 69.7 129.1 134.1 94.2 131.5 167.0 170.5 127.9 98.1 98.7 161.7 157.0 91.3 96.9 98.2 87.3 59.2 56.5 58.6 58.3 61.0 75.2 90.0 94.1 92.4 92.8 98.3 100.3 101.4 97.6 93.6 86.8 86.6 80.8 82.5 99.0 93.0 100.1 102.3 104.5 101.3 95.8 94.9 102.2 101.9 102.2 103.4 108.5 108.3 110.3 109.8 114.1 108.3 115.2 180.4 150.4 126.7 262.1 196.1 362.7 201.5 192.1 180.1 182.7 186.3 217.2 191.6
-999.0 -999.0 -999.0 -999.0 -999.0 -999.0 -999.0 -999.0 109.0 71.5 93.5 96.7 116.6 93.3 129.5 155.8 106.3 98.1 127.8 149.9 129.5 83.8 88.8 68.1 91.4 68.9 55.2 57.4 56.8 55.7 57.7 67.2 73.6 89.9 89.3 97.5 100.5 103.1 94.3 83.1 84.6 87.9 77.6 77.4 78.3 100.1 101.8 97.5 102.6 97.2 93.0 95.9 98.9 101.7 103.2 105.2 108.2 105.4 110.0 111.6 114.1 109.0 93.4 151.4 118.7 174.8 215.9 203.9 331.5 258.9 177.8 179.2 177.3 196.7 188.0 192.5
-999.0 -999.0 -999.0 -999.0 -999.0 -999.0 -999.0 -999.0 -999.0 103.3 70.0 100.2 92.1 91.7 94.6 103.6 101.6 91.3 146.0 152.5 95.6 93.7 98.2 90.6 88.9 88.5 54.0 57.6 57.8 56.5 70.8 92.6 89.8 94.5 96.7 99.3 92.8 94.7 91.0 87.1 83.0 84.0 77.8 76.9 77.6 89.7 88.7 98.4 91.5 91.1 97.3 99.2 102.4 100.4 103.0 105.1 108.8 106.6 111.4 114.0 114.6 109.1 96.7 99.8 122.2 127.7 142.1 159.1 228.7 246.1 165.3 171.7 178.5 181.0 223.0 219.2
-999.0 -999.0 -999.0 -999.0 -999.0 -999.0 -999.0 -999.0 -999.0 95.8 84.4 90.8 96.2 93.4 89.3 84.5 89.5 145.7 93.9 159.9 147.2 126.9 89.1 85.4 90.8 85.8 70.6 58.4 56.9 73.5 71.6 88.7 87.4 86.3 85.2 91.8 88.4 93.8 84.0 83.2 81.0 82.0 78.7 77.2 76.7 77.3 78.2 90.3 71.0 92.3 97.5 99.8 103.4 102.4 102.8 101.3 109.0 108.6 111.1 114.5 112.3 106.7 100.0 107.9 124.4 136.4 143.4 159.3 159.9 238.0 207.5 144.1 174.9 181.3 152.9 169.4
-999.0 -999.0 -999.0 -999.0 -999.0 -999.0 -999.0 -999.0 -999.0 110.5 87.1 87.3 99.1 86.9 84.6 84.7 87.4 152.1 152.9 155.1 160.2 145.0 97.3 90.6 84.6 59.9 59.7 56.2 54.6 63.7 66.7 72.2 68.8 68.4 71.1 73.3 76.0 76.1 76.8 90.6 73.9 75.0 73.0 75.4 77.0 77.3 87.8 79.4 84.7 85.8 93.1 94.5 95.4 100.8 101.7 104.6 105.2 109.1 112.6 116.5 109.9 106.0 96.4 113.1 127.5 131.7 157.9 160.6 159.2 150.5 176.1 144.0 172.9 173.5 172.7 203.5
-999.0 -999.0 -999.0 -999.0 -999.0 -999.0 -999.0 -999.0 -999.0 97.3 85.8 86.1 84.6 81.1 78.1 90.0 101.3 160.9 187.7 154.6 161.5 139.4 101.3 86.5 63.7 54.6 58.0 58.5 58.7 59.7 61.0 63.1 62.0 64.0 67.3 69.1 71.8 72.9 75.6 75.1 72.6 70.6 73.2 77.1 75.6 66.8 76.5 77.9 89.2 88.5 93.8 98.5 97.3 99.2 101.7 102.4 106.5 110.3 112.5 115.9 114.9 105.3 98.9 112.2 130.6 138.0 138.9 161.0 160.3 160.0 161.9 168.7 164.3 165.1 168.4 155.8
-999.0 -999.0 -999.0 -999.0 -999.0 -999.0 -999.0 -999.0 -999.0 -999.0 101.7 85.4 86.6 84.3 81.6 86.1 88.4 122.6 172.9 172.3 177.1 154.4 106.2 81.5 68.9 58.0 57.4 60.1 55.4 59.1 63.0 63.1 64.0 62.7 66.9 77.5 69.3 72.2 71.2 72.9 72.3 69.8 74.7 75.1 75.6 72.9 76.8 78.0 81.9 90.1 90.7 93.6 100.8 99.2 100.8 102.6 108.2 109.1 113.0 112.3 114.8 107.0 99.4 120.1 127.9 137.3 138.6 159.1 160.9 158.5 157.8 157.9 157.2 159.3 155.3 161.4
