GSP_annual_reports_PET_2024_v1/GIS/PET_2022_Spring_Deep.tif
NCOLS 191
NROWS  209
XLLCORNER 6295515.91401
YLLCORNER 1783415.49397
CELLSIZE 1000.0
NODATA_VALUE -999
[rows 66 to 98 of 209, columns 76 to 151 of 191]
232.5 216.2 241.2 213.8 268.4 400.8 415.2 422.5 411.1 413.4 265.7 268.8 428.6 411.5 305.4 305.7 367.2 440.4 437.5 437.3 437.3 437.4 428.0 428.0 428.2 429.8 431.0 431.3 433.7 437.1 437.1 437.4 437.9 437.9 437.9 437.7 436.7 436.7 431.1 432.3 419.0 419.0 414.7 414.7 414.7 414.8 415.2 415.4 414.4 415.4 415.4 412.5 412.5 412.5 411.7 416.0 414.7 424.8 425.3 431.1 431.1 431.1 382.2 -999.0 -999.0 -999.0 -999.0 -999.0 -999.0 -999.0 -999.0 -999.0 -999.0 -999.0 -999.0 -999.0
190.1 224.2 218.0 224.3 227.0 402.1 409.5 409.1 419.6 413.7 415.8 312.8 268.8 281.7 290.0 302.9 315.1 337.7 402.4 437.3 437.3 437.4 437.4 437.4 437.6 437.6 428.2 431.0 431.0 434.9 437.1 437.1 437.4 437.9 437.9 437.7 437.7 438.1 435.5 432.3 439.7 422.2 419.0 414.7 414.7 414.8 415.2 415.4 424.3 415.4 415.4 412.5 413.5 412.5 411.7 411.7 411.5 411.5 425.3 425.3 431.1 431.1 431.1 -999.0 -999.0 -999.0 -999.0 -999.0 -999.0 -999.0 -999.0 -999.0 -999.0 -999.0 -999.0 -999.0
166.9 188.6 208.8 212.3 212.8 401.6 409.5 409.1 411.3 421.5 415.8 418.4 415.6 343.3 300.3 301.9 304.7 314.5 333.9 351.1 419.7 440.2 440.7 444.1 444.3 440.1 437.6 434.6 436.7 432.3 436.0 437.1 450.8 437.9 437.9 437.9 437.7 438.1 438.1 435.5 432.3 432.3 426.0 419.0 414.7 414.8 415.2 415.4 415.4 415.4 415.4 412.5 412.5 412.5 411.7 411.7 407.2 411.5 411.9 432.6 425.3 431.1 430.0 -999.0 -999.0 -999.0 -999.0 -999.0 -999.0 -999.0 -999.0 -999.0 -999.0 -999.0 -999.0 -999.0
176.5 195.1 206.9 217.9 219.1 404.1 408.7 411.4 421.1 411.5 415.8 418.4 414.5 417.2 427.3 303.3 302.7 312.6 314.8 332.9 374.7 400.6 427.9 432.2 434.8 434.8 448.1 437.6 428.2 432.1 433.3 437.1 437.1 437.4 437.9 437.9 437.7 438.1 438.1 438.1 435.5 432.3 432.3 428.0 419.0 419.1 416.4 414.2 415.4 416.4 415.4 412.5 412.5 412.5 411.7 411.7 407.2 407.2 407.6 411.9 425.3 424.3 -999.0 -999.0 -999.0 -999.0 -999.0 -999.0 -999.0 -999.0 -999.0 -999.0 -999.0 -999.0 -999.0 -999.0
178.1 185.0 208.1 245.4 263.8 404.1 411.8 424.4 412.3 416.9 413.8 427.5 418.1 417.2 418.0 340.9 316.5 312.6 312.5 328.2 360.1 376.9 400.2 440.9 432.4 432.4 434.8 439.4 441.8 439.9 435.9 434.8 437.1 437.1 437.9 437.9 437.9 438.1 438.1 438.1 438.1 436.7 422.6 432.3 422.2 426.5 422.5 421.4 415.4 415.4 415.4 412.2 412.5 412.5 411.7 411.7 407.2 407.2 406.6 407.6 411.9 425.3 -999.0 -999.0 -999.0 -999.0 -999.0 -999.0 -999.0 -999.0 -999.0 -999.0 -999.0 -999.0 -999.0 -999.0
180.1 183.2 280.1 352.5 404.9 405.1 425.8 416.1 417.4 414.7 414.9 418.4 429.9 416.1 418.0 427.5 420.0 429.7 365.2 336.6 336.7 348.6 373.3 403.6 419.9 414.9 414.9 409.1 419.7 438.6 439.9 433.3 434.8 437.1 435.9 437.9 437.9 438.3 438.1 438.1 438.1 438.1 436.7 431.7 437.1 432.5 419.4 419.7 415.4 415.4 415.4 412.5 412.5 411.3 411.7 411.7 407.2 407.2 407.6 407.6 407.6 -999.0 -999.0 -999.0 -999.0 -999.0 -999.0 -999.0 -999.0 -999.0 -999.0 -999.0 -999.0 -999.0 -999.0 -999.0
182.3 202.6 265.9 414.0 403.8 412.0 412.8 415.5 415.0 414.7 425.4 429.1 418.4 419.0 416.9 418.8 420.0 430.7 434.0 439.6 361.0 374.0 359.7 383.8 394.5 392.1 392.1 382.4 374.3 400.8 374.1 373.0 433.3 442.9 437.1 435.9 437.9 438.3 438.3 438.1 438.1 438.1 438.1 436.7 432.3 432.5 438.4 419.7 419.7 415.4 415.4 412.5 412.5 412.5 411.7 410.5 407.2 407.2 407.6 413.4 407.6 -999.0 -999.0 -999.0 -999.0 -999.0 -999.0 -999.0 -999.0 -999.0 -999.0 -999.0 -999.0 -999.0 -999.0 -999.0
187.6 193.0 277.8 396.2 417.8 410.7 392.9 413.4 414.6 419.3 421.7 417.6 437.9 420.0 417.9 418.8 420.0 430.7 428.2 428.0 437.3 409.0 373.6 373.6 373.8 361.4 352.5 349.7 344.3 340.0 348.6 346.4 379.2 446.1 436.1 437.1 437.4 438.3 438.3 438.3 438.1 438.1 438.1 438.1 436.7 432.5 435.9 428.7 419.7 415.4 415.4 411.3 412.5 412.5 411.7 411.7 406.0 406.1 407.6 407.6 407.6 -999.0 -999.0 -999.0 -999.0 -999.0 -999.0 -999.0 -999.0 -999.0 -999.0 -999.0 -999.0 -999.0 -999.0 -999.0
167.0 187.3 205.2 401.3 403.4 403.8 412.6 413.4 424.4 429.6 428.0 418.6 423.4 420.0 419.7 418.8 427.3 429.7 427.1 426.9 428.0 437.2 402.6 361.2 345.5 340.7 339.0 326.0 323.6 330.0 335.9 337.9 353.0 414.1 436.0 437.1 437.1 437.7 438.3 437.1 438.3 437.0 436.9 438.1 438.1 435.6 432.8 440.2 421.9 419.7 415.4 412.5 413.5 412.5 411.7 411.7 406.0 407.2 407.6 407.6 407.6 -999.0 -999.0 -999.0 -999.0 -999.0 -999.0 -999.0 -999.0 -999.0 -999.0 -999.0 -999.0 -999.0 -999.0 -999.0
195.7 171.9 200.7 367.1 399.2 403.4 411.4 413.2 415.5 416.8 416.2 427.6 424.3 419.0 419.7 422.4 420.0 429.7 427.1 428.0 428.0 437.4 424.2 394.3 335.4 319.4 313.7 311.5 302.5 310.5 323.4 318.8 318.8 343.4 436.0 437.1 445.7 437.5 438.3 438.3 438.3 438.3 438.1 438.1 437.0 439.3 436.0 433.1 433.1 419.7 419.7 412.5 411.5 418.2 410.7 411.0 406.5 407.2 407.6 407.6 407.6 407.6 -999.0 -999.0 -999.0 -999.0 -999.0 -999.0 -999.0 -999.0 -999.0 -999.0 -999.0 -999.0 -999.0 -999.0
201.7 206.4 227.0 388.9 396.1 399.2 411.5 413.2 415.5 416.8 424.9 417.6 417.6 420.2 421.5 420.6 418.9 430.7 434.8 428.0 439.3 428.0 437.4 412.3 350.7 330.0 314.3 311.7 313.2 311.0 310.5 308.9 309.0 309.1 434.4 434.8 445.7 437.5 437.7 438.3 437.2 438.3 438.1 438.1 437.0 443.7 438.6 433.1 433.1 429.7 425.4 412.5 412.5 412.5 410.0 419.0 406.5 406.5 407.0 407.6 407.6 407.6 407.6 -999.0 -999.0 -999.0 -999.0 -999.0 -999.0 -999.0 -999.0 -999.0 -999.0 -999.0 -999.0 -999.0
207.0 210.1 204.5 281.7 395.0 396.1 406.9 413.3 415.4 415.8 419.2 419.3 418.6 419.2 419.8 424.8 437.0 440.7 428.2 428.0 428.0 428.0 437.4 437.2 437.6 370.2 359.6 324.8 314.8 309.1 309.6 306.9 306.9 305.3 363.9 410.6 437.1 437.5 437.5 437.7 446.8 437.1 438.3 437.0 438.1 439.3 438.6 437.4 433.1 433.1 419.7 416.8 411.3 412.5 409.8 412.1 406.5 405.3 407.0 407.0 407.0 407.6 407.6 407.6 -999.0 -999.0 -999.0 -999.0 -999.0 -999.0 -999.0 -999.0 -999.0 -999.0 -999.0 -999.0
207.1 206.1 186.0 251.5 396.4 396.9 403.8 408.0 415.5 416.6 419.2 420.8 417.8 425.9 419.9 434.4 437.8 443.1 428.2 428.0 426.9 426.8 428.0 437.4 437.4 437.6 437.6 441.9 439.6 444.1 294.3 303.1 303.1 302.1 314.4 354.5 411.9 437.5 446.4 437.7 438.3 437.2 446.6 451.9 438.1 437.0 438.6 438.8 432.0 433.1 432.0 416.8 415.6 411.5 411.0 411.0 406.3 416.8 417.0 407.0 407.0 407.0 407.6 407.6 -999.0 -999.0 -999.0 -999.0 -999.0 -999.0 -999.0 -999.0 -999.0 -999.0 -999.0 -999.0
280.3 200.9 200.5 195.3 252.5 317.2 405.6 405.0 409.0 415.5 419.0 421.8 421.8 419.2 420.9 434.3 434.5 447.6 436.6 436.0 437.9 427.0 428.0 428.0 428.2 428.2 437.6 437.6 437.6 446.6 439.9 301.5 301.5 303.6 308.2 315.0 391.9 436.3 437.5 437.5 437.2 437.2 438.3 438.3 437.0 438.2 445.1 438.8 439.9 431.8 432.0 426.8 416.8 416.8 411.0 411.0 405.3 405.3 411.1 414.3 407.0 407.0 407.0 407.6 406.4 -999.0 -999.0 -999.0 -999.0 -999.0 -999.0 -999.0 -999.0 -999.0 -999.0 -999.0
390.1 304.5 204.2 244.3 275.8 274.5 370.2 406.8 409.1 413.7 419.0 420.7 438.9 420.4 425.0 423.2 438.7 432.6 451.3 429.0 437.9 426.8 428.0 426.8 428.2 428.2 428.2 428.2 431.2 390.1 342.9 285.5 300.3 302.4 304.4 306.1 446.2 449.7 443.2 436.3 438.3 438.3 437.1 438.3 448.0 438.2 438.6 438.8 447.4 436.2 433.1 430.2 423.8 416.8 416.0 411.0 406.5 405.5 407.0 408.0 405.8 407.0 407.0 407.0 417.0 -999.0 -999.0 -999.0 -999.0 -999.0 -999.0 -999.0 -999.0 -999.0 -999.0 -999.0
390.1 391.9 192.1 262.3 363.6 278.4 307.8 404.0 405.9 411.2 419.1 421.6 421.8 423.4 420.1 446.3 432.0 449.1 431.1 445.5 428.0 430.8 428.0 428.0 428.2 428.2 427.0 428.2 431.0 438.7 430.6 296.4 297.2 300.4 302.8 304.3 446.1 448.4 446.4 435.9 437.7 438.3 447.2 438.3 438.3 438.2 438.6 438.8 438.8 437.4 433.1 430.2 430.2 426.8 416.0 414.9 406.5 405.3 406.0 417.0 405.8 407.0 414.8 407.0 407.0 -999.0 -999.0 -999.0 -999.0 -999.0 -999.0 -999.0 -999.0 -999.0 -999.0 -999.0
394.7 389.7 347.6 253.1 386.4 277.3 285.4 360.3 410.7 408.8 412.7 421.6 421.8 422.4 421.7 423.2 441.7 436.2 443.5 443.3 437.1 428.0 427.0 429.0 427.0 431.2 431.2 428.2 428.2 428.6 430.6 439.7 298.2 291.2 308.1 303.2 316.0 446.6 443.3 449.7 436.5 438.3 444.0 446.6 438.3 438.2 438.6 438.8 438.8 437.6 436.2 428.9 429.1 430.2 429.4 419.2 411.5 405.6 407.0 405.8 407.0 417.3 405.8 406.0 405.8 406.6 -999.0 -999.0 -999.0 -999.0 -999.0 -999.0 -999.0 -999.0 -999.0 -999.0
394.4 388.2 394.0 284.1 248.5 269.8 276.9 321.4 379.6 420.0 411.9 418.6 421.6 432.4 424.2 424.4 424.3 450.0 451.3 439.3 448.0 442.5 427.0 428.0 435.5 442.0 422.2 431.2 428.2 429.5 442.1 270.7 446.6 439.9 443.5 309.7 314.8 408.2 446.6 447.3 446.3 438.3 438.3 437.2 437.2 438.2 438.6 438.8 438.8 438.8 447.2 434.5 433.3 430.2 429.4 436.7 424.8 411.5 411.9 407.6 405.8 407.0 407.0 407.0 407.0 407.6 407.6 -999.0 -999.0 -999.0 -999.0 -999.0 -999.0 -999.0 -999.0 -999.0
395.3 389.7 395.8 383.8 341.6 268.8 280.7 293.1 338.4 382.2 424.2 416.0 424.4 436.6 437.4 424.4 428.6 438.2 448.6 433.4 439.3 451.0 432.5 427.0 435.5 442.1 397.4 405.9 352.8 439.9 441.9 278.0 286.5 443.5 443.5 443.8 329.7 347.5 379.3 436.3 438.8 433.3 451.7 438.3 438.3 438.2 438.6 442.7 438.8 438.8 438.8 435.9 435.9 433.3 433.7 429.4 424.8 424.8 422.0 411.9 410.9 407.6 407.6 406.6 406.6 407.6 407.6 407.6 -999.0 -999.0 -999.0 -999.0 -999.0 -999.0 -999.0 -999.0
395.3 396.0 402.1 397.3 386.5 358.8 357.1 290.5 416.2 416.8 405.9 430.8 414.5 426.2 443.6 427.4 424.3 435.0 447.8 441.6 450.3 438.7 439.4 431.5 436.8 428.2 400.6 338.5 333.6 439.9 443.1 280.9 290.0 452.3 382.1 443.5 313.6 320.0 344.9 334.5 365.6 431.6 437.2 438.3 438.3 447.0 438.6 437.6 437.8 438.8 437.8 434.7 435.9 428.2 435.1 435.1 426.8 424.8 419.5 432.1 419.0 411.9 411.9 407.6 411.1 408.1 407.6 407.6 407.6 -999.0 -999.0 -999.0 -999.0 -999.0 -999.0 -999.0
394.6 393.3 402.4 395.8 396.5 396.8 406.4 407.4 321.1 398.2 424.9 429.5 427.9 434.3 423.0 430.6 425.5 433.9 433.7 448.2 439.0 437.6 437.3 443.2 437.1 437.9 427.0 305.9 307.7 369.1 439.9 439.9 272.4 403.0 407.6 296.5 310.3 316.3 314.3 308.1 312.5 349.0 305.5 437.2 438.3 438.4 438.8 438.8 442.7 438.8 438.8 435.9 435.9 435.9 436.2 442.4 430.6 429.4 429.5 424.1 428.4 425.3 414.0 411.9 417.6 407.6 407.6 407.6 407.6 407.6 -999.0 -999.0 -999.0 -999.0 -999.0 -999.0
392.8 395.3 401.1 404.1 395.8 397.3 413.3 405.9 419.4 354.2 403.8 397.6 415.9 423.2 425.2 426.4 432.2 435.0 435.1 442.7 443.4 432.2 444.0 443.2 437.5 404.1 428.2 318.8 296.8 335.7 362.4 289.6 257.9 443.8 443.3 443.5 305.1 310.7 307.1 292.4 303.8 304.1 372.2 438.3 446.6 438.4 438.8 439.0 439.0 439.0 439.0 434.7 434.7 449.6 433.9 433.9 431.6 430.6 431.1 432.1 428.4 424.3 425.3 425.3 417.8 410.9 410.9 411.9 411.9 411.9 411.9 -999.0 -999.0 -999.0 -999.0 -999.0
403.8 393.9 402.3 401.1 403.0 404.5 416.6 427.0 421.9 424.2 415.3 417.9 429.6 438.4 433.2 443.3 440.0 433.9 433.7 434.5 434.5 447.2 432.3 430.3 439.2 409.0 322.5 314.4 299.2 328.0 287.0 382.1 284.1 443.5 443.5 443.5 296.5 303.1 293.8 276.9 288.4 271.9 319.2 405.0 438.3 438.4 438.8 439.0 437.8 437.8 451.8 436.1 436.1 436.1 435.3 435.3 430.6 430.6 431.1 431.1 431.1 431.1 428.4 431.8 425.3 425.3 422.0 415.2 411.9 411.9 411.9 -999.0 -999.0 -999.0 -999.0 -999.0
400.3 393.0 404.9 402.3 402.5 405.6 415.5 420.2 421.7 424.7 419.9 409.9 430.5 418.9 429.6 433.2 435.1 435.0 434.7 433.5 434.5 443.0 433.4 431.1 438.5 432.0 441.2 369.3 398.2 274.3 239.0 312.1 293.9 443.5 443.5 443.5 370.5 446.5 296.3 292.0 254.3 244.5 310.0 303.9 412.4 438.4 438.8 442.1 438.0 437.8 437.8 436.1 436.1 436.1 435.3 435.3 440.1 430.8 430.0 431.1 431.1 431.1 431.1 431.1 428.5 424.1 433.7 425.3 424.1 422.0 422.0 -999.0 -999.0 -999.0 -999.0 -999.0
404.7 391.9 412.3 402.9 409.1 395.2 408.6 410.4 421.7 422.7 409.3 430.3 430.5 432.6 439.5 436.5 435.1 449.1 440.6 447.2 434.5 434.6 432.5 432.2 443.6 438.5 429.9 400.7 292.3 306.6 227.6 241.5 273.8 418.4 443.5 443.5 339.3 444.1 288.5 261.8 227.8 240.1 238.7 288.7 304.6 437.9 438.2 438.5 438.0 438.0 439.0 436.1 436.1 436.1 435.3 434.1 429.6 430.8 430.0 438.6 431.2 431.1 438.4 429.9 429.9 438.8 427.3 425.3 426.3 425.3 425.3 424.3 -999.0 -999.0 -999.0 -999.0
410.0 409.0 400.6 410.0 411.3 400.9 416.2 417.1 422.3 423.2 425.6 431.8 424.6 432.6 433.2 443.2 442.0 451.2 434.7 452.0 442.7 433.4 433.4 436.5 430.2 444.4 434.1 445.8 451.7 321.4 407.4 238.0 278.3 450.2 443.5 443.5 395.8 328.1 300.1 232.1 230.7 231.9 239.0 245.8 379.3 436.4 438.0 437.2 437.2 438.2 438.2 435.3 435.3 434.1 433.3 434.6 430.2 434.9 430.2 431.2 431.2 431.2 431.2 431.1 431.1 431.1 430.0 429.6 428.5 433.5 425.3 425.3 -999.0 -999.0 -999.0 -999.0
390.6 393.0 410.0 399.5 401.3 402.2 407.4 416.2 424.8 427.0 427.7 422.7 431.1 439.5 433.2 436.5 439.8 444.3 441.4 434.5 434.5 433.4 433.4 447.2 432.6 430.0 439.9 436.7 455.3 447.5 308.9 239.8 293.1 413.2 443.5 443.8 422.4 293.3 444.0 267.2 241.7 234.7 229.9 240.7 336.1 431.0 438.0 438.2 438.2 438.2 438.2 434.3 434.1 435.3 434.6 434.6 430.0 429.0 430.5 444.7 430.7 431.2 440.9 431.2 445.7 431.1 431.1 431.1 429.9 427.3 424.1 425.3 -999.0 -999.0 -999.0 -999.0
350.7 392.9 400.6 400.6 409.4 401.3 409.0 426.1 419.5 420.4 427.1 422.7 424.6 432.6 433.2 436.5 446.6 444.3 453.1 443.6 443.4 448.2 434.6 434.6 432.7 436.7 445.0 444.4 451.2 443.5 364.0 293.7 235.8 232.9 450.2 353.3 233.6 357.8 449.7 319.7 230.8 231.1 234.6 230.0 318.7 437.7 436.8 438.2 438.2 438.2 438.2 435.3 435.3 444.2 434.6 434.6 430.0 430.0 439.9 429.5 433.6 430.5 429.5 431.2 431.2 431.2 431.1 431.1 431.1 431.1 439.0 425.3 -999.0 -999.0 -999.0 -999.0
217.7 221.9 243.9 399.5 400.6 400.6 408.3 423.1 419.5 420.5 420.0 422.0 426.0 432.6 442.5 451.2 446.3 451.1 443.8 452.8 443.6 443.7 433.6 433.4 432.6 442.1 440.9 442.0 431.0 443.5 338.3 310.9 236.3 236.2 233.6 232.8 227.1 418.8 447.9 272.8 213.4 238.4 233.9 238.2 296.2 428.0 436.8 437.0 437.0 437.0 436.0 434.2 442.6 434.2 434.4 439.1 428.9 428.8 442.4 430.5 430.5 437.8 430.5 430.7 431.2 430.2 430.2 430.0 432.1 431.1 431.1 428.6 427.4 -999.0 -999.0 -999.0
201.4 187.3 211.7 400.0 393.4 403.8 409.4 427.1 428.8 410.3 411.1 411.7 426.3 422.4 423.0 436.5 439.3 454.1 443.8 443.4 443.6 451.9 448.2 448.0 434.8 433.7 432.5 442.5 440.1 439.3 443.5 285.1 416.2 304.3 230.2 229.3 224.1 305.5 251.6 211.5 235.2 225.3 235.7 232.1 232.1 318.3 312.5 360.6 434.5 442.8 434.5 430.3 431.6 430.3 430.8 430.8 426.2 426.2 426.7 429.3 429.4 430.5 429.5 429.5 429.5 438.8 430.0 431.2 431.1 429.9 431.1 430.0 428.4 427.3 -999.0 -999.0
177.0 188.2 212.5 215.7 400.6 400.6 407.2 418.5 419.5 411.4 409.9 414.6 419.0 424.6 423.0 428.5 442.8 444.1 438.2 443.4 437.6 443.0 433.4 433.4 434.8 443.4 432.7 433.7 442.2 434.9 450.0 448.3 452.2 433.6 291.7 280.8 222.6 190.4 231.3 191.5 229.9 277.9 256.1 237.9 296.6 294.7 434.2 435.5 434.5 434.5 434.5 431.6 431.6 432.3 426.9 427.9 427.0 426.2 426.7 426.7 429.3 429.4 430.5 429.5 429.3 435.4 432.3 431.2 431.2 430.0 429.9 431.1 431.1 429.6 429.6 -999.0
128.4 165.3 185.8 214.4 213.1 341.3 409.4 418.5 430.5 431.1 420.1 424.6 430.5 423.5 423.0 426.3 426.1 434.1 439.0 434.5 434.5 434.6 433.4 438.5 449.5 434.8 440.5 433.7 433.7 448.4 441.7 444.5 434.8 382.1 318.4 287.9 277.2 247.9 188.2 173.0 229.8 392.0 236.8 237.5 226.0 292.2 443.7 434.5 434.5 435.2 431.6 428.7 428.8 428.8 426.9 428.0 423.4 423.4 423.9 427.7 425.5 426.7 429.3 429.3 429.3 429.5 431.7 431.2 431.2 444.7 431.1 431.1 441.2 431.1 430.0 429.6
142.4 158.6 178.7 219.5 236.5 285.1 406.5 421.1 423.7 413.7 422.2 431.9 418.8 423.4 423.0 427.4 426.1 435.2 440.9 433.3 434.5 434.6 434.6 434.6 434.8 434.8 434.8 434.8 433.7 436.0 449.4 434.8 442.5 428.1 387.4 441.7 352.9 290.6 239.4 181.7 225.4 228.8 287.0 320.8 223.6 222.8 221.2 424.2 431.6 431.7 430.6 428.8 428.8 428.8 426.9 428.0 423.4 423.4 422.7 423.9 426.7 426.7 436.4 432.4 430.5 430.5 430.5 430.7 431.2 431.2 431.2 431.1 431.1 431.1 431.1 431.1
