GSP_annual_reports_PET_2024_v1/GIS/PET_2022_Spring_Deep.tif
NCOLS 191
NROWS  209
XLLCORNER 6295515.91401
YLLCORNER 1783415.49397
CELLSIZE 1000.0
NODATA_VALUE -999
[rows 99 to 131 of 209, columns 0 to 75 of 191]
-999.0 -999.0 -999.0 -999.0 -999.0 -999.0 -999.0 -999.0 -999.0 -999.0 -999.0 -999.0 -999.0 207.9 306.5 349.2 346.3 270.6 322.6 334.3 359.1 215.5 281.9 351.3 359.3 264.1 202.1 200.5 247.8 214.6 202.3 209.8 183.0 160.5 114.8 121.8 109.0 88.9 106.2 112.5 132.6 116.0 108.3 107.1 105.3 84.1 109.8 119.1 66.0 70.6 75.3 76.0 75.5 73.9 76.1 75.2 74.9 74.5 77.5 76.2 76.2 76.8 79.8 82.0 83.9 84.3 94.5 93.0 95.5 99.7 104.6 106.6 112.9 114.9 119.3 94.2
-999.0 -999.0 -999.0 -999.0 -999.0 -999.0 -999.0 -999.0 -999.0 -999.0 -999.0 -999.0 -999.0 343.2 342.7 344.9 346.1 346.3 346.8 348.9 290.8 213.9 350.2 345.5 300.5 187.9 164.4 156.9 197.2 236.9 210.1 147.9 165.8 165.8 147.9 94.6 103.2 103.2 118.1 155.0 169.1 115.8 110.1 107.2 105.1 92.1 118.1 103.9 98.3 72.8 63.8 71.8 76.7 76.7 63.2 75.2 74.7 75.9 74.8 76.7 72.7 78.3 83.8 82.7 83.9 92.6 93.9 93.6 90.4 101.2 94.4 108.2 108.2 113.2 116.3 126.5
-999.0 -999.0 -999.0 -999.0 -999.0 -999.0 -999.0 -999.0 -999.0 -999.0 -999.0 -999.0 -999.0 340.1 343.0 339.1 343.5 344.2 346.5 343.4 348.7 346.1 361.4 348.9 251.3 292.5 243.7 157.4 102.9 143.6 136.9 114.0 109.3 100.4 97.4 97.8 118.6 97.2 109.0 122.9 157.0 138.4 151.5 115.9 112.3 105.7 105.8 139.8 113.4 69.9 76.6 76.0 69.0 70.2 61.0 75.0 76.1 75.6 77.1 76.7 77.7 79.6 79.6 79.8 82.9 85.4 93.2 93.2 94.3 99.7 105.8 106.4 110.4 116.3 118.9 103.0
-999.0 -999.0 -999.0 -999.0 -999.0 -999.0 -999.0 -999.0 -999.0 -999.0 -999.0 -999.0 -999.0 263.3 343.4 343.2 343.2 349.5 344.3 344.9 346.3 349.9 353.2 351.3 350.5 320.1 225.5 220.4 155.6 158.2 101.5 93.1 95.5 90.8 108.6 131.2 160.7 171.2 129.1 150.9 152.7 126.2 113.2 103.6 105.9 104.0 102.9 114.0 161.6 113.1 78.1 75.7 73.6 70.8 75.5 75.2 61.7 76.8 76.2 76.9 76.3 76.5 82.8 80.1 84.3 91.7 94.5 96.0 93.4 100.6 101.8 106.8 110.9 116.0 118.3 116.6
-999.0 -999.0 -999.0 -999.0 -999.0 -999.0 -999.0 -999.0 -999.0 -999.0 -999.0 -999.0 -999.0 186.3 340.4 261.3 343.2 343.4 328.8 348.2 355.1 345.7 348.1 358.3 350.5 351.3 351.4 236.5 209.9 153.3 96.7 204.6 102.8 102.2 155.4 221.5 202.4 186.8 146.3 159.8 189.9 156.0 123.7 122.3 110.5 97.4 107.7 104.0 118.4 161.8 120.2 91.2 77.0 76.2 73.8 76.7 77.0 76.8 79.5 79.2 75.9 77.7 79.4 81.8 90.9 90.4 94.3 96.3 96.2 100.2 103.0 110.0 114.2 117.4 120.0 102.3
-999.0 -999.0 -999.0 -999.0 -999.0 -999.0 -999.0 -999.0 -999.0 -999.0 -999.0 -999.0 -999.0 155.4 174.1 187.7 341.0 340.4 342.7 341.8 343.4 346.1 344.9 346.3 349.5 350.1 351.4 282.4 184.5 156.9 107.5 190.9 190.7 100.1 146.1 164.2 207.0 212.8 183.4 162.1 169.5 152.5 103.8 165.4 156.6 132.3 102.2 107.8 107.4 148.1 147.3 118.7 113.0 82.8 83.8 80.1 78.4 75.9 78.2 77.1 78.5 79.5 81.5 80.3 90.9 90.3 94.1 94.3 95.0 96.9 103.9 111.2 116.7 119.4 121.5 108.9
-999.0 -999.0 -999.0 -999.0 -999.0 -999.0 -999.0 -999.0 -999.0 -999.0 -999.0 -999.0 -999.0 149.1 147.0 158.2 160.3 236.2 340.4 343.2 343.2 343.2 238.4 165.4 175.8 227.8 252.6 318.4 178.1 252.6 145.2 159.8 226.7 194.5 97.9 154.9 166.1 175.0 222.6 209.1 225.1 209.5 146.3 145.0 170.9 193.3 161.5 150.5 117.6 112.4 116.1 120.0 117.1 99.6 89.7 89.0 83.9 78.7 78.2 77.6 76.3 79.7 81.8 83.8 82.0 91.0 94.2 95.3 95.3 100.0 107.3 112.5 116.2 111.8 98.6 130.2
-999.0 -999.0 -999.0 -999.0 -999.0 -999.0 -999.0 -999.0 -999.0 -999.0 -999.0 -999.0 -999.0 104.7 138.8 154.9 198.8 154.1 156.6 159.5 258.6 343.2 266.7 157.0 151.9 169.2 240.3 220.6 199.4 194.4 178.4 146.5 235.7 185.7 189.4 133.1 187.9 208.8 216.9 196.1 196.4 189.3 157.2 152.1 162.0 150.0 151.9 149.1 153.9 153.3 152.4 132.3 103.3 109.8 96.9 95.4 94.7 87.2 83.9 79.3 80.1 79.4 78.3 82.5 91.9 92.8 92.7 96.2 95.4 100.9 104.1 113.7 111.1 114.7 98.3 141.2
-999.0 -999.0 -999.0 -999.0 -999.0 -999.0 -999.0 -999.0 -999.0 -999.0 -999.0 -999.0 -999.0 -999.0 148.6 161.9 275.1 163.2 154.1 147.4 176.4 159.8 185.8 151.6 147.8 161.8 233.8 344.8 346.5 169.6 255.6 170.4 174.1 246.9 174.4 141.4 181.2 215.3 300.5 191.8 203.1 158.7 166.9 171.4 163.7 134.6 126.3 108.4 101.9 111.7 105.8 123.0 112.1 104.8 104.5 105.0 102.8 91.1 89.1 86.8 83.5 83.1 83.9 82.3 91.1 91.1 95.4 96.3 98.2 106.1 107.8 114.8 116.6 113.7 117.8 144.2
-999.0 -999.0 -999.0 -999.0 -999.0 -999.0 -999.0 -999.0 -999.0 -999.0 -999.0 -999.0 -999.0 -999.0 148.4 170.5 196.8 162.7 105.4 147.6 198.8 150.8 114.5 139.6 198.3 145.0 159.0 220.5 324.3 294.6 175.1 236.0 165.3 171.2 171.6 160.7 163.3 186.4 258.1 255.6 240.3 197.8 201.7 193.4 174.6 171.2 101.6 97.0 106.0 158.4 113.8 103.2 105.9 105.2 107.3 104.2 112.6 105.9 97.2 93.8 99.1 90.7 87.2 90.6 92.5 92.3 96.1 95.4 100.8 104.0 112.1 110.1 118.5 107.8 120.5 144.8
-999.0 -999.0 -999.0 -999.0 -999.0 -999.0 -999.0 -999.0 -999.0 -999.0 -999.0 -999.0 -999.0 -999.0 -999.0 156.4 155.6 140.4 132.9 164.1 294.0 196.3 161.7 85.8 109.7 138.7 135.7 145.5 223.0 244.1 339.4 342.1 255.6 169.1 184.2 169.6 170.7 172.1 261.0 351.5 285.0 205.6 268.2 254.3 196.4 204.7 194.4 100.0 154.9 198.6 147.2 194.5 177.3 116.0 102.9 98.6 122.5 107.1 114.5 105.4 108.9 103.9 100.3 99.1 98.6 96.1 94.5 93.3 105.7 100.9 110.2 116.4 119.6 113.0 104.8 140.8
-999.0 -999.0 -999.0 -999.0 -999.0 -999.0 -999.0 -999.0 -999.0 -999.0 -999.0 -999.0 -999.0 -999.0 -999.0 -999.0 148.8 80.8 110.7 154.4 263.6 228.7 153.7 78.3 88.9 84.9 85.2 117.5 146.7 147.0 161.7 344.8 345.7 269.9 227.9 223.6 163.1 167.5 179.1 252.8 273.6 290.7 287.8 236.7 245.3 237.9 169.7 129.9 158.9 215.5 197.5 226.2 214.9 179.9 115.0 102.7 145.6 164.4 110.7 98.4 112.0 104.2 106.1 106.1 104.4 101.5 99.6 98.7 103.7 105.5 107.7 115.4 113.7 118.0 100.4 130.3
-999.0 -999.0 -999.0 -999.0 -999.0 -999.0 -999.0 -999.0 -999.0 -999.0 -999.0 -999.0 -999.0 -999.0 -999.0 -999.0 -999.0 89.5 154.9 141.1 145.5 150.4 110.5 76.5 80.3 77.8 78.2 87.6 101.0 119.4 160.6 156.4 342.0 306.2 164.2 147.5 94.9 101.3 142.9 157.1 164.0 178.3 245.7 229.4 171.0 176.3 167.9 132.9 153.3 196.6 260.7 213.7 198.6 166.8 55.3 101.8 135.9 147.4 115.1 117.9 120.6 109.7 106.2 103.3 105.8 104.2 103.1 100.9 101.1 98.5 111.5 119.8 117.8 121.5 105.5 106.4
-999.0 -999.0 -999.0 -999.0 -999.0 -999.0 -999.0 -999.0 -999.0 -999.0 -999.0 -999.0 -999.0 -999.0 -999.0 -999.0 -999.0 -999.0 80.2 148.0 142.3 109.6 61.9 56.5 97.4 159.8 145.3 86.1 147.9 148.0 157.6 201.9 186.1 202.4 138.9 111.0 154.4 152.9 156.9 148.2 152.9 157.1 163.3 152.0 165.5 180.6 152.8 129.4 158.4 168.1 179.8 246.7 255.7 198.1 159.0 101.5 137.5 154.6 183.8 125.7 105.4 114.2 111.2 107.6 109.1 104.3 104.7 105.0 105.5 110.1 116.3 106.1 119.9 118.9 122.8 118.1
-999.0 -999.0 -999.0 -999.0 -999.0 -999.0 -999.0 -999.0 -999.0 -999.0 -999.0 -999.0 -999.0 -999.0 -999.0 -999.0 -999.0 -999.0 -999.0 -999.0 143.9 79.9 49.2 84.4 98.7 147.4 165.8 146.5 150.9 150.6 158.1 143.4 153.6 151.2 87.0 161.0 190.8 342.0 218.8 231.2 216.0 226.8 143.6 158.0 152.4 146.8 144.1 145.1 149.6 154.3 164.6 187.6 180.3 168.7 145.3 139.1 207.2 204.3 179.2 135.4 107.2 105.9 124.8 96.3 111.8 108.5 105.6 106.2 105.5 106.8 114.0 118.2 117.6 120.3 119.6 117.9
-999.0 -999.0 -999.0 -999.0 -999.0 -999.0 -999.0 -999.0 -999.0 -999.0 -999.0 -999.0 -999.0 -999.0 -999.0 -999.0 -999.0 -999.0 -999.0 -999.0 83.4 62.2 47.1 87.3 110.7 146.8 205.2 157.7 139.8 126.5 92.9 111.8 147.3 112.9 120.8 148.9 252.8 337.8 337.4 337.6 337.4 253.5 337.4 337.4 226.4 164.0 144.8 143.8 140.4 147.6 167.8 160.2 159.1 146.5 131.0 144.9 181.1 191.8 196.6 202.9 202.7 92.7 191.3 130.5 147.0 110.1 109.4 103.8 109.1 108.3 115.7 114.7 119.5 119.2 119.3 120.8
-999.0 -999.0 -999.0 -999.0 -999.0 -999.0 -999.0 -999.0 -999.0 -999.0 -999.0 -999.0 -999.0 -999.0 -999.0 -999.0 -999.0 -999.0 -999.0 -999.0 -999.0 43.4 60.3 110.6 152.4 145.0 158.7 222.4 153.8 83.8 91.8 90.4 81.7 92.6 151.6 158.2 213.1 333.6 324.2 332.7 321.7 330.6 330.6 330.0 335.3 332.6 221.4 136.1 155.9 187.6 171.6 136.8 148.0 140.0 143.6 147.5 160.3 247.4 194.2 199.0 160.4 150.7 176.5 144.6 91.4 97.1 105.1 110.8 112.6 109.9 109.1 108.0 110.0 114.5 116.3 117.7
-999.0 -999.0 -999.0 -999.0 -999.0 -999.0 -999.0 -999.0 -999.0 -999.0 -999.0 -999.0 -999.0 -999.0 -999.0 -999.0 -999.0 -999.0 -999.0 -999.0 -999.0 -999.0 69.0 112.1 111.1 96.2 139.0 141.6 147.6 83.7 70.1 75.3 87.7 78.0 149.7 205.3 315.7 313.2 331.6 285.2 289.6 215.5 224.1 204.7 309.7 308.6 308.0 240.5 180.5 184.1 220.0 122.8 136.5 143.5 146.4 145.4 147.1 164.3 249.6 180.1 198.0 162.7 202.8 205.2 158.9 98.8 101.2 102.5 107.2 107.9 112.0 106.8 102.0 101.4 108.6 117.7
-999.0 -999.0 -999.0 -999.0 -999.0 -999.0 -999.0 -999.0 -999.0 -999.0 -999.0 -999.0 -999.0 -999.0 -999.0 -999.0 -999.0 -999.0 -999.0 -999.0 -999.0 -999.0 -999.0 -999.0 83.2 89.2 81.3 78.0 70.9 61.4 84.6 80.3 110.0 144.0 108.2 148.7 178.0 313.8 321.4 312.9 149.2 151.0 198.8 170.6 205.2 174.6 236.4 308.6 236.7 245.1 211.8 130.8 140.9 152.6 143.6 149.1 143.8 153.2 178.1 236.7 176.7 164.3 197.3 164.0 79.1 153.4 131.8 95.4 93.1 103.7 89.8 86.7 98.9 87.7 106.6 117.0
-999.0 -999.0 -999.0 -999.0 -999.0 -999.0 -999.0 -999.0 -999.0 -999.0 -999.0 -999.0 -999.0 -999.0 -999.0 -999.0 -999.0 -999.0 -999.0 -999.0 -999.0 -999.0 -999.0 -999.0 -999.0 -999.0 53.9 54.3 52.4 88.6 124.0 149.7 144.2 181.8 151.8 137.8 149.7 319.0 151.8 217.8 173.8 235.4 198.0 200.1 129.5 136.1 165.6 310.8 304.5 303.9 304.5 208.1 146.2 137.1 147.1 138.0 132.0 144.1 135.8 143.2 197.7 139.3 154.1 122.4 152.8 214.0 152.1 90.6 87.8 96.0 95.6 75.9 100.8 107.0 111.3 111.4
-999.0 -999.0 -999.0 -999.0 -999.0 -999.0 -999.0 -999.0 -999.0 -999.0 -999.0 -999.0 -999.0 -999.0 -999.0 -999.0 -999.0 -999.0 -999.0 -999.0 -999.0 -999.0 -999.0 -999.0 -999.0 -999.0 -999.0 49.9 55.4 74.9 142.7 149.3 182.0 195.2 149.2 210.0 175.8 137.9 235.3 142.4 143.6 144.6 156.3 144.0 156.0 134.5 141.3 184.2 309.6 286.7 272.4 261.9 168.8 152.0 148.3 141.5 139.6 145.3 139.5 138.7 118.9 126.1 133.1 130.2 187.2 188.1 178.6 152.5 107.9 92.7 88.5 96.5 64.3 94.0 108.0 84.7
-999.0 -999.0 -999.0 -999.0 -999.0 -999.0 -999.0 -999.0 -999.0 -999.0 -999.0 -999.0 -999.0 -999.0 -999.0 -999.0 -999.0 -999.0 -999.0 -999.0 -999.0 -999.0 -999.0 -999.0 -999.0 -999.0 -999.0 -999.0 -999.0 68.0 79.5 139.8 147.8 137.4 144.8 141.9 190.0 134.8 143.2 138.8 140.4 198.0 224.6 138.9 229.5 168.5 165.9 193.1 199.4 192.6 298.6 159.3 166.1 132.2 141.4 148.9 132.4 131.5 126.9 117.8 133.5 134.3 120.9 116.7 151.1 174.0 143.1 136.1 107.4 99.5 85.3 85.2 81.4 60.7 94.9 84.0
-999.0 -999.0 -999.0 -999.0 -999.0 -999.0 -999.0 -999.0 -999.0 -999.0 -999.0 -999.0 -999.0 -999.0 -999.0 -999.0 -999.0 -999.0 -999.0 -999.0 -999.0 -999.0 -999.0 -999.0 -999.0 -999.0 -999.0 -999.0 -999.0 -999.0 -999.0 -999.0 122.3 147.8 118.3 151.6 143.8 136.8 109.2 96.2 140.0 198.4 290.1 297.8 223.9 189.9 134.9 184.9 134.1 172.1 139.1 141.2 139.3 138.8 139.6 136.5 141.1 134.9 104.6 140.5 113.0 97.7 112.8 126.5 127.6 282.9 184.0 140.6 145.3 87.2 95.2 80.3 105.6 74.0 56.2 89.0
-999.0 -999.0 -999.0 -999.0 -999.0 -999.0 -999.0 -999.0 -999.0 -999.0 -999.0 -999.0 -999.0 -999.0 -999.0 -999.0 -999.0 -999.0 -999.0 -999.0 -999.0 -999.0 -999.0 -999.0 -999.0 -999.0 -999.0 -999.0 -999.0 -999.0 -999.0 -999.0 -999.0 145.4 100.7 98.1 143.3 153.1 109.7 85.8 135.1 137.8 141.1 294.9 294.2 142.8 141.4 150.3 134.0 145.3 148.1 142.1 142.3 148.5 113.1 86.9 78.8 110.9 138.2 141.1 138.0 125.5 83.6 82.4 100.0 124.4 124.2 121.0 136.4 127.3 103.9 90.0 87.4 81.1 74.8 48.4
-999.0 -999.0 -999.0 -999.0 -999.0 -999.0 -999.0 -999.0 -999.0 -999.0 -999.0 -999.0 -999.0 -999.0 -999.0 -999.0 -999.0 -999.0 -999.0 -999.0 -999.0 -999.0 -999.0 -999.0 -999.0 -999.0 -999.0 -999.0 -999.0 -999.0 -999.0 -999.0 -999.0 -999.0 139.4 80.3 145.5 147.3 81.1 79.7 97.7 146.3 140.8 214.5 141.1 140.3 152.8 137.2 142.9 151.4 144.0 156.7 109.0 95.9 85.6 86.7 104.9 146.5 136.9 134.4 142.0 98.3 71.4 79.0 76.0 99.7 127.3 198.7 136.7 129.1 121.8 90.1 88.4 66.6 63.8 47.4
-999.0 -999.0 -999.0 -999.0 -999.0 -999.0 -999.0 -999.0 -999.0 -999.0 -999.0 -999.0 -999.0 -999.0 -999.0 -999.0 -999.0 -999.0 -999.0 -999.0 -999.0 -999.0 -999.0 -999.0 -999.0 -999.0 -999.0 -999.0 -999.0 -999.0 -999.0 -999.0 -999.0 -999.0 -999.0 -999.0 76.6 79.4 84.3 114.5 139.6 142.4 155.4 197.0 137.5 147.5 107.8 142.9 157.3 130.4 122.7 115.1 85.8 84.7 89.7 80.4 115.3 156.5 141.3 139.2 138.9 125.2 84.8 74.3 59.9 67.1 63.8 101.9 123.3 114.8 106.7 86.4 59.6 60.4 61.4 41.0
-999.0 -999.0 -999.0 -999.0 -999.0 -999.0 -999.0 -999.0 -999.0 -999.0 -999.0 -999.0 -999.0 -999.0 -999.0 -999.0 -999.0 -999.0 -999.0 -999.0 -999.0 -999.0 -999.0 -999.0 -999.0 -999.0 -999.0 -999.0 -999.0 -999.0 -999.0 -999.0 -999.0 -999.0 -999.0 -999.0 -999.0 -999.0 -999.0 141.6 142.6 155.6 136.9 136.8 173.2 143.9 89.4 130.4 148.5 92.6 112.3 102.0 99.5 91.6 90.3 84.7 82.4 138.2 151.3 149.0 112.8 110.2 81.7 70.6 79.7 44.8 44.1 42.7 60.0 100.7 96.6 82.3 96.2 50.0 58.6 40.8
-999.0 -999.0 -999.0 -999.0 -999.0 -999.0 -999.0 -999.0 -999.0 -999.0 -999.0 -999.0 -999.0 -999.0 -999.0 -999.0 -999.0 -999.0 -999.0 -999.0 -999.0 -999.0 -999.0 -999.0 -999.0 -999.0 -999.0 -999.0 -999.0 -999.0 -999.0 -999.0 -999.0 -999.0 -999.0 -999.0 -999.0 -999.0 -999.0 -999.0 -999.0 -999.0 143.8 143.0 156.2 142.0 92.7 87.0 95.1 88.0 129.6 146.8 145.9 84.5 86.5 84.5 90.0 155.5 128.9 108.2 86.6 79.3 96.0 86.7 48.3 45.1 43.1 38.8 38.4 35.5 50.1 54.5 54.5 56.4 33.4 38.2
-999.0 -999.0 -999.0 -999.0 -999.0 -999.0 -999.0 -999.0 -999.0 -999.0 -999.0 -999.0 -999.0 -999.0 -999.0 -999.0 -999.0 -999.0 -999.0 -999.0 -999.0 -999.0 -999.0 -999.0 -999.0 -999.0 -999.0 -999.0 -999.0 -999.0 -999.0 -999.0 -999.0 -999.0 -999.0 -999.0 -999.0 -999.0 -999.0 -999.0 -999.0 -999.0 -999.0 -999.0 143.1 145.6 80.8 91.2 89.3 92.2 84.3 135.4 152.8 120.6 94.8 133.1 112.5 150.1 154.7 148.1 147.5 98.2 81.8 77.7 57.5 45.6 41.3 37.5 32.5 35.9 35.2 33.7 32.2 19.7 36.3 35.9
-999.0 -999.0 -999.0 -999.0 -999.0 -999.0 -999.0 -999.0 -999.0 -999.0 -999.0 -999.0 -999.0 -999.0 -999.0 -999.0 -999.0 -999.0 -999.0 -999.0 -999.0 -999.0 -999.0 -999.0 -999.0 -999.0 -999.0 -999.0 -999.0 -999.0 -999.0 -999.0 -999.0 -999.0 -999.0 -999.0 -999.0 -999.0 -999.0 -999.0 -999.0 -999.0 -999.0 -999.0 -999.0 113.0 85.9 86.9 90.6 82.1 145.1 138.4 145.2 87.9 85.0 143.1 145.2 143.8 144.3 144.3 139.4 142.1 89.1 75.1 74.4 56.9 40.2 31.6 30.4 29.1 25.2 28.2 25.0 27.2 27.3 32.1
-999.0 -999.0 -999.0 -999.0 -999.0 -999.0 -999.0 -999.0 -999.0 -999.0 -999.0 -999.0 -999.0 -999.0 -999.0 -999.0 -999.0 -999.0 -999.0 -999.0 -999.0 -999.0 -999.0 -999.0 -999.0 -999.0 -999.0 -999.0 -999.0 -999.0 -999.0 -999.0 -999.0 -999.0 -999.0 -999.0 -999.0 -999.0 -999.0 -999.0 -999.0 -999.0 -999.0 -999.0 -999.0 73.9 79.0 81.2 81.0 118.6 141.0 130.6 143.5 92.5 147.3 142.6 150.9 144.3 154.7 126.4 111.3 130.8 131.4 84.6 77.9 68.4 47.3 35.3 28.3 25.0 25.8 22.1 27.4 24.8 21.3 21.8
-999.0 -999.0 -999.0 -999.0 -999.0 -999.0 -999.0 -999.0 -999.0 -999.0 -999.0 -999.0 -999.0 -999.0 -999.0 -999.0 -999.0 -999.0 -999.0 -999.0 -999.0 -999.0 -999.0 -999.0 -999.0 -999.0 -999.0 -999.0 -999.0 -999.0 -999.0 -999.0 -999.0 -999.0 -999.0 -999.0 -999.0 -999.0 -999.0 -999.0 -999.0 -999.0 -999.0 -999.0 73.4 80.6 75.5 119.9 148.4 115.4 144.5 141.9 142.6 142.0 142.3 142.3 173.2 144.4 150.4 140.8 117.7 72.7 126.3 121.2 70.6 73.5 54.9 45.9 31.7 25.5 36.2 29.2 24.8 24.4 20.0 20.9
-999.0 -999.0 -999.0 -999.0 -999.0 -999.0 -999.0 -999.0 -999.0 -999.0 -999.0 -999.0 -999.0 -999.0 -999.0 -999.0 -999.0 -999.0 -999.0 -999.0 -999.0 -999.0 -999.0 -999.0 -999.0 -999.0 -999.0 -999.0 -999.0 -999.0 -999.0 -999.0 -999.0 -999.0 -999.0 -999.0 -999.0 -999.0 -999.0 -999.0 -999.0 -999.0 -999.0 -999.0 75.0 111.1 141.8 145.1 138.2 140.9 151.5 136.4 139.3 147.1 139.5 172.8 132.8 147.1 142.7 143.4 144.3 129.7 77.4 72.2 68.5 65.9 45.0 43.6 31.6 30.3 35.7 39.1 25.6 20.3 22.0 21.3
