GSP_annual_reports_PET_2024_v1/GIS/PET_2022_Spring_Shallow.tif
NCOLS 191
NROWS  209
XLLCORNER 6295515.91401
YLLCORNER 1783415.49397
CELLSIZE 1000.0
NODATA_VALUE -999
[rows 0 to 33 of 209, columns 0 to 75 of 191]
-999.0 -999.0 -999.0 -999.0 -999.0 -999.0 -999.0 -999.0 -999.0 -999.0 -999.0 -999.0 -999.0 -999.0 -999.0 -999.0 -999.0 -999.0 -999.0 -999.0 -999.0 -999.0 -999.0 -999.0 92.0 92.2 126.4 213.0 243.4 120.2 78.5 90.7 125.1 218.1 -999.0 -999.0 -999.0 -999.0 -999.0 -999.0 -999.0 -999.0 -999.0 -999.0 -999.0 -999.0 -999.0 -999.0 -999.0 -999.0 -999.0 -999.0 -999.0 -999.0 -999.0 -999.0 -999.0 -999.0 -999.0 -999.0 -999.0 -999.0 -999.0 -999.0 -999.0 -999.0 -999.0 -999.0 -999.0 -999.0 -999.0 -999.0 -999.0 -999.0 -999.0 -999.0
-999.0 -999.0 -999.0 -999.0 -999.0 -999.0 -999.0 -999.0 -999.0 -999.0 -999.0 -999.0 -999.0 -999.0 -999.0 -999.0 -999.0 -999.0 -999.0 -999.0 -999.0 -999.0 210.3 61.9 110.2 152.6 151.9 221.6 218.3 260.3 93.8 99.2 89.2 115.9 182.7 280.9 399.5 399.1 -999.0 -999.0 -999.0 -999.0 -999.0 -999.0 -999.0 -999.0 -999.0 -999.0 -999.0 -999.0 -999.0 -999.0 -999.0 -999.0 -999.0 -999.0 -999.0 -999.0 -999.0 -999.0 -999.0 -999.0 -999.0 -999.0 -999.0 -999.0 -999.0 -999.0 -999.0 -999.0 -999.0 -999.0 -999.0 -999.0 -999.0 -999.0
-999.0 -999.0 -999.0 -999.0 -999.0 -999.0 -999.0 -999.0 -999.0 -999.0 -999.0 -999.0 -999.0 -999.0 -999.0 -999.0 -999.0 -999.0 -999.0 -999.0 112.4 236.0 297.1 222.0 126.0 90.0 64.7 75.6 57.7 122.9 220.3 164.9 114.1 90.9 173.3 309.0 399.1 406.1 399.0 305.2 198.8 100.1 -999.0 -999.0 -999.0 -999.0 -999.0 -999.0 -999.0 -999.0 -999.0 -999.0 -999.0 -999.0 -999.0 -999.0 -999.0 -999.0 -999.0 -999.0 -999.0 -999.0 -999.0 -999.0 -999.0 -999.0 -999.0 -999.0 -999.0 -999.0 -999.0 -999.0 -999.0 -999.0 -999.0 -999.0
-999.0 -999.0 -999.0 -999.0 -999.0 -999.0 -999.0 -999.0 -999.0 -999.0 -999.0 -999.0 -999.0 -999.0 -999.0 -999.0 -999.0 -999.0 -999.0 117.5 118.3 169.6 277.4 334.7 401.3 401.3 401.3 221.9 216.3 81.6 129.3 359.1 265.3 185.3 92.7 181.0 309.1 406.3 399.0 247.9 192.8 109.1 182.5 185.8 -999.0 -999.0 -999.0 -999.0 -999.0 -999.0 -999.0 -999.0 -999.0 -999.0 -999.0 -999.0 -999.0 -999.0 -999.0 -999.0 -999.0 -999.0 -999.0 -999.0 -999.0 -999.0 -999.0 -999.0 -999.0 -999.0 -999.0 -999.0 -999.0 -999.0 -999.0 -999.0
-999.0 -999.0 -999.0 -999.0 -999.0 -999.0 -999.0 -999.0 -999.0 -999.0 -999.0 -999.0 -999.0 -999.0 -999.0 -999.0 -999.0 -999.0 101.3 120.7 103.7 160.4 174.8 224.7 397.7 401.3 401.3 401.3 353.1 57.4 212.0 401.4 399.9 258.8 177.0 91.1 220.8 390.4 399.0 382.9 239.4 114.2 111.5 232.2 108.4 132.9 -999.0 -999.0 -999.0 -999.0 -999.0 -999.0 -999.0 -999.0 -999.0 -999.0 -999.0 -999.0 -999.0 -999.0 -999.0 -999.0 -999.0 -999.0 -999.0 -999.0 -999.0 -999.0 -999.0 -999.0 -999.0 -999.0 -999.0 -999.0 -999.0 -999.0
-999.0 -999.0 -999.0 -999.0 -999.0 -999.0 -999.0 -999.0 -999.0 -999.0 -999.0 -999.0 -999.0 -999.0 -999.0 -999.0 -999.0 -999.0 90.7 96.0 104.4 125.6 164.8 177.8 218.6 217.2 300.3 179.0 124.7 216.3 336.2 401.3 401.4 399.4 399.4 217.7 117.6 248.0 414.2 399.0 235.2 126.7 112.6 157.0 169.1 115.1 155.9 148.3 -999.0 -999.0 -999.0 -999.0 -999.0 -999.0 -999.0 -999.0 -999.0 -999.0 -999.0 -999.0 -999.0 -999.0 -999.0 -999.0 -999.0 -999.0 -999.0 -999.0 -999.0 -999.0 -999.0 -999.0 -999.0 -999.0 -999.0 -999.0
-999.0 -999.0 -999.0 -999.0 -999.0 -999.0 -999.0 -999.0 -999.0 -999.0 -999.0 -999.0 -999.0 -999.0 -999.0 -999.0 -999.0 84.0 89.2 89.6 91.6 96.8 86.7 89.2 144.1 82.9 77.4 113.9 88.8 121.9 333.3 401.3 401.3 399.9 399.2 399.4 150.0 217.0 290.7 401.6 221.3 122.4 114.7 103.3 113.7 108.6 155.0 119.1 115.5 -999.0 -999.0 -999.0 -999.0 -999.0 -999.0 -999.0 -999.0 -999.0 -999.0 -999.0 -999.0 -999.0 -999.0 -999.0 -999.0 -999.0 -999.0 -999.0 -999.0 -999.0 -999.0 -999.0 -999.0 -999.0 -999.0 -999.0
-999.0 -999.0 -999.0 -999.0 -999.0 -999.0 -999.0 -999.0 -999.0 -999.0 -999.0 -999.0 -999.0 -999.0 -999.0 -999.0 76.3 79.8 89.5 91.3 76.4 80.4 75.0 88.8 57.2 87.9 143.9 214.9 237.1 192.2 397.7 401.3 401.3 401.4 399.7 368.4 217.5 102.9 180.6 272.3 346.8 201.1 123.5 137.0 133.7 131.8 110.1 149.3 203.3 230.6 -999.0 -999.0 -999.0 -999.0 -999.0 -999.0 -999.0 -999.0 -999.0 -999.0 -999.0 -999.0 -999.0 -999.0 -999.0 -999.0 -999.0 -999.0 -999.0 -999.0 -999.0 -999.0 -999.0 -999.0 -999.0 -999.0
-999.0 -999.0 -999.0 -999.0 -999.0 -999.0 -999.0 -999.0 -999.0 -999.0 -999.0 -999.0 -999.0 -999.0 -999.0 76.8 64.2 63.3 77.7 85.7 54.8 75.3 83.0 54.6 93.3 223.8 228.0 290.0 401.2 372.2 313.4 353.1 400.3 401.3 399.9 399.4 311.3 116.4 124.9 161.8 243.4 144.9 131.5 226.5 193.4 182.5 268.3 232.4 128.0 184.5 -999.0 -999.0 -999.0 -999.0 -999.0 -999.0 -999.0 -999.0 401.0 400.6 400.5 400.3 398.8 397.7 405.0 331.7 401.3 262.3 255.3 -999.0 -999.0 -999.0 -999.0 -999.0 -999.0 -999.0
-999.0 -999.0 -999.0 -999.0 -999.0 -999.0 -999.0 -999.0 -999.0 -999.0 -999.0 -999.0 -999.0 -999.0 -999.0 77.4 75.2 75.0 75.7 77.5 55.6 86.2 79.0 80.3 79.7 93.3 269.9 349.5 407.7 402.4 401.3 401.3 401.3 401.3 405.5 399.9 296.7 147.1 113.3 92.2 122.3 134.7 184.0 150.9 219.3 236.5 232.1 297.3 230.7 200.5 228.1 -999.0 -999.0 -999.0 -999.0 401.5 412.8 412.8 400.9 400.5 400.5 400.3 397.7 397.7 395.6 396.4 401.3 400.4 401.8 304.1 405.9 -999.0 -999.0 -999.0 -999.0 -999.0
-999.0 -999.0 -999.0 -999.0 -999.0 -999.0 -999.0 -999.0 -999.0 -999.0 -999.0 -999.0 -999.0 -999.0 56.1 75.6 75.3 75.6 75.0 74.3 53.0 77.5 77.2 77.5 76.2 76.5 172.4 304.4 413.7 417.5 408.3 408.5 408.3 401.2 400.3 399.9 390.8 220.2 235.1 275.8 298.6 309.1 191.8 114.4 163.1 229.0 269.4 315.1 303.6 242.7 228.6 308.1 -999.0 316.2 391.5 335.2 389.3 416.8 412.7 400.4 400.5 400.3 397.7 394.5 395.6 396.4 401.3 400.4 401.8 346.8 405.9 408.1 -999.0 -999.0 -999.0 -999.0
-999.0 -999.0 -999.0 -999.0 -999.0 -999.0 -999.0 -999.0 -999.0 -999.0 -999.0 -999.0 -999.0 -999.0 76.7 61.3 74.5 75.7 74.2 75.1 82.0 75.0 77.5 75.0 72.3 69.5 115.0 227.9 318.0 413.7 413.7 410.4 401.3 401.3 401.3 399.9 399.2 399.4 399.1 406.3 406.1 398.1 305.2 155.1 218.6 199.8 306.2 230.1 303.4 226.7 244.5 234.9 229.5 364.3 317.9 412.8 379.7 412.8 412.7 400.6 400.5 400.3 398.8 394.5 395.6 396.4 401.3 409.0 401.8 405.9 406.4 406.1 406.1 -999.0 -999.0 -999.0
-999.0 -999.0 -999.0 -999.0 -999.0 -999.0 -999.0 -999.0 -999.0 -999.0 -999.0 -999.0 -999.0 -999.0 75.1 75.6 55.7 75.3 74.1 74.0 61.3 74.8 75.0 68.5 66.2 103.2 219.0 161.2 238.7 364.5 419.0 412.8 413.6 400.9 401.2 398.9 399.2 404.7 406.1 399.0 381.9 324.9 220.4 218.6 121.2 201.7 190.2 316.7 297.3 357.6 233.2 227.7 229.1 277.4 316.1 412.8 412.8 412.8 413.5 413.2 400.3 400.3 398.8 403.0 395.6 399.6 401.3 398.3 401.8 405.9 413.1 406.1 406.1 404.7 -999.0 -999.0
-999.0 -999.0 -999.0 -999.0 -999.0 -999.0 -999.0 -999.0 -999.0 -999.0 -999.0 -999.0 -999.0 -999.0 74.9 75.1 53.1 68.0 70.8 74.1 60.6 67.4 71.0 72.6 54.6 118.3 125.4 130.3 157.8 219.0 244.8 342.1 416.0 414.8 412.8 411.3 403.2 399.4 399.1 406.5 409.4 400.2 346.8 198.9 127.6 132.1 179.7 260.4 230.4 270.3 230.9 228.0 264.9 258.1 298.7 373.4 412.8 412.8 412.7 412.3 417.5 400.3 400.3 398.8 398.8 399.6 402.4 402.8 401.7 415.3 412.1 381.9 413.7 404.5 416.6 404.5
-999.0 -999.0 -999.0 -999.0 -999.0 -999.0 -999.0 -999.0 -999.0 -999.0 -999.0 -999.0 -999.0 -999.0 125.8 74.4 74.1 73.1 73.1 73.9 74.0 64.9 84.5 88.6 87.0 98.0 120.2 109.1 119.3 161.5 312.4 304.3 331.7 323.0 370.2 414.1 412.8 408.9 399.0 399.1 399.0 410.7 399.1 302.5 226.1 181.3 160.8 162.3 232.1 280.5 230.6 258.7 361.2 410.6 318.4 415.0 382.2 412.8 414.7 412.3 412.1 411.9 399.3 400.3 399.9 400.7 403.9 404.3 401.8 405.9 406.1 405.1 413.5 404.3 405.5 405.5
-999.0 -999.0 -999.0 -999.0 -999.0 -999.0 -999.0 -999.0 -999.0 -999.0 -999.0 -999.0 -999.0 -999.0 77.4 75.1 75.4 73.4 73.8 55.0 51.3 66.6 79.5 81.5 87.2 88.1 96.0 123.5 138.3 167.8 225.2 220.6 290.1 233.1 259.0 265.4 410.8 414.0 406.1 292.2 379.7 399.0 357.6 214.4 265.1 295.9 224.5 157.4 240.5 231.4 230.4 318.8 259.2 364.1 339.8 411.3 363.8 412.8 412.7 413.2 412.1 415.1 411.9 400.3 401.4 402.2 403.9 401.8 401.8 406.1 406.1 400.9 416.8 404.3 414.1 414.9
-999.0 -999.0 -999.0 -999.0 -999.0 -999.0 -999.0 -999.0 -999.0 -999.0 -999.0 -999.0 -999.0 -999.0 81.3 78.1 75.1 73.8 67.2 60.4 56.5 66.2 73.6 65.1 89.1 93.1 108.5 102.5 122.1 164.6 195.1 225.3 277.4 221.7 331.7 410.8 406.5 381.9 300.8 229.0 356.2 310.5 343.0 309.8 222.8 399.1 313.5 212.8 232.4 198.4 305.6 236.6 229.0 411.5 410.8 410.8 412.8 412.8 418.9 412.3 412.1 411.9 418.1 400.3 401.4 408.0 403.9 401.8 401.5 406.1 406.1 409.2 382.1 404.9 403.4 403.7
-999.0 -999.0 -999.0 -999.0 -999.0 -999.0 -999.0 -999.0 -999.0 -999.0 -999.0 -999.0 -999.0 -999.0 82.3 77.8 75.7 71.7 68.3 57.2 71.9 57.1 73.9 75.1 85.2 86.2 100.1 110.6 135.4 167.5 156.9 224.1 214.2 326.4 330.2 363.0 285.9 315.6 309.3 220.4 253.9 296.8 399.1 399.1 399.0 390.4 325.0 190.4 203.5 235.7 410.6 342.8 361.2 291.0 410.6 410.8 412.8 412.8 412.7 412.3 412.1 411.9 412.8 411.9 401.7 402.2 406.9 401.7 402.0 406.1 406.1 402.9 407.7 404.5 404.0 405.2
-999.0 -999.0 -999.0 -999.0 -999.0 -999.0 -999.0 -999.0 -999.0 -999.0 -999.0 -999.0 -999.0 -999.0 177.2 79.8 74.0 67.9 52.9 52.8 53.6 60.6 67.2 73.1 63.2 86.6 95.9 116.1 107.3 109.4 186.9 213.1 170.3 221.1 230.9 277.6 315.9 245.2 285.9 223.8 212.8 296.9 411.5 401.3 311.7 365.4 310.8 219.4 219.4 232.2 295.4 379.6 410.6 289.9 410.6 383.6 410.8 412.8 412.7 412.3 412.1 411.9 412.8 411.9 412.2 405.7 403.7 401.7 402.0 406.1 404.6 403.9 402.9 408.3 408.5 406.7
-999.0 -999.0 -999.0 -999.0 -999.0 -999.0 -999.0 -999.0 -999.0 -999.0 -999.0 -999.0 -999.0 -999.0 137.8 102.1 67.3 67.3 52.7 50.7 52.8 56.5 67.2 66.8 78.3 85.0 131.2 135.0 155.7 161.0 125.8 159.4 163.9 176.1 223.6 229.3 230.4 283.5 226.3 198.8 187.5 270.9 364.9 414.0 299.1 363.5 375.4 277.6 316.7 232.9 299.8 410.6 397.2 410.6 316.7 391.3 411.7 411.3 412.7 412.3 412.1 412.8 411.9 412.8 413.0 402.0 403.7 401.5 402.0 406.1 404.6 402.9 403.9 403.4 418.6 404.4
-999.0 -999.0 -999.0 -999.0 -999.0 -999.0 -999.0 -999.0 -999.0 -999.0 -999.0 -999.0 -999.0 -999.0 85.8 84.8 66.5 58.9 67.3 67.3 50.4 55.2 60.1 64.2 68.8 74.9 95.4 105.2 105.0 138.0 161.9 156.9 154.9 171.3 228.9 230.6 224.2 198.4 165.0 185.0 216.9 308.0 412.6 336.6 309.0 358.8 414.2 399.0 328.7 389.3 250.0 410.6 411.5 410.6 391.3 414.0 410.6 410.8 415.4 412.3 412.1 411.9 412.8 411.9 414.9 414.7 404.4 401.9 402.0 406.1 406.1 404.1 403.9 404.5 412.8 405.5
-999.0 -999.0 -999.0 -999.0 -999.0 -999.0 -999.0 -999.0 -999.0 -999.0 -999.0 -999.0 -999.0 -999.0 156.7 124.9 71.1 64.3 65.1 65.4 53.0 53.0 50.7 63.8 70.5 76.5 83.6 92.3 99.9 108.4 111.8 158.0 111.7 155.5 154.8 160.2 200.6 157.5 221.4 232.0 214.5 239.5 317.6 232.8 227.7 280.2 397.8 400.3 405.0 397.3 315.8 410.6 410.6 410.6 410.6 410.6 411.5 410.6 410.7 415.9 412.1 411.9 411.9 411.9 413.0 413.8 415.5 408.4 410.6 406.1 406.1 404.1 413.0 404.5 405.5 405.5
-999.0 -999.0 -999.0 -999.0 -999.0 -999.0 -999.0 -999.0 -999.0 -999.0 -999.0 -999.0 -999.0 -999.0 202.0 180.0 162.4 92.8 65.4 50.3 44.7 53.0 53.4 65.1 66.6 75.1 107.9 86.6 97.2 101.2 106.0 113.1 113.2 116.8 160.4 172.3 188.3 144.3 229.8 233.2 237.7 198.0 233.5 249.1 251.9 331.3 293.2 318.8 415.5 411.4 410.6 410.6 410.6 410.6 411.5 410.6 410.6 416.8 410.5 410.3 412.1 411.9 411.9 411.9 413.0 413.8 415.5 402.0 402.0 405.1 414.5 406.1 404.1 404.7 415.0 405.5
-999.0 -999.0 -999.0 -999.0 -999.0 -999.0 -999.0 -999.0 -999.0 -999.0 -999.0 -999.0 -999.0 -999.0 172.8 171.1 165.7 99.0 89.0 62.1 64.1 61.2 43.5 64.1 67.4 75.8 113.2 89.1 97.4 103.2 105.9 105.7 114.5 119.2 115.6 137.0 117.1 169.9 205.4 270.4 297.2 295.6 239.2 249.3 253.6 262.8 377.5 417.3 407.3 412.4 416.7 410.5 410.6 410.6 410.6 410.6 410.6 410.6 412.2 410.1 411.0 411.9 413.9 411.9 413.0 413.8 415.5 401.9 408.4 411.4 415.5 406.1 406.1 405.6 407.7 406.7
-999.0 -999.0 -999.0 -999.0 -999.0 -999.0 -999.0 -999.0 -999.0 -999.0 -999.0 -999.0 -999.0 -999.0 184.6 188.2 103.9 99.6 86.4 65.0 48.4 63.3 51.7 62.2 81.0 92.2 113.4 103.1 100.8 101.0 107.3 105.1 106.0 110.4 121.1 120.3 136.5 156.4 184.0 237.9 208.5 316.2 247.9 247.8 250.7 247.1 314.7 339.2 412.3 417.6 411.4 412.4 410.5 410.6 415.8 410.6 410.6 410.6 416.7 410.1 410.1 409.9 411.9 411.9 415.6 414.7 404.1 401.9 402.0 405.1 406.1 406.1 417.1 406.7 407.7 407.7
-999.0 -999.0 -999.0 -999.0 -999.0 -999.0 -999.0 -999.0 -999.0 -999.0 -999.0 -999.0 -999.0 -999.0 122.2 117.3 95.7 69.4 55.5 65.6 53.7 58.4 52.3 63.9 77.7 108.4 111.4 99.8 99.1 99.5 99.1 97.0 103.8 105.8 109.0 113.0 122.4 113.2 146.5 162.5 184.8 258.9 379.2 241.8 246.5 251.3 229.7 272.4 299.8 315.0 398.0 398.9 399.9 398.0 398.0 410.6 413.9 401.3 410.5 410.1 409.9 409.9 409.9 411.9 413.9 414.7 416.7 402.0 401.0 404.9 405.9 408.1 406.1 406.7 407.7 407.7
-999.0 -999.0 -999.0 -999.0 -999.0 -999.0 -999.0 -999.0 -999.0 -999.0 -999.0 -999.0 -999.0 -999.0 118.6 118.7 77.5 63.6 58.2 58.6 62.4 54.9 63.6 64.0 145.2 114.7 114.2 97.8 96.0 98.6 95.4 101.4 102.8 102.4 107.7 106.8 109.6 120.8 112.8 132.5 177.0 234.5 376.9 247.3 227.8 310.9 376.9 388.5 367.8 411.4 398.9 398.7 398.9 399.9 397.9 407.1 412.6 410.6 412.6 415.5 412.1 409.7 410.8 418.2 413.9 414.7 413.9 402.0 408.4 405.9 404.9 405.9 404.9 405.9 407.5 407.5
-999.0 -999.0 -999.0 -999.0 -999.0 -999.0 -999.0 -999.0 -999.0 -999.0 -999.0 -999.0 -999.0 -999.0 185.4 112.5 111.7 100.4 61.9 54.3 55.1 63.1 53.6 60.1 168.7 166.6 116.6 97.7 99.2 98.2 98.8 99.3 101.3 100.7 103.9 105.4 102.8 109.2 123.8 121.4 138.6 166.7 233.5 312.6 237.0 237.9 297.7 308.9 380.6 311.5 411.4 365.4 397.8 398.9 399.9 400.4 399.1 392.9 410.5 410.1 415.0 409.7 411.2 409.9 413.0 413.8 407.1 401.9 401.9 404.9 405.9 405.9 404.9 406.5 407.5 407.5
-999.0 -999.0 -999.0 -999.0 -999.0 -999.0 -999.0 -999.0 -999.0 -999.0 -999.0 -999.0 -999.0 -999.0 215.6 153.9 134.3 102.1 94.9 53.3 55.1 41.2 43.8 64.4 71.0 133.0 107.4 94.1 99.9 94.2 90.0 93.9 100.2 103.4 90.0 104.7 101.8 103.9 111.6 121.2 112.7 153.1 164.8 233.9 335.6 187.6 231.7 303.4 235.5 236.3 312.4 399.6 398.9 400.0 398.7 404.9 398.0 402.6 345.4 398.6 405.6 399.4 396.4 410.8 406.2 384.8 404.1 401.9 402.0 410.0 406.8 404.9 404.9 405.9 407.5 407.5
-999.0 -999.0 -999.0 -999.0 -999.0 -999.0 -999.0 -999.0 -999.0 -999.0 -999.0 -999.0 -999.0 -999.0 216.6 194.1 135.2 102.3 93.2 54.9 50.9 42.6 54.9 64.1 166.0 119.3 123.4 96.4 90.5 97.2 90.8 94.4 94.2 98.1 96.7 98.5 103.0 99.6 104.8 111.5 124.8 116.9 137.5 156.3 244.7 164.0 238.1 228.6 234.0 310.7 409.5 407.8 398.9 405.8 403.1 403.7 400.4 399.1 399.0 337.2 330.9 398.3 399.9 367.3 373.0 366.0 404.1 401.9 402.0 406.1 404.9 403.9 405.9 405.5 409.9 407.5
-999.0 -999.0 -999.0 -999.0 -999.0 -999.0 -999.0 -999.0 -999.0 -999.0 -999.0 -999.0 -999.0 -999.0 174.3 185.3 150.9 100.6 90.3 71.4 55.1 53.8 46.3 58.9 124.8 178.9 118.3 97.3 89.7 100.4 82.4 92.6 93.3 93.6 84.4 92.4 96.7 103.4 104.0 106.6 121.4 122.8 121.3 119.8 135.1 161.9 197.7 187.9 239.6 252.0 297.4 407.8 408.7 398.9 403.1 402.3 397.8 398.0 399.0 398.6 398.5 398.1 398.3 342.3 343.5 366.4 372.3 378.4 402.0 405.1 405.9 404.9 404.9 411.8 407.5 418.6
-999.0 -999.0 -999.0 -999.0 -999.0 -999.0 -999.0 -999.0 -999.0 -999.0 -999.0 -999.0 -999.0 -999.0 210.4 121.3 132.7 100.8 67.6 56.4 59.9 46.3 47.3 47.7 127.5 127.3 104.9 101.8 87.5 90.7 84.1 94.7 91.1 92.1 90.0 89.9 97.1 104.0 103.3 104.4 112.7 121.1 123.6 116.8 156.6 304.1 310.9 304.1 301.9 338.4 284.5 408.7 408.7 411.4 412.3 401.8 395.5 402.2 399.0 398.6 398.5 398.3 398.3 398.8 399.6 402.4 404.1 401.9 402.0 406.1 405.9 405.9 405.9 405.5 407.5 418.6
-999.0 -999.0 -999.0 -999.0 -999.0 -999.0 -999.0 -999.0 -999.0 -999.0 -999.0 -999.0 -999.0 -999.0 135.4 206.1 118.8 70.2 65.4 56.3 52.5 48.2 47.7 58.7 123.8 126.3 107.8 113.2 80.1 89.8 89.5 90.8 84.4 87.0 81.5 88.4 95.1 99.8 100.0 105.2 109.2 117.0 124.7 121.7 111.9 221.7 311.7 407.8 407.8 318.4 311.4 407.8 388.5 407.8 412.3 398.7 397.8 409.4 407.3 398.6 398.5 398.3 398.3 398.5 398.6 402.4 406.7 402.0 402.0 406.1 406.1 405.9 405.9 405.5 406.5 407.5
-999.0 -999.0 -999.0 -999.0 -999.0 -999.0 -999.0 -999.0 -999.0 -999.0 -999.0 -999.0 -999.0 176.2 166.7 123.7 117.8 84.7 60.0 56.7 57.5 42.1 56.5 55.4 85.6 138.9 127.3 92.7 79.8 74.8 89.5 88.5 77.0 69.3 74.3 89.7 89.7 95.0 105.2 101.5 106.8 113.3 113.7 121.2 125.5 157.8 233.6 234.1 407.8 298.7 312.9 258.9 298.7 344.3 412.3 411.3 397.8 397.9 399.0 308.5 398.5 398.3 398.1 398.5 399.5 400.8 403.9 402.0 402.0 411.4 406.1 406.1 412.1 406.5 407.5 418.6
