GSP_annual_reports_PET_2024_v1/GIS/PET_2023_Spring_Deep.tif
NCOLS 191
NROWS  209
XLLCORNER 6295515.91401
YLLCORNER 1783415.49397
CELLSIZE 1000.0
NODATA_VALUE -999
[rows 0 to 32 of 209, columns 0 to 75 of 191]
-999.0 -999.0 -999.0 -999.0 -999.0 -999.0 -999.0 -999.0 -999.0 -999.0 -999.0 -999.0 -999.0 -999.0 -999.0 -999.0 -999.0 -999.0 -999.0 -999.0 -999.0 -999.0 -999.0 -999.0 94.7 95.9 124.6 203.8 230.1 117.5 82.9 96.7 122.3 207.2 -999.0 -999.0 -999.0 -999.0 -999.0 -999.0 -999.0 -999.0 -999.0 -999.0 -999.0 -999.0 -999.0 -999.0 -999.0 -999.0 -999.0 -999.0 -999.0 -999.0 -999.0 -999.0 -999.0 -999.0 -999.0 -999.0 -999.0 -999.0 -999.0 -999.0 -999.0 -999.0 -999.0 -999.0 -999.0 -999.0 -999.0 -999.0 -999.0 -999.0 -999.0 -999.0
-999.0 -999.0 -999.0 -999.0 -999.0 -999.0 -999.0 -999.0 -999.0 -999.0 -999.0 -999.0 -999.0 -999.0 -999.0 -999.0 -999.0 -999.0 -999.0 -999.0 -999.0 -999.0 201.8 68.4 108.9 149.6 148.7 208.6 204.4 241.1 96.5 102.8 92.3 113.0 177.7 247.1 380.5 380.3 -999.0 -999.0 -999.0 -999.0 -999.0 -999.0 -999.0 -999.0 -999.0 -999.0 -999.0 -999.0 -999.0 -999.0 -999.0 -999.0 -999.0 -999.0 -999.0 -999.0 -999.0 -999.0 -999.0 -999.0 -999.0 -999.0 -999.0 -999.0 -999.0 -999.0 -999.0 -999.0 -999.0 -999.0 -999.0 -999.0 -999.0 -999.0
-999.0 -999.0 -999.0 -999.0 -999.0 -999.0 -999.0 -999.0 -999.0 -999.0 -999.0 -999.0 -999.0 -999.0 -999.0 -999.0 -999.0 -999.0 -999.0 -999.0 110.2 228.4 255.4 210.0 124.3 89.2 69.4 79.8 64.4 121.2 208.6 160.6 113.0 96.7 168.8 265.1 380.3 388.7 380.1 263.2 190.7 106.1 -999.0 -999.0 -999.0 -999.0 -999.0 -999.0 -999.0 -999.0 -999.0 -999.0 -999.0 -999.0 -999.0 -999.0 -999.0 -999.0 -999.0 -999.0 -999.0 -999.0 -999.0 -999.0 -999.0 -999.0 -999.0 -999.0 -999.0 -999.0 -999.0 -999.0 -999.0 -999.0 -999.0 -999.0
-999.0 -999.0 -999.0 -999.0 -999.0 -999.0 -999.0 -999.0 -999.0 -999.0 -999.0 -999.0 -999.0 -999.0 -999.0 -999.0 -999.0 -999.0 -999.0 117.7 118.0 162.4 245.6 295.1 382.7 382.7 382.7 209.9 204.6 86.1 126.6 329.7 238.8 180.2 95.6 177.1 265.1 388.7 380.1 225.3 186.7 108.9 177.0 180.1 -999.0 -999.0 -999.0 -999.0 -999.0 -999.0 -999.0 -999.0 -999.0 -999.0 -999.0 -999.0 -999.0 -999.0 -999.0 -999.0 -999.0 -999.0 -999.0 -999.0 -999.0 -999.0 -999.0 -999.0 -999.0 -999.0 -999.0 -999.0 -999.0 -999.0 -999.0 -999.0
-999.0 -999.0 -999.0 -999.0 -999.0 -999.0 -999.0 -999.0 -999.0 -999.0 -999.0 -999.0 -999.0 -999.0 -999.0 -999.0 -999.0 -999.0 104.5 118.7 107.3 155.2 171.8 209.4 375.5 382.7 382.7 382.7 320.1 64.7 202.5 382.7 380.5 234.9 173.3 93.5 207.6 367.4 380.1 356.9 217.9 110.7 108.4 217.2 109.6 129.6 -999.0 -999.0 -999.0 -999.0 -999.0 -999.0 -999.0 -999.0 -999.0 -999.0 -999.0 -999.0 -999.0 -999.0 -999.0 -999.0 -999.0 -999.0 -999.0 -999.0 -999.0 -999.0 -999.0 -999.0 -999.0 -999.0 -999.0 -999.0 -999.0 -999.0
-999.0 -999.0 -999.0 -999.0 -999.0 -999.0 -999.0 -999.0 -999.0 -999.0 -999.0 -999.0 -999.0 -999.0 -999.0 -999.0 -999.0 -999.0 93.1 98.1 107.7 122.3 160.6 170.4 205.0 206.8 260.7 175.5 122.8 204.6 297.8 382.7 382.7 380.4 380.4 205.4 113.8 225.4 401.1 380.1 217.4 124.4 110.7 153.0 164.5 112.4 150.6 144.2 -999.0 -999.0 -999.0 -999.0 -999.0 -999.0 -999.0 -999.0 -999.0 -999.0 -999.0 -999.0 -999.0 -999.0 -999.0 -999.0 -999.0 -999.0 -999.0 -999.0 -999.0 -999.0 -999.0 -999.0 -999.0 -999.0 -999.0 -999.0
-999.0 -999.0 -999.0 -999.0 -999.0 -999.0 -999.0 -999.0 -999.0 -999.0 -999.0 -999.0 -999.0 -999.0 -999.0 -999.0 -999.0 87.8 91.4 92.1 94.0 101.8 92.3 92.9 140.6 87.3 81.6 111.5 91.8 119.5 292.9 382.7 382.7 380.5 380.3 380.4 147.5 206.9 251.3 389.7 208.0 120.5 111.1 109.7 113.9 109.9 151.8 114.6 113.1 -999.0 -999.0 -999.0 -999.0 -999.0 -999.0 -999.0 -999.0 -999.0 -999.0 -999.0 -999.0 -999.0 -999.0 -999.0 -999.0 -999.0 -999.0 -999.0 -999.0 -999.0 -999.0 -999.0 -999.0 -999.0 -999.0 -999.0
-999.0 -999.0 -999.0 -999.0 -999.0 -999.0 -999.0 -999.0 -999.0 -999.0 -999.0 -999.0 -999.0 -999.0 -999.0 -999.0 80.0 84.3 91.5 93.7 81.7 84.9 78.1 93.3 63.2 92.7 141.7 201.5 216.5 186.3 375.5 382.7 382.7 382.7 380.3 340.8 205.6 105.1 176.5 243.2 311.2 193.1 121.8 134.1 129.6 128.2 109.3 145.3 195.3 215.6 -999.0 -999.0 -999.0 -999.0 -999.0 -999.0 -999.0 -999.0 -999.0 -999.0 -999.0 -999.0 -999.0 -999.0 -999.0 -999.0 -999.0 -999.0 -999.0 -999.0 -999.0 -999.0 -999.0 -999.0 -999.0 -999.0
-999.0 -999.0 -999.0 -999.0 -999.0 -999.0 -999.0 -999.0 -999.0 -999.0 -999.0 -999.0 -999.0 -999.0 -999.0 80.5 69.2 69.1 81.9 89.8 61.6 79.4 87.2 61.9 98.5 211.8 213.6 253.9 382.5 347.2 269.2 320.1 381.6 382.7 380.5 380.4 267.7 112.6 122.8 158.0 221.9 142.5 130.2 216.0 185.3 174.4 242.6 218.1 126.1 179.3 -999.0 -999.0 -999.0 -999.0 -999.0 -999.0 -999.0 -999.0 382.5 381.9 381.7 381.5 380.1 378.9 387.5 293.6 382.2 239.6 231.4 -999.0 -999.0 -999.0 -999.0 -999.0 -999.0 -999.0
-999.0 -999.0 -999.0 -999.0 -999.0 -999.0 -999.0 -999.0 -999.0 -999.0 -999.0 -999.0 -999.0 -999.0 -999.0 81.0 79.1 78.8 79.6 80.7 62.8 90.8 83.0 84.7 83.8 97.9 243.2 311.1 395.6 383.6 382.7 382.7 382.7 382.7 388.2 380.5 256.7 144.8 109.4 95.0 118.8 132.3 178.6 148.2 211.6 224.8 217.1 256.6 215.9 192.3 217.5 -999.0 -999.0 -999.0 -999.0 376.0 392.9 393.0 382.3 381.7 381.7 381.5 378.9 378.9 376.9 377.7 382.2 381.7 383.2 272.8 387.1 -999.0 -999.0 -999.0 -999.0 -999.0
-999.0 -999.0 -999.0 -999.0 -999.0 -999.0 -999.0 -999.0 -999.0 -999.0 -999.0 -999.0 -999.0 -999.0 63.4 79.8 79.2 79.9 78.8 78.2 55.4 80.8 80.5 80.7 80.2 80.2 165.0 263.2 393.8 399.5 391.1 391.1 391.1 382.5 381.6 380.5 367.7 207.3 217.3 244.8 258.3 264.1 185.7 115.1 157.3 216.4 243.1 269.7 262.2 224.2 217.7 274.2 -999.0 271.3 364.2 293.5 362.6 399.2 392.9 381.1 381.7 381.5 378.9 376.1 376.9 377.7 382.2 381.7 383.2 310.5 387.1 391.7 -999.0 -999.0 -999.0 -999.0
-999.0 -999.0 -999.0 -999.0 -999.0 -999.0 -999.0 -999.0 -999.0 -999.0 -999.0 -999.0 -999.0 -999.0 80.4 68.7 78.5 80.0 79.3 78.9 83.1 78.8 80.7 78.8 78.0 76.1 113.3 213.9 274.1 393.8 393.8 395.5 382.7 382.7 382.7 380.5 380.3 380.4 380.3 388.7 388.7 379.2 262.5 151.5 206.6 194.1 263.7 215.8 260.9 215.1 235.5 221.7 216.0 329.7 272.0 392.9 351.4 393.0 392.9 381.9 381.7 381.5 380.1 376.1 376.9 377.7 382.2 395.3 383.2 387.1 387.4 387.2 387.2 -999.0 -999.0 -999.0
-999.0 -999.0 -999.0 -999.0 -999.0 -999.0 -999.0 -999.0 -999.0 -999.0 -999.0 -999.0 -999.0 -999.0 78.9 79.8 62.4 79.5 78.8 78.0 66.8 79.3 78.8 74.2 72.0 106.3 211.3 155.8 223.7 329.9 401.6 392.9 393.1 381.6 382.5 379.4 380.3 386.9 388.7 380.1 355.9 283.7 207.5 206.3 119.1 193.8 183.1 270.3 256.6 320.4 219.1 214.2 214.5 255.2 270.2 392.9 392.9 393.0 393.8 393.2 381.6 381.5 380.1 388.2 376.9 380.6 382.2 387.5 383.2 387.1 399.2 387.2 387.2 385.6 -999.0 -999.0
-999.0 -999.0 -999.0 -999.0 -999.0 -999.0 -999.0 -999.0 -999.0 -999.0 -999.0 -999.0 -999.0 -999.0 78.4 78.9 61.4 74.2 76.7 78.8 66.7 72.7 76.9 76.8 61.5 117.8 123.1 128.1 154.6 207.8 224.5 301.4 400.7 394.9 392.9 390.7 386.0 380.4 380.3 388.9 395.0 381.2 311.2 192.4 124.5 128.7 172.2 236.1 215.6 244.0 218.1 213.5 240.1 232.7 270.2 343.7 392.9 393.0 392.9 392.3 402.3 381.5 381.5 380.1 379.8 380.6 383.4 392.1 383.0 401.0 395.2 357.9 398.8 385.4 406.3 388.3
-999.0 -999.0 -999.0 -999.0 -999.0 -999.0 -999.0 -999.0 -999.0 -999.0 -999.0 -999.0 -999.0 -999.0 123.3 78.9 79.2 78.7 78.4 78.6 78.8 70.6 88.5 92.8 91.0 97.0 120.2 109.9 115.2 158.3 269.4 262.0 289.7 277.7 339.2 395.8 392.6 393.7 380.1 380.3 380.1 399.0 380.3 261.3 210.5 176.4 155.1 156.1 217.1 249.1 215.9 234.3 326.0 390.5 279.9 397.5 354.2 393.0 394.8 392.3 392.2 392.0 380.5 381.5 381.0 381.8 384.8 388.1 383.2 387.1 387.2 386.2 399.8 392.8 389.4 389.4
-999.0 -999.0 -999.0 -999.0 -999.0 -999.0 -999.0 -999.0 -999.0 -999.0 -999.0 -999.0 -999.0 -999.0 82.4 78.9 79.6 79.0 79.0 62.4 60.5 72.2 83.9 85.7 92.1 92.3 100.5 121.9 133.9 162.8 213.1 209.6 253.4 214.9 235.3 240.9 390.7 394.8 388.7 252.9 353.6 380.1 325.6 204.5 238.6 255.6 212.6 153.6 228.7 217.3 216.0 284.6 234.9 329.5 299.0 390.7 333.7 393.0 392.9 393.2 392.2 399.6 392.0 381.5 382.4 383.2 384.8 383.2 383.2 387.2 387.2 380.1 404.3 392.8 401.8 402.7
-999.0 -999.0 -999.0 -999.0 -999.0 -999.0 -999.0 -999.0 -999.0 -999.0 -999.0 -999.0 -999.0 -999.0 85.3 83.2 78.9 79.0 72.9 66.8 63.3 70.8 79.1 69.9 93.5 97.8 110.1 102.4 120.2 158.8 186.8 213.1 247.7 210.4 289.7 390.7 382.2 354.6 259.3 213.3 319.3 267.4 306.2 263.2 209.5 380.3 266.8 203.7 218.9 191.2 263.1 225.2 214.9 391.4 390.7 390.7 392.9 393.0 401.6 392.3 392.2 392.0 400.6 381.5 382.4 390.4 384.8 383.2 383.3 387.2 387.2 392.3 356.5 391.6 387.3 389.3
-999.0 -999.0 -999.0 -999.0 -999.0 -999.0 -999.0 -999.0 -999.0 -999.0 -999.0 -999.0 -999.0 -999.0 84.7 81.0 79.7 77.5 73.5 63.8 77.7 63.4 78.7 79.4 89.0 90.9 104.2 109.4 131.4 162.2 153.2 212.2 203.4 283.9 287.5 327.7 251.7 270.2 277.1 210.3 231.3 256.0 380.3 380.3 380.1 367.4 283.9 184.3 195.9 217.3 390.5 302.3 326.0 254.0 390.5 390.7 393.0 393.0 392.9 392.3 392.2 392.0 392.9 392.0 382.5 383.2 389.6 383.0 383.3 387.2 387.2 383.8 396.4 385.4 387.9 389.7
-999.0 -999.0 -999.0 -999.0 -999.0 -999.0 -999.0 -999.0 -999.0 -999.0 -999.0 -999.0 -999.0 -999.0 174.2 81.6 79.4 73.4 58.9 58.3 58.8 65.5 72.2 79.1 68.3 90.2 100.4 116.0 105.2 107.7 181.8 204.5 165.7 212.4 218.0 248.4 269.7 224.6 251.7 212.2 203.3 256.9 391.4 388.7 265.5 336.6 266.6 206.7 208.2 217.2 255.6 350.9 390.5 253.3 390.5 356.9 390.7 393.0 392.9 392.3 392.2 392.0 392.9 392.0 399.4 394.0 384.7 383.0 383.3 387.2 385.0 384.8 383.8 397.0 399.3 397.2
-999.0 -999.0 -999.0 -999.0 -999.0 -999.0 -999.0 -999.0 -999.0 -999.0 -999.0 -999.0 -999.0 -999.0 135.0 103.5 72.3 72.3 58.2 57.1 58.3 66.0 72.2 71.8 84.0 89.0 128.0 132.4 150.5 155.6 123.7 154.0 158.4 169.7 214.1 219.0 217.8 250.6 213.9 190.8 179.7 243.9 326.4 394.8 258.7 334.9 349.8 247.9 270.3 218.3 262.9 390.5 370.9 390.5 271.8 364.0 391.6 390.8 392.9 392.3 392.2 392.9 392.0 392.9 392.2 383.0 384.7 383.3 383.3 387.2 385.0 383.8 384.8 384.4 408.3 388.3
-999.0 -999.0 -999.0 -999.0 -999.0 -999.0 -999.0 -999.0 -999.0 -999.0 -999.0 -999.0 -999.0 -999.0 89.5 89.6 72.1 64.7 72.3 72.3 57.4 61.8 65.2 70.9 75.1 78.6 99.8 108.4 109.3 135.4 156.9 153.2 151.9 164.1 214.9 217.1 212.8 191.1 159.9 179.3 205.3 265.5 392.4 294.0 263.7 329.5 401.1 380.1 282.6 362.2 225.3 390.5 391.4 390.5 364.0 394.8 390.5 390.8 398.0 392.3 392.2 392.0 392.9 392.0 400.7 393.9 384.7 383.2 383.3 387.2 387.2 385.0 384.8 385.4 399.5 389.4
-999.0 -999.0 -999.0 -999.0 -999.0 -999.0 -999.0 -999.0 -999.0 -999.0 -999.0 -999.0 -999.0 -999.0 154.8 121.7 77.4 71.1 73.1 71.1 58.2 58.2 58.2 70.8 76.4 80.1 86.4 95.6 103.9 110.1 111.5 153.6 107.5 151.6 150.1 154.7 194.4 151.7 209.8 219.1 203.9 220.6 270.1 217.8 213.3 248.4 378.7 380.1 387.6 372.1 269.4 390.5 390.5 390.5 390.5 390.5 391.4 390.6 390.7 400.3 392.2 392.0 392.0 392.0 392.2 393.0 394.6 391.7 396.5 387.2 387.2 385.0 398.6 385.4 389.4 389.4
-999.0 -999.0 -999.0 -999.0 -999.0 -999.0 -999.0 -999.0 -999.0 -999.0 -999.0 -999.0 -999.0 -999.0 196.8 171.8 157.2 93.9 73.2 58.8 54.8 58.2 61.7 71.7 71.6 78.9 110.2 90.3 98.7 106.8 107.8 113.2 111.4 114.7 156.1 166.6 180.3 140.0 216.2 219.2 221.2 191.8 221.3 241.0 240.3 284.4 252.8 267.9 399.8 391.1 390.5 390.5 390.5 390.5 391.4 390.5 390.5 399.3 390.5 390.1 392.2 392.0 392.0 392.0 392.2 393.0 394.6 383.3 383.3 386.2 400.2 387.2 385.0 385.6 403.5 389.4
-999.0 -999.0 -999.0 -999.0 -999.0 -999.0 -999.0 -999.0 -999.0 -999.0 -999.0 -999.0 -999.0 -999.0 169.7 167.2 161.2 102.8 94.5 69.7 72.2 67.3 53.0 72.1 73.6 80.5 113.1 93.7 102.0 108.3 110.4 107.0 114.2 119.7 114.0 134.5 115.5 163.7 197.3 242.6 257.0 255.4 229.3 239.5 243.0 236.1 347.3 400.4 394.8 392.4 398.9 390.2 390.5 390.5 390.5 390.5 390.5 390.6 400.0 389.9 390.8 392.0 393.9 392.0 392.2 393.0 394.6 383.2 391.7 394.7 401.2 387.2 387.2 386.8 391.8 390.8
-999.0 -999.0 -999.0 -999.0 -999.0 -999.0 -999.0 -999.0 -999.0 -999.0 -999.0 -999.0 -999.0 -999.0 179.5 180.9 108.4 103.1 88.7 72.5 58.3 70.1 58.0 69.8 85.1 91.4 111.2 108.0 105.5 106.3 108.7 110.2 109.9 111.9 122.0 121.1 132.7 152.2 176.7 222.1 198.5 265.2 233.5 239.9 239.3 234.8 263.5 295.8 393.1 400.9 392.2 393.0 390.2 390.5 396.9 390.5 390.5 390.6 399.2 389.9 389.9 389.7 392.0 392.0 395.7 393.9 385.0 383.2 383.3 386.2 387.2 387.2 403.1 387.9 391.8 391.8
-999.0 -999.0 -999.0 -999.0 -999.0 -999.0 -999.0 -999.0 -999.0 -999.0 -999.0 -999.0 -999.0 -999.0 119.2 114.6 100.4 74.6 62.5 72.4 63.3 64.2 58.9 71.7 81.7 109.7 111.4 102.5 103.6 103.4 101.6 100.6 109.2 109.8 109.6 114.6 121.3 108.2 142.7 158.1 177.8 231.8 351.6 229.3 235.7 226.2 213.5 244.5 256.6 263.5 371.9 380.9 381.6 378.9 379.2 390.5 398.2 388.7 390.5 389.9 389.8 389.7 389.7 392.0 393.1 393.9 395.8 383.3 382.3 386.0 387.1 391.7 387.2 387.9 391.8 391.8
-999.0 -999.0 -999.0 -999.0 -999.0 -999.0 -999.0 -999.0 -999.0 -999.0 -999.0 -999.0 -999.0 -999.0 115.7 115.3 82.5 69.2 65.3 67.3 70.6 63.1 71.5 72.0 141.2 113.6 111.7 101.7 100.4 102.5 99.8 105.6 107.8 107.3 111.7 111.7 109.9 115.6 109.1 128.1 169.7 219.6 347.6 225.2 217.0 259.7 347.6 361.5 336.2 392.2 380.9 380.7 380.9 381.6 378.8 392.0 392.4 390.6 395.1 400.0 394.3 389.6 390.6 404.6 393.1 393.9 399.6 383.3 391.7 387.1 386.0 387.1 386.0 387.6 391.6 391.6
-999.0 -999.0 -999.0 -999.0 -999.0 -999.0 -999.0 -999.0 -999.0 -999.0 -999.0 -999.0 -999.0 -999.0 180.3 111.6 110.8 103.3 69.9 64.8 61.8 70.4 63.6 66.7 161.9 159.9 114.4 101.4 103.5 98.5 100.9 100.0 105.3 104.8 110.9 111.8 109.3 112.2 119.4 115.1 136.1 161.3 218.3 262.6 226.7 228.0 252.8 258.8 353.8 261.3 392.2 336.1 379.9 380.9 381.6 382.1 380.3 369.9 390.5 389.9 399.5 389.6 393.3 389.7 392.2 393.0 389.8 383.2 383.2 386.0 387.1 387.1 386.0 387.7 391.6 391.6
-999.0 -999.0 -999.0 -999.0 -999.0 -999.0 -999.0 -999.0 -999.0 -999.0 -999.0 -999.0 -999.0 -999.0 201.8 152.0 132.0 105.7 100.9 57.5 60.3 49.7 51.5 72.1 75.8 130.4 108.7 100.1 105.8 99.6 93.0 99.9 107.1 107.4 94.2 109.4 105.8 112.0 111.7 119.9 109.7 149.5 159.8 217.9 292.2 182.6 215.9 257.0 216.2 218.1 262.4 382.0 380.9 381.8 380.0 387.3 379.2 385.2 305.9 379.7 387.9 380.2 381.1 390.6 388.0 362.9 385.0 383.2 383.3 399.2 389.3 386.0 386.0 387.6 391.6 391.6
-999.0 -999.0 -999.0 -999.0 -999.0 -999.0 -999.0 -999.0 -999.0 -999.0 -999.0 -999.0 -999.0 -999.0 205.6 187.6 133.7 106.8 97.1 66.3 58.2 50.5 60.2 71.7 159.9 116.3 120.7 98.5 95.1 102.6 93.1 97.6 99.9 104.6 103.1 104.3 105.3 100.3 110.6 116.1 122.7 110.5 135.0 152.9 222.2 159.0 225.4 217.4 220.3 260.3 394.9 388.6 380.9 389.4 386.4 386.6 388.2 380.3 380.2 298.2 289.8 379.3 378.3 339.7 344.7 341.7 385.0 383.2 383.3 387.2 386.0 385.0 387.1 386.6 396.2 391.6
-999.0 -999.0 -999.0 -999.0 -999.0 -999.0 -999.0 -999.0 -999.0 -999.0 -999.0 -999.0 -999.0 -999.0 168.8 179.5 146.4 105.3 95.9 77.4 64.5 61.5 57.3 68.3 122.2 171.2 116.1 102.1 92.3 105.6 87.9 97.2 95.9 98.1 88.5 97.1 102.2 106.9 110.3 111.2 120.0 120.3 117.3 115.2 132.3 157.7 191.1 180.8 229.6 226.1 252.8 388.6 389.5 380.9 386.4 385.7 378.0 379.2 380.2 379.7 379.5 379.2 379.3 305.3 306.2 340.6 349.7 352.9 383.3 386.2 387.1 386.0 386.0 395.2 391.6 401.4
-999.0 -999.0 -999.0 -999.0 -999.0 -999.0 -999.0 -999.0 -999.0 -999.0 -999.0 -999.0 -999.0 -999.0 201.7 117.7 130.6 106.2 73.3 59.6 67.0 56.5 57.2 57.7 124.8 125.4 103.7 106.8 93.2 93.1 89.6 98.1 92.7 97.0 95.4 93.4 103.1 106.7 108.2 110.9 113.8 120.0 123.7 112.8 152.7 256.9 260.2 256.9 255.8 296.6 247.6 389.5 389.5 392.2 393.1 389.9 383.1 384.7 380.2 379.7 379.5 379.3 379.3 379.6 380.3 383.4 385.0 383.2 383.3 387.2 387.1 387.1 387.1 386.6 391.6 401.4
-999.0 -999.0 -999.0 -999.0 -999.0 -999.0 -999.0 -999.0 -999.0 -999.0 -999.0 -999.0 -999.0 -999.0 132.9 196.0 115.8 77.0 71.5 67.8 59.8 58.2 57.7 68.4 120.9 123.7 107.6 113.4 84.9 92.8 94.3 95.8 87.6 91.9 85.2 93.0 98.8 105.6 104.1 111.3 114.6 118.1 122.3 119.1 108.3 210.0 260.4 388.6 388.6 277.8 259.9 388.6 361.5 388.6 393.1 380.7 378.7 394.6 391.4 379.7 379.5 379.3 379.3 379.5 379.3 383.4 389.1 383.3 383.3 387.2 387.2 387.1 387.1 386.6 390.6 391.6
