GSP_annual_reports_PET_2024_v1/GIS/PET_2023_Spring_Shallow.tif
NCOLS 191
NROWS  209
XLLCORNER 6295515.91401
YLLCORNER 1783415.49397
CELLSIZE 1000.0
NODATA_VALUE -999
[rows 68 to 101 of 209, columns 0 to 75 of 191]
-999.0 -999.0 -999.0 -999.0 -999.0 -999.0 -999.0 -999.0 -999.0 -999.0 100.5 80.6 110.1 88.7 82.4 76.9 81.2 95.8 172.9 171.5 186.5 157.2 136.5 77.5 52.0 46.2 45.3 45.9 53.1 57.0 53.8 58.8 69.6 77.8 82.3 69.0 60.6 90.7 62.7 61.0 65.6 75.8 70.4 74.4 75.3 79.9 80.6 90.7 85.6 87.9 92.9 89.8 99.0 103.3 101.8 103.4 107.1 109.3 112.8 126.1 123.0 119.2 111.9 118.4 128.8 134.5 149.7 152.7 168.3 166.9 166.4 159.7 163.5 163.4 166.7 170.2
-999.0 -999.0 -999.0 -999.0 -999.0 -999.0 -999.0 -999.0 -999.0 -999.0 89.7 84.2 151.1 114.7 101.1 86.9 80.0 140.9 176.2 180.0 196.8 164.9 150.6 105.4 90.5 45.2 45.1 48.2 53.0 79.7 58.3 63.1 78.0 70.8 76.4 84.9 91.2 92.5 83.3 82.6 72.7 74.6 73.6 75.9 76.7 79.0 77.1 83.1 86.0 79.7 91.7 89.2 101.4 105.5 105.0 105.3 105.4 112.0 117.8 123.9 120.3 120.1 111.6 115.8 120.3 130.2 134.7 161.7 168.5 165.9 164.2 165.9 163.6 158.7 174.1 179.8
-999.0 -999.0 -999.0 -999.0 -999.0 -999.0 -999.0 -999.0 -999.0 -999.0 87.5 84.4 86.4 148.5 93.8 82.2 75.9 91.3 126.3 165.5 183.0 164.7 147.1 99.1 62.8 46.7 46.6 47.9 55.9 80.8 70.4 72.2 83.0 89.7 92.5 89.2 88.8 91.7 78.4 72.1 66.3 70.4 76.1 75.8 78.4 80.8 79.0 80.1 91.1 89.8 104.1 96.7 98.5 102.3 101.1 103.9 106.7 113.7 119.8 125.6 131.2 119.3 112.0 124.7 116.7 128.7 136.8 151.3 172.1 157.4 168.8 168.5 172.6 176.9 181.4 186.8
-999.0 -999.0 -999.0 -999.0 -999.0 -999.0 -999.0 -999.0 -999.0 -999.0 109.1 90.4 194.7 185.3 94.3 82.2 82.6 90.7 139.4 164.7 180.0 160.0 143.9 105.7 84.2 45.0 46.5 48.3 56.6 56.0 59.5 57.4 69.0 80.0 88.8 68.4 87.2 80.0 69.9 63.1 76.0 74.4 73.4 76.3 78.1 77.8 77.7 80.4 86.9 90.6 96.1 94.3 102.2 100.9 101.8 105.2 109.3 111.9 119.4 125.9 123.5 122.9 119.9 113.6 109.3 120.4 135.2 141.6 160.9 154.6 171.9 181.4 179.0 184.4 191.0 188.4
-999.0 -999.0 -999.0 -999.0 -999.0 -999.0 -999.0 -999.0 -999.0 -999.0 98.6 117.3 229.4 196.9 109.9 82.9 82.7 91.1 162.3 174.3 175.7 153.3 137.5 145.6 108.7 78.0 46.3 47.0 49.5 63.0 54.7 55.0 59.3 61.3 58.9 74.5 70.0 65.9 58.1 61.4 67.4 72.4 74.1 76.1 77.4 77.4 79.2 81.8 89.3 91.9 92.8 97.6 95.9 104.9 104.0 105.8 106.4 111.7 113.5 120.8 139.9 127.3 120.4 113.5 103.3 109.3 122.2 140.8 216.8 214.9 227.2 192.6 179.6 192.7 189.1 194.8
-999.0 -999.0 -999.0 -999.0 -999.0 -999.0 -999.0 -999.0 -999.0 -999.0 -999.0 117.0 197.2 205.2 133.8 82.5 79.3 85.9 132.6 158.7 157.8 137.6 114.3 130.2 116.7 77.4 50.1 50.2 49.3 50.8 55.7 62.0 60.7 71.3 58.2 61.0 63.8 70.7 66.0 64.5 62.3 68.4 74.1 74.3 74.4 78.5 76.1 81.8 90.0 90.6 92.0 97.0 103.0 101.5 104.0 103.7 105.8 107.0 109.9 119.0 120.7 125.0 122.1 118.4 108.5 102.8 151.9 126.4 190.1 335.3 370.2 306.5 211.2 191.9 194.5 197.5
-999.0 -999.0 -999.0 -999.0 -999.0 -999.0 -999.0 -999.0 -999.0 -999.0 -999.0 130.8 224.1 219.0 156.7 85.5 85.8 82.8 93.1 100.7 103.0 95.8 99.1 116.8 142.4 101.0 98.4 83.2 47.9 53.6 65.0 71.0 76.0 80.2 81.4 73.6 61.8 55.8 60.5 73.6 74.6 76.1 70.6 79.2 75.2 76.8 67.1 78.7 83.1 87.4 91.1 92.0 96.7 102.2 103.3 105.0 102.9 104.6 107.0 115.9 117.4 124.9 124.3 123.6 119.6 103.4 139.2 122.1 176.6 247.7 400.6 341.4 251.7 201.2 170.0 200.7
-999.0 -999.0 -999.0 -999.0 -999.0 -999.0 -999.0 -999.0 -999.0 -999.0 -999.0 198.3 207.8 203.0 153.6 101.0 86.4 84.7 87.6 97.9 102.9 136.2 94.2 105.9 136.5 137.4 102.8 76.4 49.3 51.1 66.1 88.1 87.7 88.0 86.8 79.1 72.2 76.9 75.5 76.1 78.5 76.5 78.8 76.6 76.1 78.3 79.4 81.8 85.4 88.0 88.9 88.4 92.9 98.1 99.0 103.6 101.3 103.9 107.1 111.5 113.2 120.2 121.8 124.5 119.5 109.3 121.0 189.5 207.1 284.9 390.2 329.5 270.5 209.0 200.2 204.0
-999.0 -999.0 -999.0 -999.0 -999.0 -999.0 -999.0 -999.0 -999.0 -999.0 -999.0 248.9 253.7 214.4 151.7 101.4 90.3 83.1 87.0 160.2 164.8 158.2 102.5 129.0 131.7 150.5 106.9 109.2 61.3 56.2 56.2 61.0 67.8 87.5 81.0 82.3 78.7 73.8 76.0 77.3 76.8 76.1 75.8 76.8 76.8 78.1 77.9 79.2 81.8 83.4 91.1 89.7 90.1 96.2 99.4 101.9 105.3 102.4 106.0 109.2 111.4 114.9 117.3 122.7 115.9 127.7 160.1 199.5 202.3 277.5 401.4 403.1 292.8 254.2 227.3 195.5
-999.0 -999.0 -999.0 -999.0 -999.0 -999.0 -999.0 -999.0 -999.0 -999.0 -999.0 -999.0 207.5 170.0 156.8 171.3 103.8 87.7 88.5 135.9 174.4 162.3 123.8 135.8 149.7 146.6 109.1 91.0 121.6 53.3 57.4 56.5 78.1 58.5 80.4 72.1 77.5 76.2 76.5 73.0 69.3 65.4 74.1 74.1 75.9 77.2 76.5 79.2 81.4 85.4 91.0 91.3 90.4 92.5 94.2 99.1 103.3 104.7 103.7 101.7 106.9 113.1 118.5 120.2 104.0 143.8 142.6 170.9 187.2 216.2 402.8 412.2 403.5 316.2 245.1 222.6
-999.0 -999.0 -999.0 -999.0 -999.0 -999.0 -999.0 -999.0 -999.0 -999.0 -999.0 -999.0 -999.0 210.4 190.9 204.3 161.1 98.8 88.1 99.1 162.8 193.6 154.7 139.0 157.6 139.2 126.6 96.7 77.3 55.7 54.1 52.4 54.3 54.5 58.5 69.3 75.7 74.3 74.4 64.6 72.2 72.8 68.1 67.4 72.2 75.0 76.8 83.4 80.0 86.6 88.1 91.1 92.4 91.5 86.8 95.5 97.9 103.9 104.3 98.3 103.9 109.2 120.3 123.8 108.8 133.0 128.5 231.7 218.3 210.7 327.9 402.0 402.0 411.3 329.3 292.1
-999.0 -999.0 -999.0 -999.0 -999.0 -999.0 -999.0 -999.0 -999.0 -999.0 -999.0 -999.0 -999.0 -999.0 241.7 211.8 160.6 94.2 91.8 90.8 154.8 187.5 132.6 117.1 130.7 153.9 124.1 104.2 93.8 73.6 59.9 57.3 55.1 56.5 83.6 78.6 78.2 74.1 64.3 68.5 63.0 65.1 75.3 74.4 73.7 77.2 76.4 78.7 78.3 79.9 81.5 87.4 91.2 91.4 92.3 91.7 97.1 96.1 102.6 97.2 103.3 103.7 107.0 119.8 112.3 123.9 161.0 247.6 326.3 351.7 339.8 401.6 402.0 401.0 402.1 407.2
-999.0 -999.0 -999.0 -999.0 -999.0 -999.0 -999.0 -999.0 -999.0 -999.0 -999.0 -999.0 -999.0 -999.0 -999.0 205.8 206.9 155.3 105.5 94.3 99.7 178.1 105.2 129.8 149.1 161.9 150.6 114.0 100.6 83.7 62.6 58.8 56.6 56.6 69.1 71.3 68.1 60.9 61.0 64.9 75.7 73.4 73.1 75.2 77.1 77.4 77.8 79.2 78.8 81.8 82.2 82.6 87.1 89.3 90.6 90.0 92.5 91.2 99.7 97.9 105.6 101.8 103.5 104.3 107.3 111.2 173.7 231.0 398.7 409.8 401.4 401.6 403.1 401.2 399.9 404.3
-999.0 -999.0 -999.0 -999.0 -999.0 -999.0 -999.0 -999.0 -999.0 -999.0 -999.0 -999.0 -999.0 -999.0 -999.0 227.1 223.2 192.6 120.6 92.4 99.2 97.2 92.8 157.6 159.7 159.3 150.6 105.6 103.2 99.7 73.8 54.1 59.4 60.0 62.7 57.0 56.8 52.6 91.5 75.3 71.3 68.4 72.2 77.2 76.1 76.8 77.1 79.0 79.2 80.8 81.8 81.4 83.1 88.1 90.7 90.4 92.3 97.0 97.2 96.1 104.5 105.2 101.5 101.4 104.0 108.9 175.3 329.7 367.2 406.9 400.4 401.6 405.1 402.6 402.1 402.1
-999.0 -999.0 -999.0 -999.0 -999.0 -999.0 -999.0 -999.0 -999.0 -999.0 -999.0 -999.0 -999.0 -999.0 -999.0 213.9 172.4 171.6 100.7 93.9 93.8 97.9 97.0 129.1 159.6 148.9 108.4 107.8 99.4 77.6 65.9 63.5 59.3 58.8 58.4 56.4 65.8 71.6 76.1 65.1 61.6 67.2 72.9 75.7 76.9 76.8 77.2 76.8 78.3 79.1 80.8 81.8 82.2 84.1 91.4 91.1 92.4 91.4 96.1 93.5 98.5 102.1 99.9 105.7 101.5 119.3 181.7 352.5 410.4 400.3 401.4 401.4 403.1 404.0 401.0 410.9
-999.0 -999.0 -999.0 -999.0 -999.0 -999.0 -999.0 -999.0 -999.0 -999.0 -999.0 -999.0 -999.0 -999.0 -999.0 131.0 153.0 107.8 101.9 170.8 179.1 121.2 99.0 109.6 117.0 138.1 158.8 114.0 99.5 77.5 69.5 59.6 54.2 58.5 58.5 57.1 56.9 64.1 64.8 62.7 76.6 75.6 76.4 76.7 76.8 76.1 68.5 76.8 77.9 76.8 77.1 79.2 81.8 87.6 91.0 90.8 91.3 90.5 92.3 93.1 97.3 96.6 97.7 97.7 102.2 106.8 127.1 313.9 410.4 399.0 401.4 401.4 401.6 401.8 401.6 407.2
-999.0 -999.0 -999.0 -999.0 -999.0 -999.0 -999.0 -999.0 -999.0 -999.0 -999.0 -999.0 -999.0 -999.0 -999.0 173.3 99.0 101.3 169.8 208.8 202.9 157.0 97.7 100.1 113.9 178.9 166.1 108.9 102.7 124.9 78.9 78.1 56.9 57.3 56.1 55.6 56.0 59.2 55.7 61.2 77.3 75.9 77.2 75.6 76.3 74.3 76.4 76.8 76.4 76.1 79.2 80.8 79.9 82.6 83.5 89.1 91.0 90.5 92.7 92.0 91.7 96.2 97.3 95.3 102.5 106.5 128.5 229.7 365.2 411.8 412.1 401.4 400.5 409.2 403.4 407.2
-999.0 -999.0 -999.0 -999.0 -999.0 -999.0 -999.0 -999.0 -999.0 -999.0 -999.0 -999.0 -999.0 -999.0 -999.0 95.2 99.6 146.1 167.9 224.8 232.9 194.8 113.2 100.5 155.7 229.9 191.3 136.6 102.0 135.1 121.8 91.7 64.8 57.6 57.9 57.5 53.5 54.7 56.7 61.9 64.2 73.3 75.8 72.1 61.3 61.9 76.9 76.8 72.0 73.6 78.1 79.4 78.9 79.1 82.2 85.8 88.1 90.2 90.6 87.8 91.9 92.3 92.3 95.1 103.8 104.7 103.0 175.5 278.0 402.4 412.1 404.8 401.6 406.3 401.3 400.5
-999.0 -999.0 -999.0 -999.0 -999.0 -999.0 -999.0 -999.0 -999.0 -999.0 -999.0 -999.0 -999.0 -999.0 -999.0 -999.0 170.5 201.7 213.1 210.5 218.1 165.9 116.4 98.4 182.7 221.7 176.0 122.7 155.0 158.7 119.2 101.4 86.9 64.1 58.1 57.4 56.2 54.8 53.8 55.3 63.0 64.1 70.5 68.1 74.9 75.8 74.0 75.0 73.5 76.4 76.5 77.1 79.4 78.8 74.1 82.1 83.4 88.7 87.4 91.1 90.3 92.1 92.1 94.3 103.0 115.0 119.2 155.2 232.6 292.1 401.4 401.4 412.1 414.9 401.3 402.3
-999.0 -999.0 -999.0 -999.0 -999.0 -999.0 -999.0 -999.0 -999.0 -999.0 -999.0 -999.0 -999.0 -999.0 -999.0 -999.0 201.8 320.7 326.1 270.7 212.2 195.6 155.7 99.5 132.0 196.2 162.2 172.0 166.3 146.6 188.3 124.1 98.8 78.6 65.5 62.9 60.9 56.7 53.3 54.5 64.6 62.8 63.9 64.1 73.5 73.5 67.5 68.5 75.0 75.3 74.2 76.4 76.6 77.1 77.6 80.4 80.6 82.3 88.1 85.3 90.8 91.1 91.7 92.3 102.5 109.4 114.6 132.6 189.0 330.3 400.3 401.4 412.5 413.0 415.8 401.8
-999.0 -999.0 -999.0 -999.0 -999.0 -999.0 -999.0 -999.0 -999.0 -999.0 -999.0 -999.0 -999.0 -999.0 -999.0 -999.0 201.6 324.3 354.4 341.6 248.8 211.7 182.2 105.2 147.2 199.4 215.8 226.3 156.0 149.1 125.0 113.9 101.6 97.4 96.8 67.6 59.5 56.8 55.9 63.0 60.9 59.6 64.0 67.5 71.9 64.3 72.3 75.1 75.8 74.3 74.4 77.2 76.8 76.8 78.3 79.2 79.2 80.6 81.5 80.4 83.5 83.0 90.8 92.3 96.8 103.8 111.2 122.4 138.7 280.7 338.7 401.4 401.4 411.9 402.2 399.6
-999.0 -999.0 -999.0 -999.0 -999.0 -999.0 -999.0 -999.0 -999.0 -999.0 -999.0 -999.0 -999.0 -999.0 -999.0 -999.0 202.6 215.1 355.3 340.0 329.5 233.4 209.7 149.6 152.1 229.5 229.8 212.9 223.3 167.4 173.6 110.7 113.3 97.7 99.4 72.6 58.1 55.2 59.2 52.9 56.2 55.2 59.1 62.4 64.1 75.6 73.5 74.0 74.8 74.0 74.0 75.7 75.1 75.0 76.8 78.1 78.5 79.1 79.0 82.6 81.5 83.1 84.7 90.8 92.2 95.4 101.0 104.3 107.1 158.5 224.7 412.1 401.4 402.2 404.1 402.0
-999.0 -999.0 -999.0 -999.0 -999.0 -999.0 -999.0 -999.0 -999.0 -999.0 -999.0 -999.0 -999.0 -999.0 -999.0 -999.0 286.7 320.4 351.8 276.9 274.6 211.4 168.0 104.9 141.7 200.0 215.8 228.7 257.6 221.1 162.6 122.4 99.5 88.5 98.4 85.4 65.6 60.1 56.2 52.8 58.5 61.2 64.7 65.4 69.3 71.1 69.0 72.0 74.9 75.8 72.3 71.6 74.9 75.5 76.8 77.4 77.4 77.0 77.9 78.1 79.2 82.3 86.2 83.4 89.8 91.9 96.7 101.8 122.4 125.8 216.9 304.4 412.1 412.8 414.7 413.1
-999.0 -999.0 -999.0 -999.0 -999.0 -999.0 -999.0 -999.0 -999.0 -999.0 -999.0 -999.0 -999.0 -999.0 -999.0 -999.0 279.3 366.5 370.5 281.1 198.6 194.6 130.1 103.0 127.7 176.7 229.9 252.4 217.2 236.7 161.8 110.7 111.3 116.8 102.7 99.4 74.1 65.4 63.8 59.8 53.6 59.3 63.6 64.9 72.3 68.8 70.6 69.9 73.7 66.8 70.4 75.2 75.8 75.1 76.6 76.8 75.9 76.4 77.4 78.3 78.9 80.8 79.1 80.8 84.3 89.8 91.1 92.6 101.7 105.8 105.1 190.0 235.3 415.6 414.1 414.0
-999.0 -999.0 -999.0 -999.0 -999.0 -999.0 -999.0 -999.0 -999.0 -999.0 -999.0 -999.0 -999.0 -999.0 -999.0 -999.0 268.8 364.6 375.9 276.8 204.2 159.2 137.9 211.8 173.8 153.4 209.7 264.9 211.8 171.0 122.9 155.4 135.7 151.0 110.3 122.8 94.9 84.5 91.0 77.7 63.2 55.8 66.7 63.6 64.4 68.4 65.2 66.2 66.7 73.0 74.2 74.8 75.7 76.8 76.1 76.8 76.8 77.2 76.8 77.1 78.5 79.4 78.2 79.4 80.8 82.3 86.7 91.0 94.3 100.7 120.4 158.2 183.8 231.2 337.6 403.6
-999.0 -999.0 -999.0 -999.0 -999.0 -999.0 -999.0 -999.0 -999.0 -999.0 -999.0 -999.0 -999.0 -999.0 -999.0 215.0 360.5 316.2 324.8 272.5 195.5 164.3 184.4 217.2 228.1 170.8 211.8 238.1 222.5 202.0 173.4 199.1 187.7 183.6 151.9 113.1 125.2 105.0 98.5 79.5 62.5 60.4 54.9 58.9 62.2 56.3 63.4 69.3 68.4 74.8 73.5 72.2 72.7 76.7 76.6 75.3 76.8 75.8 76.8 76.7 62.3 79.1 79.1 79.2 79.2 81.8 80.9 89.0 92.3 98.2 110.2 101.7 125.2 162.5 228.9 286.1
-999.0 -999.0 -999.0 -999.0 -999.0 -999.0 -999.0 -999.0 -999.0 -999.0 -999.0 -999.0 -999.0 -999.0 -999.0 248.9 342.3 340.9 258.9 274.3 206.4 160.2 251.9 297.3 208.4 197.1 214.5 230.4 220.9 153.5 167.4 203.5 201.0 206.6 193.9 156.9 140.8 123.6 97.5 81.6 64.3 60.9 57.0 64.8 61.2 54.4 73.7 66.9 65.7 67.5 74.1 72.1 74.5 75.9 75.9 74.1 75.8 75.2 74.4 57.2 76.4 78.7 76.8 78.4 69.5 77.7 80.2 87.4 91.5 91.7 100.9 107.1 115.2 151.2 170.4 205.8
-999.0 -999.0 -999.0 -999.0 -999.0 -999.0 -999.0 -999.0 -999.0 -999.0 -999.0 -999.0 -999.0 -999.0 174.3 342.4 350.3 174.3 175.6 168.0 166.1 183.3 296.0 342.4 300.1 204.6 229.0 226.5 223.0 216.9 179.7 216.1 219.0 203.9 188.9 201.2 157.7 102.8 111.4 115.1 59.7 69.6 66.2 60.9 60.8 58.4 68.6 73.1 73.0 73.5 74.9 72.3 73.0 75.8 75.8 75.1 74.8 75.8 55.8 75.9 76.7 76.8 79.0 78.9 82.2 80.9 75.9 86.3 90.3 92.9 94.7 103.6 114.9 127.4 159.8 198.4
-999.0 -999.0 -999.0 -999.0 -999.0 -999.0 -999.0 -999.0 -999.0 -999.0 -999.0 -999.0 -999.0 -999.0 363.0 365.2 285.4 346.7 198.2 183.8 281.1 169.5 291.3 339.8 347.4 295.4 226.1 244.7 252.9 223.7 213.1 228.3 223.1 217.1 170.9 153.4 156.3 106.4 95.3 70.6 75.8 73.0 77.7 65.7 55.9 63.5 64.5 68.2 69.3 72.6 74.1 74.0 75.2 75.1 75.8 74.9 75.8 74.8 75.6 76.9 77.2 77.3 79.4 77.2 77.5 80.7 87.8 89.9 90.6 92.5 94.5 101.9 107.5 120.6 157.1 170.8
-999.0 -999.0 -999.0 -999.0 -999.0 -999.0 -999.0 -999.0 -999.0 -999.0 -999.0 -999.0 -999.0 357.9 366.7 364.5 365.5 359.6 176.7 327.6 276.1 194.4 255.5 300.3 366.1 319.8 293.2 303.2 283.7 281.3 226.3 228.3 210.3 212.0 208.6 126.2 141.2 139.1 105.0 77.9 74.1 90.8 85.2 91.2 65.8 90.0 55.4 56.9 68.8 73.2 72.9 72.1 75.2 75.7 72.7 71.0 73.5 74.8 75.8 75.2 76.6 77.1 79.4 78.8 83.0 84.8 91.0 90.1 92.5 92.0 104.0 104.3 106.0 122.7 101.8 151.1
-999.0 -999.0 -999.0 -999.0 -999.0 -999.0 -999.0 -999.0 -999.0 -999.0 -999.0 -999.0 -999.0 253.0 362.6 367.8 355.6 346.9 230.6 359.7 354.0 218.5 229.9 373.2 373.5 221.0 211.3 241.0 313.4 216.3 213.9 226.5 175.8 172.5 169.0 130.8 106.5 104.2 86.8 81.7 105.2 117.4 98.3 95.4 94.7 68.8 106.0 123.3 64.9 68.6 63.4 67.9 74.1 73.5 72.8 61.9 73.2 72.8 76.8 76.4 76.4 79.4 80.5 80.4 81.3 85.0 89.1 89.7 91.4 95.1 98.0 104.8 106.1 117.4 120.8 104.3
-999.0 -999.0 -999.0 -999.0 -999.0 -999.0 -999.0 -999.0 -999.0 -999.0 -999.0 -999.0 -999.0 217.4 321.2 361.1 357.0 292.3 336.5 341.6 368.0 225.6 306.0 362.2 373.2 289.1 208.4 206.0 269.7 227.8 211.6 221.1 189.7 166.2 117.4 123.3 110.6 90.8 100.2 117.7 135.2 115.9 106.3 101.1 98.6 83.0 104.6 123.1 63.4 65.6 72.2 74.3 73.8 71.4 73.0 72.1 73.3 72.7 76.8 76.2 76.2 76.2 79.1 80.9 82.6 83.0 91.1 89.6 92.0 95.7 98.2 106.3 103.9 112.7 123.5 104.0
-999.0 -999.0 -999.0 -999.0 -999.0 -999.0 -999.0 -999.0 -999.0 -999.0 -999.0 -999.0 -999.0 353.5 352.9 355.0 354.1 357.0 357.6 359.6 309.0 224.1 363.9 356.3 322.4 194.6 172.1 159.9 204.1 251.7 220.7 151.0 171.7 174.7 149.8 101.9 99.1 99.8 122.2 159.9 176.8 122.5 104.2 99.6 99.0 90.1 122.1 109.6 92.9 69.1 57.0 67.9 76.0 76.0 57.1 72.1 72.8 72.5 72.6 76.8 71.3 78.1 82.1 81.8 82.3 88.9 90.0 89.5 87.1 97.4 91.6 102.2 101.5 113.4 121.4 131.0
-999.0 -999.0 -999.0 -999.0 -999.0 -999.0 -999.0 -999.0 -999.0 -999.0 -999.0 -999.0 -999.0 348.1 353.2 346.3 351.1 354.4 357.2 350.8 359.5 360.2 371.7 358.6 272.9 314.0 261.0 161.7 102.9 146.0 137.9 117.3 111.8 103.6 94.2 92.9 122.2 102.9 107.4 125.4 163.7 145.0 153.1 115.3 109.4 100.3 99.8 141.2 106.2 66.0 73.2 74.7 62.7 63.5 55.4 73.1 74.9 74.2 76.7 76.8 77.2 78.9 79.0 78.8 80.7 82.8 89.0 89.0 89.8 96.1 99.4 106.0 104.7 109.0 122.7 110.9
