GSP_annual_reports_PET_2024_v1/GIS/PET_2022_Fall_Deep.tif
NCOLS 191
NROWS  209
XLLCORNER 6295515.91401
YLLCORNER 1783415.49397
CELLSIZE 1000.0
NODATA_VALUE -999
[rows 68 to 101 of 209, columns 0 to 75 of 191]
-999.0 -999.0 -999.0 -999.0 -999.0 -999.0 -999.0 -999.0 -999.0 -999.0 99.5 82.2 108.6 88.1 85.1 82.1 80.4 90.4 165.5 163.7 177.4 152.5 134.9 80.2 58.0 59.6 58.3 59.3 61.5 68.2 63.3 69.5 76.7 84.2 87.9 75.8 68.8 92.6 70.2 69.1 71.0 75.0 74.4 75.7 75.4 78.5 79.8 90.5 86.0 88.9 92.9 90.3 98.9 102.2 101.7 104.2 108.5 107.5 106.1 121.0 115.1 109.3 99.8 108.7 120.8 127.5 142.1 146.1 160.6 158.7 158.1 153.8 154.9 154.8 158.5 161.5
-999.0 -999.0 -999.0 -999.0 -999.0 -999.0 -999.0 -999.0 -999.0 -999.0 89.1 85.3 146.7 110.2 100.3 87.4 83.3 138.4 165.4 170.2 187.8 158.9 147.7 102.5 91.5 58.7 58.7 57.5 61.2 85.2 69.2 71.6 83.4 78.3 82.8 89.1 92.6 92.5 83.6 82.1 74.1 75.5 75.5 76.7 76.7 78.3 77.3 83.9 86.3 81.6 91.1 89.9 100.0 103.2 103.6 106.7 106.5 109.4 111.2 111.7 108.1 110.4 101.4 111.2 111.2 121.7 129.3 154.4 160.8 158.0 156.2 157.0 155.4 153.8 164.9 168.8
-999.0 -999.0 -999.0 -999.0 -999.0 -999.0 -999.0 -999.0 -999.0 -999.0 87.1 86.0 85.8 144.7 92.9 84.1 78.2 90.7 125.7 157.1 173.0 158.8 143.6 96.5 67.9 59.8 60.8 60.4 65.6 86.5 77.8 80.2 87.5 91.9 94.4 91.1 90.3 92.1 79.6 75.2 71.4 74.3 76.9 76.5 77.6 79.6 78.0 78.7 90.8 89.7 103.1 96.6 98.2 101.3 100.9 105.6 108.8 108.7 109.9 117.1 126.2 109.6 103.2 119.0 106.6 120.8 132.3 144.7 164.9 151.9 159.8 160.0 163.7 166.9 169.6 174.2
-999.0 -999.0 -999.0 -999.0 -999.0 -999.0 -999.0 -999.0 -999.0 -999.0 105.5 89.9 186.7 175.7 89.1 86.8 84.8 89.8 137.3 156.4 168.1 154.6 141.2 101.4 86.1 59.0 61.1 61.0 63.6 69.4 71.0 71.0 76.2 85.2 91.0 76.5 88.9 81.4 74.8 68.1 76.0 75.8 75.6 76.9 77.5 77.1 77.0 79.2 87.6 91.0 95.8 95.5 101.0 100.5 101.7 108.2 108.9 105.4 111.7 116.0 115.4 115.3 109.3 104.3 97.6 110.6 128.7 135.8 153.8 149.3 160.4 167.6 168.6 172.3 177.5 175.5
-999.0 -999.0 -999.0 -999.0 -999.0 -999.0 -999.0 -999.0 -999.0 -999.0 97.4 115.1 217.2 188.9 106.2 87.0 84.6 90.4 157.8 163.3 167.7 150.6 134.7 141.7 105.3 79.6 60.5 61.5 62.1 71.0 63.9 61.6 68.9 70.7 69.5 81.3 76.0 71.7 64.8 65.7 72.3 76.0 75.8 76.3 77.1 76.5 78.3 80.6 89.9 91.4 92.8 97.2 97.3 102.8 102.4 108.3 108.5 108.9 108.1 111.2 135.7 122.7 110.7 103.8 90.2 97.6 112.7 135.4 199.8 197.8 211.6 182.0 169.4 179.0 177.4 180.6
-999.0 -999.0 -999.0 -999.0 -999.0 -999.0 -999.0 -999.0 -999.0 -999.0 -999.0 115.3 188.4 196.2 132.7 84.9 81.1 87.4 131.1 154.2 152.6 131.1 107.4 127.8 114.4 79.6 59.2 60.2 60.1 61.1 64.3 70.1 71.7 78.2 66.8 67.6 70.6 74.8 71.2 71.0 67.6 72.8 76.1 75.8 76.0 77.5 76.1 80.9 90.3 91.0 91.9 96.7 101.8 101.1 102.4 106.3 108.3 108.6 109.2 109.2 111.8 115.3 114.2 108.3 99.0 91.1 144.8 122.0 182.9 287.2 339.1 264.2 198.2 178.7 180.3 185.5
-999.0 -999.0 -999.0 -999.0 -999.0 -999.0 -999.0 -999.0 -999.0 -999.0 -999.0 129.3 212.9 208.3 152.3 86.4 87.1 84.8 92.8 95.8 100.4 91.7 93.2 109.4 138.2 102.0 97.6 87.5 61.7 62.9 73.0 78.2 81.9 84.7 84.6 79.6 68.8 65.1 67.4 75.6 76.0 77.0 74.3 78.1 76.4 76.8 67.3 77.8 81.9 87.7 90.4 91.8 96.6 101.4 102.2 103.6 104.6 106.7 108.7 108.9 110.7 113.4 114.3 114.7 111.4 94.0 133.1 118.9 167.1 221.2 377.2 293.7 225.2 187.4 161.1 186.5
-999.0 -999.0 -999.0 -999.0 -999.0 -999.0 -999.0 -999.0 -999.0 -999.0 -999.0 190.6 196.0 193.9 149.1 99.9 87.0 86.2 88.1 92.9 98.0 134.3 87.7 101.4 133.0 134.3 103.2 81.3 61.9 62.7 73.4 90.5 89.9 89.4 88.8 82.2 77.0 78.2 75.6 76.8 77.5 76.6 77.8 76.5 76.1 77.6 78.2 80.9 84.8 87.9 89.3 89.1 92.9 98.0 98.7 102.2 101.6 106.7 108.5 106.6 108.1 111.8 109.6 114.5 110.1 97.6 117.7 181.0 192.0 245.3 368.2 278.7 237.8 197.7 188.3 193.5
-999.0 -999.0 -999.0 -999.0 -999.0 -999.0 -999.0 -999.0 -999.0 -999.0 -999.0 229.9 237.0 204.2 147.6 100.6 89.9 84.1 87.6 156.6 156.5 153.6 96.7 128.4 128.8 144.3 106.0 108.4 71.0 63.0 64.0 70.0 74.5 89.4 84.5 84.4 79.7 75.7 76.2 77.3 76.7 76.5 75.7 76.6 76.8 77.5 77.4 78.0 80.9 82.0 90.8 89.9 90.1 95.8 98.9 100.3 102.5 103.8 107.9 108.8 110.6 110.2 109.9 114.3 103.8 119.4 151.5 187.7 192.0 242.7 378.1 381.0 249.4 233.2 213.9 187.3
-999.0 -999.0 -999.0 -999.0 -999.0 -999.0 -999.0 -999.0 -999.0 -999.0 -999.0 -999.0 199.9 165.2 152.4 163.3 99.2 88.6 88.3 134.1 166.3 156.8 116.0 129.5 142.8 142.0 108.2 92.5 117.6 63.5 65.0 64.6 83.8 67.5 84.3 77.5 79.9 77.1 77.1 75.4 73.7 70.4 76.1 75.8 76.3 77.1 76.3 78.0 80.0 84.8 90.6 90.7 90.2 92.7 94.5 98.6 102.2 102.8 102.7 104.0 107.9 108.7 110.3 112.9 94.8 136.6 136.0 163.0 175.5 201.1 382.8 395.1 381.1 260.1 224.6 208.4
-999.0 -999.0 -999.0 -999.0 -999.0 -999.0 -999.0 -999.0 -999.0 -999.0 -999.0 -999.0 -999.0 201.0 183.3 194.5 154.8 94.4 87.9 98.1 154.7 182.8 147.3 133.4 149.3 133.4 123.5 98.7 83.9 62.2 61.2 61.5 63.8 62.8 64.4 74.9 78.5 76.0 76.4 70.4 75.9 76.1 73.1 72.3 75.8 76.5 76.6 83.3 78.7 86.3 88.6 90.4 91.6 91.4 87.4 96.1 98.2 103.0 102.7 99.4 106.7 108.7 110.1 114.3 98.5 127.3 124.8 214.4 199.2 195.4 276.4 379.8 379.8 392.1 283.6 254.2
-999.0 -999.0 -999.0 -999.0 -999.0 -999.0 -999.0 -999.0 -999.0 -999.0 -999.0 -999.0 -999.0 -999.0 223.5 200.0 156.5 90.5 91.1 91.0 150.7 175.7 126.4 110.5 124.1 146.0 121.5 103.3 94.3 80.3 65.0 66.0 62.6 64.7 86.6 81.1 80.6 75.9 70.5 73.6 69.7 70.4 76.6 75.9 75.6 77.5 76.6 77.6 77.2 78.5 79.8 87.7 90.9 91.0 91.9 91.8 96.9 97.1 101.5 97.3 105.6 105.7 107.3 110.9 103.0 119.7 155.3 218.5 270.7 313.3 291.4 378.7 379.8 375.9 379.9 387.9
-999.0 -999.0 -999.0 -999.0 -999.0 -999.0 -999.0 -999.0 -999.0 -999.0 -999.0 -999.0 -999.0 -999.0 -999.0 195.0 195.5 151.4 100.0 92.8 98.1 168.5 101.2 123.8 146.2 153.2 146.8 108.3 102.4 85.6 72.1 67.4 64.4 64.2 75.6 76.5 73.5 67.6 67.7 70.4 76.6 76.2 75.4 76.6 76.9 77.1 77.1 78.0 77.8 80.2 81.1 81.6 87.5 89.5 91.0 90.5 93.3 92.3 99.2 98.3 102.7 101.7 105.7 105.6 105.7 104.2 166.7 206.3 373.9 391.5 378.1 378.3 381.0 376.1 377.8 385.1
-999.0 -999.0 -999.0 -999.0 -999.0 -999.0 -999.0 -999.0 -999.0 -999.0 -999.0 -999.0 -999.0 -999.0 -999.0 211.3 212.2 185.6 117.6 92.8 97.2 95.9 89.0 150.5 151.3 150.9 146.4 107.2 105.0 101.1 80.7 61.0 67.6 68.5 70.5 65.4 66.2 62.6 91.1 76.1 75.0 72.8 72.6 77.1 76.3 76.6 76.9 78.0 78.3 79.8 80.3 80.0 81.9 87.9 90.5 90.2 91.9 97.0 97.3 97.3 102.9 104.0 100.1 101.3 102.0 99.8 167.5 276.5 333.6 387.2 377.1 378.3 386.1 378.2 379.9 379.9
-999.0 -999.0 -999.0 -999.0 -999.0 -999.0 -999.0 -999.0 -999.0 -999.0 -999.0 -999.0 -999.0 -999.0 -999.0 203.0 165.0 163.4 100.8 93.5 91.9 96.4 95.4 123.0 151.0 141.8 99.3 109.8 100.7 81.5 74.7 72.3 65.1 68.0 66.5 63.8 71.2 75.3 76.2 71.1 67.7 72.2 75.2 76.4 77.1 76.6 77.1 76.8 77.6 78.1 79.6 80.2 81.1 83.5 90.8 90.4 91.6 91.2 95.8 94.3 98.2 100.7 99.3 103.8 101.0 108.1 172.5 307.2 384.6 376.6 378.1 378.1 381.0 383.3 378.8 393.4
-999.0 -999.0 -999.0 -999.0 -999.0 -999.0 -999.0 -999.0 -999.0 -999.0 -999.0 -999.0 -999.0 -999.0 -999.0 130.4 149.5 104.8 100.6 162.8 171.7 119.5 95.8 106.0 110.1 131.5 154.3 110.1 100.7 81.3 77.1 65.1 61.1 66.5 67.0 63.3 66.4 69.5 69.9 69.3 77.1 76.1 77.0 76.9 76.6 76.6 69.1 76.6 77.4 76.6 77.0 78.0 81.0 87.6 90.6 90.5 90.7 90.8 91.9 93.3 96.8 96.7 97.6 97.6 100.6 107.1 121.6 256.6 384.6 375.4 378.1 378.1 378.7 378.6 380.2 387.9
-999.0 -999.0 -999.0 -999.0 -999.0 -999.0 -999.0 -999.0 -999.0 -999.0 -999.0 -999.0 -999.0 -999.0 -999.0 166.3 96.4 101.1 162.6 197.6 191.2 153.4 95.3 99.6 109.9 165.4 157.0 104.1 103.9 122.8 84.5 82.3 64.8 65.1 65.5 63.8 63.2 66.4 64.1 68.1 77.7 76.7 77.6 76.7 76.8 75.7 76.6 76.6 76.4 76.5 78.0 79.6 78.8 81.6 82.2 88.7 90.6 90.5 92.2 91.9 91.9 96.2 96.8 95.3 101.0 105.4 123.7 211.3 332.8 387.0 387.2 378.1 377.1 389.5 384.5 387.9
-999.0 -999.0 -999.0 -999.0 -999.0 -999.0 -999.0 -999.0 -999.0 -999.0 -999.0 -999.0 -999.0 -999.0 -999.0 93.0 96.8 143.3 162.1 210.7 217.6 184.3 109.5 99.6 151.2 214.4 178.2 134.4 102.5 130.5 116.2 91.5 73.1 65.2 65.9 64.9 59.3 61.1 65.8 67.2 70.6 75.7 76.6 75.6 67.0 65.7 77.5 76.6 75.2 75.3 77.5 78.2 77.9 78.3 81.1 85.0 87.9 90.1 90.1 87.9 91.7 91.9 91.9 95.3 102.6 104.2 93.5 163.9 239.0 378.8 387.2 388.8 378.3 391.8 379.7 385.0
-999.0 -999.0 -999.0 -999.0 -999.0 -999.0 -999.0 -999.0 -999.0 -999.0 -999.0 -999.0 -999.0 -999.0 -999.0 -999.0 163.9 193.2 203.7 198.1 204.7 158.8 113.5 94.9 170.0 207.8 165.0 119.4 149.4 152.5 115.5 104.4 89.0 71.3 68.5 67.4 63.8 61.1 62.6 64.4 69.9 70.1 74.4 72.9 76.4 76.5 75.6 76.3 76.4 76.7 76.5 77.0 78.2 77.8 73.1 80.7 82.0 88.5 87.8 90.7 90.1 91.5 91.5 94.5 101.0 107.4 109.0 150.5 214.8 246.7 378.1 378.1 387.2 390.7 378.3 380.1
-999.0 -999.0 -999.0 -999.0 -999.0 -999.0 -999.0 -999.0 -999.0 -999.0 -999.0 -999.0 -999.0 -999.0 -999.0 -999.0 193.4 295.2 299.9 245.3 202.2 185.1 150.5 93.2 129.3 186.8 154.1 161.7 158.3 142.8 177.8 119.9 102.7 82.7 73.2 69.1 68.1 63.2 59.1 61.0 70.5 69.3 70.0 70.0 75.7 75.7 72.6 73.4 76.3 76.6 75.7 76.4 76.5 76.9 76.9 79.4 79.3 81.2 88.6 85.2 90.5 90.8 91.1 91.9 100.8 106.4 104.1 127.9 177.5 271.2 376.6 378.1 388.6 387.9 397.6 380.5
-999.0 -999.0 -999.0 -999.0 -999.0 -999.0 -999.0 -999.0 -999.0 -999.0 -999.0 -999.0 -999.0 -999.0 -999.0 -999.0 193.6 297.4 337.6 318.0 230.4 200.2 172.1 101.3 143.8 189.8 202.6 212.6 151.4 144.0 122.0 108.0 104.1 99.9 99.5 73.7 68.1 64.9 62.4 69.1 67.9 66.7 70.1 72.6 74.7 70.2 75.9 76.0 76.5 75.7 76.0 77.5 77.3 76.6 77.2 78.0 78.0 79.3 79.8 79.3 82.2 82.2 90.5 91.6 96.7 102.1 105.1 110.2 134.2 243.1 289.8 378.1 378.1 394.2 380.9 384.1
-999.0 -999.0 -999.0 -999.0 -999.0 -999.0 -999.0 -999.0 -999.0 -999.0 -999.0 -999.0 -999.0 -999.0 -999.0 -999.0 192.9 205.5 338.1 319.0 298.2 217.4 197.3 146.1 148.0 214.8 214.5 198.6 208.3 159.4 164.9 103.5 113.5 100.5 101.5 78.5 65.5 62.0 67.7 63.1 64.7 64.1 66.0 69.2 70.0 76.6 75.5 76.0 76.2 76.0 76.0 76.6 76.3 76.5 76.6 77.5 77.8 78.1 77.8 81.6 79.8 81.9 83.4 90.7 92.0 96.0 101.1 106.3 93.6 152.1 204.8 387.2 378.1 378.6 382.8 386.1
-999.0 -999.0 -999.0 -999.0 -999.0 -999.0 -999.0 -999.0 -999.0 -999.0 -999.0 -999.0 -999.0 -999.0 -999.0 -999.0 256.0 296.4 334.7 250.6 249.0 199.4 160.4 97.9 135.0 190.3 201.7 213.3 237.4 206.4 156.8 116.2 101.6 90.9 101.0 87.1 72.6 68.4 63.2 62.3 65.7 68.1 70.3 70.5 73.7 74.6 73.4 75.2 76.3 76.5 75.7 74.8 76.4 76.5 76.6 77.1 77.1 76.9 77.4 77.0 78.3 81.2 85.5 82.0 89.5 91.4 96.6 102.2 109.5 120.0 199.6 257.4 387.2 387.7 392.0 389.1
-999.0 -999.0 -999.0 -999.0 -999.0 -999.0 -999.0 -999.0 -999.0 -999.0 -999.0 -999.0 -999.0 -999.0 -999.0 -999.0 252.7 351.1 355.1 254.2 188.5 185.8 127.8 95.4 121.0 170.0 214.5 231.9 202.8 219.9 153.8 111.1 112.0 111.6 105.0 102.1 79.6 71.1 70.5 67.8 56.3 66.3 69.3 70.1 75.7 73.5 74.3 73.9 75.6 71.7 74.3 76.5 76.5 76.3 76.5 76.7 76.0 76.4 77.1 77.6 77.9 79.6 78.1 79.6 83.0 89.5 90.3 92.7 102.2 109.8 96.0 176.5 214.9 390.9 391.7 390.2
-999.0 -999.0 -999.0 -999.0 -999.0 -999.0 -999.0 -999.0 -999.0 -999.0 -999.0 -999.0 -999.0 -999.0 -999.0 -999.0 243.1 349.0 356.0 250.5 193.2 155.9 135.0 201.0 165.7 149.3 196.6 241.1 198.7 161.6 120.2 151.1 132.7 146.6 100.4 114.7 96.8 86.9 92.9 79.5 69.3 64.1 71.7 68.8 70.9 72.8 70.1 71.2 71.6 75.4 76.1 76.2 76.6 76.8 76.5 76.6 76.6 77.5 76.6 76.9 77.6 78.2 77.3 78.2 79.6 81.2 86.4 90.6 94.5 100.4 105.5 152.4 172.8 210.3 287.8 383.4
-999.0 -999.0 -999.0 -999.0 -999.0 -999.0 -999.0 -999.0 -999.0 -999.0 -999.0 -999.0 -999.0 -999.0 -999.0 205.1 345.5 293.0 300.9 247.7 186.5 157.7 175.8 205.0 213.2 162.4 201.4 222.2 208.1 189.7 163.3 187.1 178.5 172.2 147.4 105.1 115.8 105.5 101.4 81.3 67.6 66.9 64.3 64.5 64.0 62.7 69.7 73.7 73.4 75.9 75.7 75.1 74.9 77.2 76.8 76.6 76.9 76.5 76.6 76.9 63.8 78.1 78.1 78.1 78.0 80.3 80.3 88.5 91.7 98.3 102.1 86.4 115.4 156.5 209.9 251.2
-999.0 -999.0 -999.0 -999.0 -999.0 -999.0 -999.0 -999.0 -999.0 -999.0 -999.0 -999.0 -999.0 -999.0 -999.0 230.9 328.7 319.6 236.3 247.6 197.7 157.0 231.4 264.7 199.5 187.0 201.5 215.8 206.8 149.1 159.4 192.1 189.1 196.1 179.8 151.6 137.0 117.4 99.9 84.1 70.8 67.8 65.7 66.4 64.5 60.7 75.4 71.9 70.9 72.7 76.1 75.2 76.1 76.6 76.6 75.8 76.5 76.3 76.0 61.2 76.6 77.9 76.6 77.6 70.0 77.3 78.9 87.7 91.1 91.5 101.4 108.2 106.8 144.5 162.2 193.9
-999.0 -999.0 -999.0 -999.0 -999.0 -999.0 -999.0 -999.0 -999.0 -999.0 -999.0 -999.0 -999.0 -999.0 170.4 319.0 327.9 168.6 169.9 164.2 161.3 175.3 265.1 318.1 263.3 192.8 214.4 213.8 208.6 201.1 168.4 201.4 206.4 193.8 175.3 190.1 153.8 94.6 113.7 110.8 68.2 74.3 71.6 66.0 65.6 64.5 73.6 75.6 75.5 75.5 76.3 75.0 75.4 76.5 76.5 76.0 76.2 76.5 61.5 76.6 76.9 76.6 78.0 77.9 81.1 80.3 75.2 87.6 90.3 92.8 96.1 106.6 104.1 122.3 153.9 184.5
-999.0 -999.0 -999.0 -999.0 -999.0 -999.0 -999.0 -999.0 -999.0 -999.0 -999.0 -999.0 -999.0 -999.0 344.8 347.1 250.7 327.0 192.2 177.0 255.0 162.3 261.4 319.3 327.5 259.0 213.7 226.5 232.3 208.3 200.2 211.5 210.3 205.3 163.1 148.5 152.4 97.5 98.8 75.4 81.4 78.8 80.0 71.9 64.3 69.7 70.1 73.2 73.7 76.0 76.1 76.0 76.5 76.5 76.5 76.3 76.1 76.2 76.7 77.4 77.1 77.0 78.2 76.8 76.7 79.5 88.5 90.9 90.8 92.1 94.9 101.4 110.8 109.8 152.4 162.8
-999.0 -999.0 -999.0 -999.0 -999.0 -999.0 -999.0 -999.0 -999.0 -999.0 -999.0 -999.0 -999.0 337.8 351.9 346.4 348.4 343.7 170.9 303.4 249.3 186.8 237.1 266.0 349.9 292.0 258.0 266.8 252.6 249.7 212.4 212.8 197.8 200.7 197.1 121.5 138.6 135.6 108.8 83.7 80.7 90.7 86.4 93.9 71.5 91.7 62.9 62.8 73.6 75.5 76.0 75.8 76.3 76.6 75.2 73.3 76.4 76.2 76.5 75.9 76.5 76.9 78.2 77.8 81.8 83.7 90.6 90.3 92.1 91.8 102.5 102.5 109.6 110.7 90.0 144.5
-999.0 -999.0 -999.0 -999.0 -999.0 -999.0 -999.0 -999.0 -999.0 -999.0 -999.0 -999.0 -999.0 230.8 344.6 353.7 344.0 327.8 217.8 343.2 340.1 208.5 217.1 353.6 357.6 211.2 202.9 224.5 276.5 202.5 200.4 211.9 165.4 161.9 160.5 127.9 106.5 105.8 89.1 85.8 107.3 112.9 99.8 97.4 97.4 73.6 109.5 115.8 69.8 73.6 68.7 72.8 76.1 75.2 75.3 65.1 76.0 75.2 76.8 76.4 77.0 78.2 79.5 79.4 79.7 84.3 88.7 89.9 91.2 95.3 97.6 102.6 109.6 108.4 109.5 92.3
-999.0 -999.0 -999.0 -999.0 -999.0 -999.0 -999.0 -999.0 -999.0 -999.0 -999.0 -999.0 -999.0 204.9 300.5 344.8 341.2 265.1 316.5 330.9 353.9 213.2 275.9 346.3 353.6 258.0 199.9 199.2 243.1 213.1 198.8 207.6 180.2 158.6 114.8 120.7 111.0 88.6 102.4 110.8 131.1 112.2 106.5 102.3 101.3 83.9 107.3 112.9 66.2 70.8 75.3 76.2 75.8 74.5 76.1 75.2 75.3 74.9 77.3 76.6 76.6 76.0 78.1 79.7 81.6 82.0 90.8 89.8 91.8 95.6 97.9 103.4 107.2 108.3 112.0 90.8
-999.0 -999.0 -999.0 -999.0 -999.0 -999.0 -999.0 -999.0 -999.0 -999.0 -999.0 -999.0 -999.0 338.6 338.1 340.1 342.6 341.2 341.7 343.7 285.0 211.6 345.1 340.8 295.0 186.0 163.3 155.5 195.2 233.5 208.1 146.8 163.2 163.3 146.8 101.9 100.8 101.2 117.4 153.2 166.4 114.3 105.5 103.0 101.1 90.6 116.5 100.5 95.0 73.9 64.1 72.4 76.7 76.7 63.4 75.2 75.2 75.9 75.2 76.6 71.6 77.5 81.4 80.3 81.6 89.3 90.6 89.6 87.5 97.2 92.4 102.5 104.6 106.7 109.7 125.4
-999.0 -999.0 -999.0 -999.0 -999.0 -999.0 -999.0 -999.0 -999.0 -999.0 -999.0 -999.0 -999.0 336.6 338.4 335.0 339.3 339.5 341.5 338.8 343.7 340.2 356.3 344.4 246.0 286.6 239.9 156.0 101.5 143.0 135.9 113.8 108.0 98.4 94.9 94.2 119.2 94.8 109.9 121.4 155.0 137.1 149.6 113.6 108.5 101.8 102.0 138.0 110.6 69.7 77.3 76.2 68.6 69.9 61.8 75.6 76.3 76.1 76.8 76.6 76.8 78.0 78.0 78.0 80.2 83.1 89.1 89.1 90.3 95.7 99.0 103.3 104.2 111.5 110.3 97.8
