GSP_annual_reports_PET_2024_v1/GIS/PET_2023_Spring_Shallow.tif
NCOLS 191
NROWS  209
XLLCORNER 6295515.91401
YLLCORNER 1783415.49397
CELLSIZE 1000.0
NODATA_VALUE -999
[rows 102 to 135 of 209, columns 0 to 75 of 191]
-999.0 -999.0 -999.0 -999.0 -999.0 -999.0 -999.0 -999.0 -999.0 -999.0 -999.0 -999.0 -999.0 282.8 353.7 353.5 353.5 356.8 354.4 355.2 357.0 363.0 365.5 364.2 364.2 336.8 237.9 231.6 159.8 161.4 101.2 93.2 92.5 90.5 108.3 131.9 167.3 179.0 130.8 153.5 154.8 132.3 118.9 106.1 99.9 99.4 97.7 108.2 164.6 107.8 76.0 71.4 69.7 66.1 74.4 73.8 56.1 76.6 75.9 77.1 75.9 75.2 81.8 78.1 83.4 89.1 90.3 92.1 90.4 97.3 95.3 105.5 106.0 107.6 120.7 120.1
-999.0 -999.0 -999.0 -999.0 -999.0 -999.0 -999.0 -999.0 -999.0 -999.0 -999.0 -999.0 -999.0 192.4 351.9 281.4 353.5 353.0 336.1 356.9 362.3 356.2 355.6 367.4 363.6 365.5 365.1 254.4 219.3 155.8 97.5 210.5 105.0 101.8 159.9 232.8 211.6 193.4 149.5 168.6 197.9 159.1 126.8 124.4 112.4 106.5 105.1 97.8 121.2 166.3 126.1 86.2 73.1 75.7 68.9 76.2 74.8 76.7 78.5 78.6 75.9 76.6 78.8 80.5 88.3 87.5 90.0 92.5 92.5 96.4 97.0 106.4 106.0 110.1 124.0 110.6
-999.0 -999.0 -999.0 -999.0 -999.0 -999.0 -999.0 -999.0 -999.0 -999.0 -999.0 -999.0 -999.0 159.6 179.3 194.0 351.8 351.4 352.9 349.0 353.7 355.5 355.2 357.0 359.5 359.1 364.4 305.8 188.8 161.5 107.6 197.5 197.5 100.9 148.9 169.5 216.8 223.3 189.8 168.0 176.6 155.4 105.4 172.7 162.0 134.4 108.3 115.2 109.6 151.1 150.2 124.3 105.9 81.7 82.3 79.2 77.9 75.9 77.4 77.3 78.3 79.4 80.8 79.2 88.3 87.3 90.5 90.4 90.9 93.2 97.8 105.3 110.1 123.6 125.0 117.4
-999.0 -999.0 -999.0 -999.0 -999.0 -999.0 -999.0 -999.0 -999.0 -999.0 -999.0 -999.0 -999.0 150.8 149.7 161.7 162.9 259.2 351.4 353.5 353.5 353.5 257.8 167.8 179.4 240.2 278.3 335.8 182.4 272.5 147.9 164.5 239.6 201.2 98.1 158.4 173.3 178.8 234.1 219.0 236.5 220.3 149.4 147.6 177.8 201.9 167.1 153.4 120.3 117.5 119.9 126.3 120.6 95.3 88.3 86.5 82.8 78.5 77.9 76.7 76.4 79.2 80.4 82.3 80.4 88.1 90.7 92.3 91.7 96.3 102.4 103.6 117.4 115.7 108.0 135.0
-999.0 -999.0 -999.0 -999.0 -999.0 -999.0 -999.0 -999.0 -999.0 -999.0 -999.0 -999.0 -999.0 105.7 138.5 158.1 207.4 158.0 159.8 162.7 279.4 353.5 286.1 159.3 155.0 174.0 259.6 238.3 211.2 199.8 182.8 150.8 253.2 191.5 196.5 133.3 194.8 218.2 228.1 205.3 204.0 195.4 161.0 156.4 167.6 152.9 154.5 151.6 156.2 156.1 154.3 134.4 103.3 102.8 93.5 93.1 91.9 86.4 82.8 79.7 79.4 78.3 77.9 81.7 89.0 89.2 89.1 92.4 92.1 97.1 102.2 105.4 110.1 121.4 108.0 146.7
-999.0 -999.0 -999.0 -999.0 -999.0 -999.0 -999.0 -999.0 -999.0 -999.0 -999.0 -999.0 -999.0 -999.0 150.4 167.2 291.7 165.6 155.1 149.9 182.1 162.6 191.5 150.9 152.2 165.9 249.8 357.5 359.1 175.1 276.7 174.3 179.7 268.3 180.8 144.4 188.3 224.9 322.6 200.4 211.1 163.9 172.0 176.6 169.3 136.8 127.8 112.0 105.2 114.1 111.5 127.3 111.3 98.7 98.9 99.8 98.6 89.5 88.3 85.6 82.2 82.1 81.7 80.6 88.2 88.1 91.8 92.2 94.3 100.3 102.0 107.4 123.0 119.7 125.0 150.2
-999.0 -999.0 -999.0 -999.0 -999.0 -999.0 -999.0 -999.0 -999.0 -999.0 -999.0 -999.0 -999.0 -999.0 150.8 174.5 205.0 165.0 104.7 147.9 207.1 153.0 114.6 139.0 210.3 146.7 162.7 235.9 339.1 313.5 181.9 257.9 170.1 175.7 175.9 164.9 168.2 194.9 280.9 277.7 259.0 204.5 209.4 202.5 184.9 175.6 102.9 102.6 103.7 158.8 114.0 99.6 102.0 102.0 102.7 101.2 117.4 99.8 94.5 91.3 93.3 87.4 84.0 87.4 88.9 88.7 92.2 92.0 96.9 103.6 105.7 112.1 123.6 114.7 127.4 150.2
-999.0 -999.0 -999.0 -999.0 -999.0 -999.0 -999.0 -999.0 -999.0 -999.0 -999.0 -999.0 -999.0 -999.0 -999.0 159.6 159.7 141.2 132.8 166.7 308.7 203.9 164.0 82.0 111.4 138.2 135.2 147.0 239.4 267.2 348.1 355.6 279.9 174.9 190.6 174.1 174.8 177.7 288.5 361.3 308.7 212.5 293.1 278.1 203.4 212.2 202.4 104.0 155.7 204.9 147.4 203.2 179.5 117.1 100.2 99.3 126.0 102.7 112.1 99.5 102.7 99.4 95.0 92.8 94.1 91.3 89.7 89.5 99.6 103.4 104.8 110.9 124.5 119.7 112.9 146.8
-999.0 -999.0 -999.0 -999.0 -999.0 -999.0 -999.0 -999.0 -999.0 -999.0 -999.0 -999.0 -999.0 -999.0 -999.0 -999.0 150.3 78.2 112.4 157.4 284.6 249.6 156.9 76.0 84.4 80.9 82.5 117.7 147.3 147.7 164.6 357.4 358.3 291.5 247.1 239.0 167.5 172.8 184.5 271.6 297.0 312.6 312.2 257.4 268.4 251.5 173.4 129.8 161.8 229.7 204.7 240.7 226.7 183.0 116.4 99.1 146.8 168.5 107.0 106.4 120.8 98.2 100.3 100.3 98.3 95.2 94.6 93.9 96.2 99.8 101.9 107.0 117.3 123.9 108.0 135.2
-999.0 -999.0 -999.0 -999.0 -999.0 -999.0 -999.0 -999.0 -999.0 -999.0 -999.0 -999.0 -999.0 -999.0 -999.0 -999.0 -999.0 83.2 161.2 142.0 147.5 152.2 112.0 71.8 75.8 75.3 75.3 83.1 102.1 119.7 164.2 159.8 354.6 323.3 167.5 148.1 95.0 102.2 143.7 161.2 168.3 183.6 265.4 248.3 177.0 183.1 175.1 133.3 155.8 201.2 286.6 226.6 206.2 170.7 61.1 102.1 139.8 148.7 118.3 120.9 127.6 108.9 100.2 99.0 100.4 97.7 97.2 95.7 96.1 99.9 105.2 109.7 110.6 125.7 114.9 113.9
-999.0 -999.0 -999.0 -999.0 -999.0 -999.0 -999.0 -999.0 -999.0 -999.0 -999.0 -999.0 -999.0 -999.0 -999.0 -999.0 -999.0 -999.0 86.3 149.8 142.9 109.9 58.1 53.7 97.0 165.1 147.6 82.8 149.8 150.5 160.6 210.8 192.4 211.3 139.1 112.4 157.5 155.4 160.0 149.5 155.1 160.7 170.0 155.7 170.0 185.8 154.7 132.9 163.5 174.5 188.8 264.4 276.9 205.3 159.4 104.2 137.2 157.3 189.8 127.1 109.3 116.8 105.6 99.7 105.4 100.5 99.0 99.5 98.9 101.0 109.8 105.4 108.8 117.4 126.6 121.9
-999.0 -999.0 -999.0 -999.0 -999.0 -999.0 -999.0 -999.0 -999.0 -999.0 -999.0 -999.0 -999.0 -999.0 -999.0 -999.0 -999.0 -999.0 -999.0 -999.0 144.4 77.1 47.4 79.7 98.1 147.8 168.9 148.2 154.8 154.5 161.8 144.3 155.7 152.4 84.7 164.9 198.4 355.1 233.6 247.1 229.0 240.4 147.2 160.4 154.3 149.5 145.5 146.2 150.1 157.9 169.9 198.1 184.5 172.7 147.7 138.4 218.8 211.9 186.0 136.7 111.1 102.8 125.9 103.7 107.7 102.6 99.1 101.7 100.6 100.4 106.1 111.8 108.0 107.8 109.8 118.7
-999.0 -999.0 -999.0 -999.0 -999.0 -999.0 -999.0 -999.0 -999.0 -999.0 -999.0 -999.0 -999.0 -999.0 -999.0 -999.0 -999.0 -999.0 -999.0 -999.0 79.3 59.3 44.3 84.5 111.7 149.7 222.3 160.7 140.3 126.7 91.5 113.1 147.2 113.5 121.2 152.5 275.7 351.0 348.9 349.1 348.9 274.3 348.9 348.1 241.9 167.7 149.1 148.5 142.5 152.0 174.5 164.5 164.2 150.0 131.5 147.4 187.9 198.0 205.4 210.7 212.2 96.1 200.8 131.5 149.8 110.8 104.1 103.9 102.6 102.6 109.8 107.8 114.6 110.7 107.8 106.6
-999.0 -999.0 -999.0 -999.0 -999.0 -999.0 -999.0 -999.0 -999.0 -999.0 -999.0 -999.0 -999.0 -999.0 -999.0 -999.0 -999.0 -999.0 -999.0 -999.0 -999.0 41.0 57.5 112.3 155.8 148.4 161.6 242.4 157.5 79.7 85.5 85.2 78.7 89.1 153.9 160.7 227.7 347.1 334.0 346.2 331.1 342.4 342.4 341.9 345.8 344.4 237.3 140.2 162.5 196.0 181.3 140.8 151.4 140.3 148.7 150.8 166.8 267.2 197.8 205.8 164.6 153.6 182.9 146.8 95.5 100.0 103.3 105.7 106.2 103.7 102.9 102.1 101.4 109.3 110.8 110.5
-999.0 -999.0 -999.0 -999.0 -999.0 -999.0 -999.0 -999.0 -999.0 -999.0 -999.0 -999.0 -999.0 -999.0 -999.0 -999.0 -999.0 -999.0 -999.0 -999.0 -999.0 -999.0 65.5 113.4 111.9 96.8 139.8 143.8 150.5 77.2 66.0 70.6 81.7 75.4 151.6 223.4 325.6 322.9 344.5 302.5 307.0 233.1 242.9 221.5 323.2 321.4 317.2 256.9 187.5 191.9 238.3 127.5 140.6 148.4 151.8 151.3 151.4 171.0 272.1 187.0 204.7 165.9 213.5 213.6 165.5 97.4 98.6 100.4 103.6 102.9 104.5 100.8 99.3 93.8 98.0 109.3
-999.0 -999.0 -999.0 -999.0 -999.0 -999.0 -999.0 -999.0 -999.0 -999.0 -999.0 -999.0 -999.0 -999.0 -999.0 -999.0 -999.0 -999.0 -999.0 -999.0 -999.0 -999.0 -999.0 -999.0 78.3 84.3 77.2 75.6 65.7 58.4 78.6 76.5 111.8 145.3 109.0 150.8 185.3 324.4 335.0 321.3 150.9 153.7 216.1 178.2 222.3 184.9 252.7 319.8 252.2 258.9 230.1 134.2 143.8 160.1 148.3 156.2 150.2 159.8 183.8 255.5 183.5 171.0 205.9 168.7 81.3 158.1 134.5 94.7 98.1 98.3 91.9 90.2 99.8 102.2 105.8 112.9
-999.0 -999.0 -999.0 -999.0 -999.0 -999.0 -999.0 -999.0 -999.0 -999.0 -999.0 -999.0 -999.0 -999.0 -999.0 -999.0 -999.0 -999.0 -999.0 -999.0 -999.0 -999.0 -999.0 -999.0 -999.0 -999.0 51.7 50.6 48.9 81.5 124.8 150.9 147.8 190.4 154.6 139.4 151.9 330.2 154.2 237.0 181.3 248.9 210.9 215.3 133.8 141.2 175.5 319.7 315.6 315.1 315.7 225.6 152.9 143.1 152.6 143.5 137.3 145.3 137.0 145.0 211.0 144.1 158.5 123.1 157.9 221.1 155.9 95.9 95.1 93.7 94.5 69.3 98.6 102.4 115.4 117.7
-999.0 -999.0 -999.0 -999.0 -999.0 -999.0 -999.0 -999.0 -999.0 -999.0 -999.0 -999.0 -999.0 -999.0 -999.0 -999.0 -999.0 -999.0 -999.0 -999.0 -999.0 -999.0 -999.0 -999.0 -999.0 -999.0 -999.0 47.7 51.5 72.1 147.5 152.6 191.7 209.3 155.0 226.0 184.2 141.2 250.7 142.3 146.7 144.9 158.7 144.3 162.0 139.9 145.4 195.5 317.7 296.1 282.3 275.2 177.8 156.6 155.5 146.0 143.3 146.9 139.0 140.1 120.1 130.3 134.3 131.8 196.0 197.1 184.1 156.1 109.0 96.1 89.1 95.5 58.5 91.6 113.3 91.3
-999.0 -999.0 -999.0 -999.0 -999.0 -999.0 -999.0 -999.0 -999.0 -999.0 -999.0 -999.0 -999.0 -999.0 -999.0 -999.0 -999.0 -999.0 -999.0 -999.0 -999.0 -999.0 -999.0 -999.0 -999.0 -999.0 -999.0 -999.0 -999.0 65.4 77.0 141.0 150.4 141.4 148.4 146.8 203.1 137.8 143.1 139.1 143.5 212.7 240.5 142.2 246.5 174.9 175.1 208.0 215.8 205.8 309.9 167.4 172.2 136.6 144.7 150.2 138.1 133.4 127.2 117.4 133.8 134.9 122.9 121.2 156.4 180.9 147.3 136.9 108.0 99.8 90.4 92.3 81.9 55.7 95.6 86.4
-999.0 -999.0 -999.0 -999.0 -999.0 -999.0 -999.0 -999.0 -999.0 -999.0 -999.0 -999.0 -999.0 -999.0 -999.0 -999.0 -999.0 -999.0 -999.0 -999.0 -999.0 -999.0 -999.0 -999.0 -999.0 -999.0 -999.0 -999.0 -999.0 -999.0 -999.0 -999.0 123.5 149.1 119.4 152.8 147.8 139.7 110.2 95.4 143.1 214.6 297.7 307.9 238.0 202.7 139.3 195.3 139.4 181.6 143.0 145.3 142.0 141.8 142.1 139.1 144.1 132.9 105.3 140.4 112.8 97.7 112.2 126.3 130.7 297.3 191.9 145.3 148.1 89.4 95.7 79.2 105.6 75.6 50.7 98.8
-999.0 -999.0 -999.0 -999.0 -999.0 -999.0 -999.0 -999.0 -999.0 -999.0 -999.0 -999.0 -999.0 -999.0 -999.0 -999.0 -999.0 -999.0 -999.0 -999.0 -999.0 -999.0 -999.0 -999.0 -999.0 -999.0 -999.0 -999.0 -999.0 -999.0 -999.0 -999.0 -999.0 146.3 101.0 97.4 145.2 153.8 110.6 84.5 136.1 143.0 144.1 305.7 305.0 146.3 145.8 156.2 138.5 148.8 149.6 147.3 141.8 148.6 115.2 86.1 76.1 111.9 137.1 144.7 139.2 123.3 80.9 80.5 101.3 129.2 126.5 124.4 142.4 127.3 104.3 91.1 92.3 89.1 75.5 55.4
-999.0 -999.0 -999.0 -999.0 -999.0 -999.0 -999.0 -999.0 -999.0 -999.0 -999.0 -999.0 -999.0 -999.0 -999.0 -999.0 -999.0 -999.0 -999.0 -999.0 -999.0 -999.0 -999.0 -999.0 -999.0 -999.0 -999.0 -999.0 -999.0 -999.0 -999.0 -999.0 -999.0 -999.0 140.2 77.7 144.7 145.9 77.9 76.8 96.9 145.7 145.2 233.6 144.2 143.9 152.1 142.2 148.6 151.1 142.9 157.2 110.1 96.5 81.3 82.0 104.8 147.9 141.8 139.8 147.5 99.5 77.8 76.8 72.6 100.9 129.8 214.8 143.4 135.0 121.9 91.0 92.3 78.7 61.7 46.1
-999.0 -999.0 -999.0 -999.0 -999.0 -999.0 -999.0 -999.0 -999.0 -999.0 -999.0 -999.0 -999.0 -999.0 -999.0 -999.0 -999.0 -999.0 -999.0 -999.0 -999.0 -999.0 -999.0 -999.0 -999.0 -999.0 -999.0 -999.0 -999.0 -999.0 -999.0 -999.0 -999.0 -999.0 -999.0 -999.0 74.3 77.0 79.3 115.8 139.8 142.0 160.8 213.4 140.4 147.1 108.7 143.7 162.2 128.8 123.6 115.1 85.1 80.8 84.5 77.5 117.8 156.8 147.3 143.1 140.7 122.9 78.1 70.9 58.6 66.1 61.4 102.9 127.9 117.4 106.2 88.8 57.4 61.1 60.7 42.5
-999.0 -999.0 -999.0 -999.0 -999.0 -999.0 -999.0 -999.0 -999.0 -999.0 -999.0 -999.0 -999.0 -999.0 -999.0 -999.0 -999.0 -999.0 -999.0 -999.0 -999.0 -999.0 -999.0 -999.0 -999.0 -999.0 -999.0 -999.0 -999.0 -999.0 -999.0 -999.0 -999.0 -999.0 -999.0 -999.0 -999.0 -999.0 -999.0 142.4 146.6 160.5 141.7 141.2 181.1 144.5 86.8 129.2 148.4 92.2 113.2 95.4 94.4 86.5 84.9 80.8 81.4 137.2 152.0 148.1 112.8 109.6 76.1 67.3 76.0 44.6 43.3 41.8 57.9 101.7 97.8 81.4 97.8 47.4 55.7 35.1
-999.0 -999.0 -999.0 -999.0 -999.0 -999.0 -999.0 -999.0 -999.0 -999.0 -999.0 -999.0 -999.0 -999.0 -999.0 -999.0 -999.0 -999.0 -999.0 -999.0 -999.0 -999.0 -999.0 -999.0 -999.0 -999.0 -999.0 -999.0 -999.0 -999.0 -999.0 -999.0 -999.0 -999.0 -999.0 -999.0 -999.0 -999.0 -999.0 -999.0 -999.0 -999.0 149.3 146.1 161.6 141.8 91.3 85.2 94.1 84.5 126.6 150.8 145.6 82.7 82.4 80.8 91.1 155.3 128.1 108.6 86.0 76.9 89.0 81.0 46.9 43.2 42.4 38.2 36.5 35.1 48.8 53.2 51.6 56.0 30.8 34.2
-999.0 -999.0 -999.0 -999.0 -999.0 -999.0 -999.0 -999.0 -999.0 -999.0 -999.0 -999.0 -999.0 -999.0 -999.0 -999.0 -999.0 -999.0 -999.0 -999.0 -999.0 -999.0 -999.0 -999.0 -999.0 -999.0 -999.0 -999.0 -999.0 -999.0 -999.0 -999.0 -999.0 -999.0 -999.0 -999.0 -999.0 -999.0 -999.0 -999.0 -999.0 -999.0 -999.0 -999.0 143.7 142.4 79.7 85.2 83.9 86.1 84.3 133.2 153.3 119.1 95.3 130.7 114.2 151.3 154.0 151.6 147.6 98.8 80.5 74.8 56.9 44.3 40.3 37.4 29.9 34.8 33.6 32.3 28.6 17.3 32.6 33.8
-999.0 -999.0 -999.0 -999.0 -999.0 -999.0 -999.0 -999.0 -999.0 -999.0 -999.0 -999.0 -999.0 -999.0 -999.0 -999.0 -999.0 -999.0 -999.0 -999.0 -999.0 -999.0 -999.0 -999.0 -999.0 -999.0 -999.0 -999.0 -999.0 -999.0 -999.0 -999.0 -999.0 -999.0 -999.0 -999.0 -999.0 -999.0 -999.0 -999.0 -999.0 -999.0 -999.0 -999.0 -999.0 113.7 81.8 81.9 84.9 81.7 145.5 141.5 146.2 88.5 84.2 146.6 148.4 144.4 145.6 146.4 141.7 142.2 89.1 72.9 72.2 56.4 39.1 28.3 27.1 24.1 23.7 28.2 23.7 25.6 24.4 30.3
-999.0 -999.0 -999.0 -999.0 -999.0 -999.0 -999.0 -999.0 -999.0 -999.0 -999.0 -999.0 -999.0 -999.0 -999.0 -999.0 -999.0 -999.0 -999.0 -999.0 -999.0 -999.0 -999.0 -999.0 -999.0 -999.0 -999.0 -999.0 -999.0 -999.0 -999.0 -999.0 -999.0 -999.0 -999.0 -999.0 -999.0 -999.0 -999.0 -999.0 -999.0 -999.0 -999.0 -999.0 -999.0 70.8 75.6 77.3 77.0 118.0 146.9 134.8 144.5 94.2 152.2 142.5 156.9 148.7 156.4 126.2 110.0 130.6 129.8 85.9 74.6 66.6 47.3 32.6 25.1 20.4 21.9 21.1 26.4 23.9 19.8 18.0
-999.0 -999.0 -999.0 -999.0 -999.0 -999.0 -999.0 -999.0 -999.0 -999.0 -999.0 -999.0 -999.0 -999.0 -999.0 -999.0 -999.0 -999.0 -999.0 -999.0 -999.0 -999.0 -999.0 -999.0 -999.0 -999.0 -999.0 -999.0 -999.0 -999.0 -999.0 -999.0 -999.0 -999.0 -999.0 -999.0 -999.0 -999.0 -999.0 -999.0 -999.0 -999.0 -999.0 -999.0 70.4 76.2 74.0 121.8 146.6 114.5 148.8 145.8 143.8 144.8 147.8 145.6 180.0 149.3 152.5 144.8 116.5 72.1 122.7 119.0 70.3 72.4 54.8 46.7 26.8 20.5 35.3 28.8 22.7 22.7 19.9 19.2
-999.0 -999.0 -999.0 -999.0 -999.0 -999.0 -999.0 -999.0 -999.0 -999.0 -999.0 -999.0 -999.0 -999.0 -999.0 -999.0 -999.0 -999.0 -999.0 -999.0 -999.0 -999.0 -999.0 -999.0 -999.0 -999.0 -999.0 -999.0 -999.0 -999.0 -999.0 -999.0 -999.0 -999.0 -999.0 -999.0 -999.0 -999.0 -999.0 -999.0 -999.0 -999.0 -999.0 -999.0 72.6 112.4 141.1 150.0 142.0 143.5 155.3 140.2 144.9 151.8 146.2 180.3 138.4 146.7 144.1 142.5 143.4 131.2 76.1 72.6 68.4 66.4 45.1 43.0 25.7 24.5 35.9 38.7 24.7 19.7 19.5 19.6
-999.0 -999.0 -999.0 -999.0 -999.0 -999.0 -999.0 -999.0 -999.0 -999.0 -999.0 -999.0 -999.0 -999.0 -999.0 -999.0 -999.0 -999.0 -999.0 -999.0 -999.0 -999.0 -999.0 -999.0 -999.0 -999.0 -999.0 -999.0 -999.0 -999.0 -999.0 -999.0 -999.0 -999.0 -999.0 -999.0 -999.0 -999.0 -999.0 -999.0 -999.0 -999.0 -999.0 -999.0 101.1 145.2 151.1 139.1 140.5 146.8 138.7 136.4 138.8 145.9 143.6 172.7 143.5 138.8 115.4 112.7 130.3 97.6 71.9 72.2 65.8 70.6 55.2 35.5 36.7 27.5 33.0 33.4 28.6 22.4 17.3 16.5
-999.0 -999.0 -999.0 -999.0 -999.0 -999.0 -999.0 -999.0 -999.0 -999.0 -999.0 -999.0 -999.0 -999.0 -999.0 -999.0 -999.0 -999.0 -999.0 -999.0 -999.0 -999.0 -999.0 -999.0 -999.0 -999.0 -999.0 -999.0 -999.0 -999.0 -999.0 -999.0 -999.0 -999.0 -999.0 -999.0 -999.0 -999.0 -999.0 -999.0 -999.0 -999.0 -999.0 -999.0 123.9 156.2 144.7 142.5 125.0 138.8 140.3 138.6 110.5 134.6 138.5 141.5 138.5 117.9 74.8 71.7 74.5 70.9 68.6 68.1 69.0 56.2 40.4 38.2 38.2 32.0 36.7 46.3 32.5 37.3 20.7 13.7
-999.0 -999.0 -999.0 -999.0 -999.0 -999.0 -999.0 -999.0 -999.0 -999.0 -999.0 -999.0 -999.0 -999.0 -999.0 -999.0 -999.0 -999.0 -999.0 -999.0 -999.0 -999.0 -999.0 -999.0 -999.0 -999.0 -999.0 -999.0 -999.0 -999.0 -999.0 -999.0 -999.0 -999.0 -999.0 -999.0 -999.0 -999.0 -999.0 -999.0 -999.0 -999.0 -999.0 -999.0 89.7 144.9 135.2 105.3 103.2 114.0 111.2 107.7 137.8 143.6 205.8 132.6 133.6 127.9 92.0 117.3 71.5 59.0 55.2 57.4 59.0 48.2 42.2 40.5 41.7 40.4 37.2 48.5 44.2 46.8 26.6 13.7
-999.0 -999.0 -999.0 -999.0 -999.0 -999.0 -999.0 -999.0 -999.0 -999.0 -999.0 -999.0 -999.0 -999.0 -999.0 -999.0 -999.0 -999.0 -999.0 -999.0 -999.0 -999.0 -999.0 -999.0 -999.0 -999.0 -999.0 -999.0 -999.0 -999.0 -999.0 -999.0 -999.0 -999.0 -999.0 -999.0 -999.0 -999.0 -999.0 -999.0 -999.0 -999.0 -999.0 -999.0 80.6 116.8 85.9 84.8 87.7 88.0 91.6 93.5 129.1 131.0 165.2 258.9 190.3 130.5 130.2 133.2 121.9 105.6 56.8 50.4 49.7 44.0 41.0 45.0 42.8 37.8 41.7 48.4 56.3 47.6 29.4 30.9
