GSP_annual_reports_PET_2024_v1/GIS/PET_2022_Fall_Deep.tif
NCOLS 191
NROWS  209
XLLCORNER 6295515.91401
YLLCORNER 1783415.49397
CELLSIZE 1000.0
NODATA_VALUE -999
[rows 34 to 67 of 209, columns 76 to 151 of 191]
395.7 403.0 404.2 404.2 404.2 394.3 401.6 401.3 404.7 416.4 408.8 421.0 410.6 413.8 414.5 429.1 417.3 426.1 427.5 427.3 425.7 423.1 422.5 422.5 422.6 422.6 422.6 422.6 422.6 425.2 425.2 425.2 426.0 422.4 421.4 422.9 424.1 431.3 423.2 422.1 422.1 426.5 -999.0 -999.0 -999.0 -999.0 -999.0 -999.0 -999.0 -999.0 -999.0 -999.0 -999.0 -999.0 -999.0 -999.0 -999.0 -999.0 -999.0 -999.0 -999.0 -999.0 -999.0 -999.0 -999.0 -999.0 -999.0 -999.0 -999.0 -999.0 -999.0 -999.0 -999.0 -999.0 -999.0 -999.0
395.7 395.7 404.2 404.2 408.4 394.3 401.6 402.4 403.6 405.3 412.4 420.6 411.7 422.9 414.5 418.5 417.5 427.2 427.5 427.3 440.5 427.4 424.6 425.6 446.4 424.5 423.2 423.2 423.2 425.9 425.9 425.2 425.2 426.6 425.2 425.2 424.1 422.7 422.0 423.2 422.0 423.2 422.0 -999.0 -999.0 -999.0 -999.0 -999.0 -999.0 -999.0 -999.0 -999.0 -999.0 -999.0 -999.0 -999.0 -999.0 -999.0 -999.0 -999.0 -999.0 -999.0 -999.0 -999.0 -999.0 -999.0 -999.0 -999.0 -999.0 -999.0 -999.0 -999.0 -999.0 -999.0 -999.0 -999.0
386.4 395.7 404.2 404.2 404.2 400.6 401.6 402.4 404.7 406.3 407.8 410.4 417.4 417.3 413.5 418.6 420.1 426.3 427.5 427.3 426.1 427.4 427.4 427.4 427.4 427.4 427.4 427.4 427.4 439.0 430.1 436.3 430.1 428.6 440.9 428.3 425.2 425.5 425.5 425.5 423.9 432.0 423.2 -999.0 -999.0 -999.0 -999.0 -999.0 -999.0 -999.0 -999.0 -999.0 -999.0 -999.0 -999.0 -999.0 -999.0 -999.0 -999.0 -999.0 -999.0 -999.0 -999.0 -999.0 -999.0 -999.0 -999.0 -999.0 -999.0 -999.0 -999.0 -999.0 -999.0 -999.0 -999.0 -999.0
386.4 386.4 404.2 404.2 394.3 404.2 410.5 411.3 404.7 415.4 408.8 411.5 411.5 422.9 413.5 417.5 419.1 436.9 441.5 427.9 427.4 428.7 427.4 427.4 427.4 426.4 427.4 426.3 427.4 436.9 430.1 429.1 430.1 430.1 430.1 429.1 430.1 428.9 428.6 425.5 425.5 425.5 431.3 423.2 -999.0 -999.0 -999.0 -999.0 -999.0 -999.0 -999.0 -999.0 -999.0 -999.0 -999.0 -999.0 -999.0 -999.0 -999.0 -999.0 -999.0 -999.0 -999.0 -999.0 -999.0 -999.0 -999.0 -999.0 -999.0 -999.0 -999.0 -999.0 -999.0 -999.0 -999.0 -999.0
385.4 386.4 404.2 404.2 404.2 404.2 410.5 402.4 404.7 406.3 408.8 411.5 411.5 412.6 413.3 417.5 424.6 427.8 427.1 426.9 427.9 428.0 428.0 428.0 428.0 427.6 427.6 426.4 428.9 440.4 429.2 444.1 429.1 436.9 429.1 431.4 440.5 430.4 430.4 428.9 427.6 425.5 432.4 426.3 -999.0 -999.0 -999.0 -999.0 -999.0 -999.0 -999.0 -999.0 -999.0 -999.0 -999.0 -999.0 -999.0 -999.0 -999.0 -999.0 -999.0 -999.0 -999.0 -999.0 -999.0 -999.0 -999.0 -999.0 -999.0 -999.0 -999.0 -999.0 -999.0 -999.0 -999.0 -999.0
392.7 385.4 404.2 404.2 404.2 404.2 401.6 402.4 403.6 406.3 408.8 410.4 411.5 412.6 414.3 417.3 420.0 427.8 428.2 426.7 427.9 426.8 443.4 428.0 428.1 428.1 428.1 428.1 429.4 429.7 429.7 430.8 430.8 430.8 430.8 430.7 444.2 429.2 430.4 430.4 430.4 427.8 426.2 424.5 -999.0 -999.0 -999.0 -999.0 -999.0 -999.0 -999.0 -999.0 -999.0 -999.0 -999.0 -999.0 -999.0 -999.0 -999.0 -999.0 -999.0 -999.0 -999.0 -999.0 -999.0 -999.0 -999.0 -999.0 -999.0 -999.0 -999.0 -999.0 -999.0 -999.0 -999.0 -999.0
386.6 387.9 411.4 404.2 404.2 404.2 400.5 401.3 410.4 415.4 409.9 411.5 419.2 412.6 423.4 418.3 420.0 436.7 428.0 427.7 427.7 428.0 426.8 428.0 427.0 428.1 426.9 428.1 427.9 429.4 430.6 430.8 437.6 430.8 430.8 430.8 437.6 431.1 431.0 430.4 429.3 429.3 430.4 428.6 425.5 -999.0 -999.0 -999.0 -999.0 -999.0 -999.0 -999.0 -999.0 -999.0 -999.0 -999.0 -999.0 -999.0 -999.0 -999.0 -999.0 -999.0 -999.0 -999.0 -999.0 -999.0 -999.0 -999.0 -999.0 -999.0 -999.0 -999.0 -999.0 -999.0 -999.0 -999.0
386.6 386.6 413.1 404.2 404.2 408.5 413.0 411.5 406.3 413.6 407.8 411.5 411.5 424.1 417.6 425.3 420.0 427.6 428.0 427.7 427.7 427.8 427.8 439.2 427.9 427.9 427.9 427.9 427.9 430.6 430.6 429.4 439.5 430.6 429.4 430.6 429.7 437.9 430.0 438.8 429.5 430.4 430.4 430.4 428.6 -999.0 -999.0 -999.0 -999.0 -999.0 -999.0 -999.0 -999.0 -999.0 -999.0 -999.0 -999.0 -999.0 -999.0 -999.0 -999.0 -999.0 -999.0 -999.0 -999.0 -999.0 -999.0 -999.0 -999.0 -999.0 -999.0 -999.0 -999.0 -999.0 -999.0 -999.0
386.6 386.6 394.3 404.2 394.3 405.7 401.6 401.3 404.7 415.4 407.8 411.5 411.5 412.6 415.8 424.6 429.0 426.6 426.9 427.7 427.7 427.8 427.8 427.8 427.9 427.9 427.9 427.9 426.8 430.6 430.6 430.6 429.5 429.4 442.7 430.6 430.6 430.9 430.9 437.9 431.1 431.0 430.4 430.4 430.4 428.8 -999.0 -999.0 -999.0 -999.0 -999.0 -999.0 -999.0 -999.0 -999.0 -999.0 -999.0 -999.0 -999.0 -999.0 -999.0 -999.0 -999.0 -999.0 -999.0 -999.0 -999.0 -999.0 -999.0 -999.0 -999.0 -999.0 -999.0 -999.0 -999.0 -999.0
388.1 386.6 394.5 402.8 404.2 410.1 410.5 413.6 404.7 418.0 408.8 411.5 410.2 412.3 413.0 417.0 418.7 426.3 435.5 426.4 426.4 434.0 425.4 424.2 425.4 422.9 430.4 422.9 422.9 425.6 424.4 425.6 425.6 425.6 434.5 428.1 428.1 430.9 429.7 439.4 431.1 431.1 431.1 429.3 429.2 429.4 -999.0 -999.0 -999.0 -999.0 -999.0 -999.0 -999.0 -999.0 -999.0 -999.0 -999.0 -999.0 -999.0 -999.0 -999.0 -999.0 -999.0 -999.0 -999.0 -999.0 -999.0 -999.0 -999.0 -999.0 -999.0 -999.0 -999.0 -999.0 -999.0 -999.0
405.6 386.6 394.5 406.4 404.2 404.2 416.5 411.3 413.6 405.3 408.8 420.6 419.7 411.1 408.3 413.4 415.0 421.6 423.0 422.7 422.7 422.8 422.8 422.8 421.8 422.9 430.4 422.9 421.1 417.5 416.5 417.5 417.5 423.8 419.1 431.5 432.4 434.8 428.5 430.9 430.9 430.9 430.0 431.1 430.6 429.4 -999.0 -999.0 -999.0 -999.0 -999.0 -999.0 -999.0 -999.0 -999.0 -999.0 -999.0 -999.0 -999.0 -999.0 -999.0 -999.0 -999.0 -999.0 -999.0 -999.0 -999.0 -999.0 -999.0 -999.0 -999.0 -999.0 -999.0 -999.0 -999.0 -999.0
386.6 386.6 394.5 405.2 418.6 413.1 410.5 411.3 413.6 406.3 408.8 410.2 409.0 408.6 409.3 412.3 415.0 422.6 423.0 422.7 422.7 422.8 434.2 414.8 411.5 411.5 411.5 411.5 407.6 410.3 410.3 410.3 409.2 410.3 409.2 414.2 414.2 424.1 425.9 428.4 429.8 443.4 430.9 430.0 431.1 443.2 430.5 -999.0 -999.0 -999.0 -999.0 -999.0 -999.0 -999.0 -999.0 -999.0 -999.0 -999.0 -999.0 -999.0 -999.0 -999.0 -999.0 -999.0 -999.0 -999.0 -999.0 -999.0 -999.0 -999.0 -999.0 -999.0 -999.0 -999.0 -999.0 -999.0
384.0 386.6 394.5 407.8 405.2 409.7 415.0 411.3 413.6 416.6 408.8 410.2 408.1 407.6 409.3 413.4 415.0 422.6 432.1 421.0 424.0 411.4 411.4 411.4 407.6 408.9 407.6 407.6 407.6 409.2 410.3 409.1 410.3 410.3 410.3 410.3 410.3 411.6 414.5 425.9 425.9 429.5 440.1 430.9 431.1 431.1 430.7 -999.0 -999.0 -999.0 -999.0 -999.0 -999.0 -999.0 -999.0 -999.0 -999.0 -999.0 -999.0 -999.0 -999.0 -999.0 -999.0 -999.0 -999.0 -999.0 -999.0 -999.0 -999.0 -999.0 -999.0 -999.0 -999.0 -999.0 -999.0 -999.0
384.0 382.9 394.5 394.5 394.5 397.7 410.5 411.3 413.6 424.5 407.8 409.1 409.0 407.6 409.3 412.3 416.4 421.6 421.2 411.4 411.4 411.4 407.5 407.5 407.6 407.6 407.6 407.6 407.6 410.3 410.3 410.3 417.9 410.3 410.3 410.3 409.2 410.3 410.3 414.5 417.8 425.9 428.4 430.9 430.9 431.1 434.5 -999.0 -999.0 -999.0 -999.0 -999.0 -999.0 -999.0 -999.0 -999.0 -999.0 -999.0 -999.0 -999.0 -999.0 -999.0 -999.0 -999.0 -999.0 -999.0 -999.0 -999.0 -999.0 -999.0 -999.0 -999.0 -999.0 -999.0 -999.0 -999.0
392.9 383.8 392.2 403.5 395.9 394.5 400.8 411.4 403.6 415.2 408.8 411.5 410.2 411.1 408.3 413.4 415.0 421.6 413.9 411.4 410.2 407.5 407.5 407.5 407.6 407.6 407.6 412.7 406.4 409.1 409.1 409.1 409.1 409.1 409.1 408.9 409.1 410.3 410.3 410.3 410.3 414.5 425.9 428.4 439.8 430.9 431.2 -999.0 -999.0 -999.0 -999.0 -999.0 -999.0 -999.0 -999.0 -999.0 -999.0 -999.0 -999.0 -999.0 -999.0 -999.0 -999.0 -999.0 -999.0 -999.0 -999.0 -999.0 -999.0 -999.0 -999.0 -999.0 -999.0 -999.0 -999.0 -999.0
367.3 382.7 391.6 392.2 394.5 394.5 408.1 402.4 408.2 418.3 407.8 410.4 411.5 412.3 408.3 413.4 426.3 421.6 414.9 411.4 407.5 406.5 407.5 407.5 407.6 407.6 406.4 406.4 406.4 409.1 409.1 409.1 409.1 409.1 409.1 408.9 409.1 419.0 409.1 410.3 410.3 409.2 414.5 425.9 425.9 429.9 431.0 -999.0 -999.0 -999.0 -999.0 -999.0 -999.0 -999.0 -999.0 -999.0 -999.0 -999.0 -999.0 -999.0 -999.0 -999.0 -999.0 -999.0 -999.0 -999.0 -999.0 -999.0 -999.0 -999.0 -999.0 -999.0 -999.0 -999.0 -999.0 -999.0
308.9 377.4 391.6 391.6 395.4 394.5 401.8 401.5 404.9 406.3 408.8 410.4 410.4 413.6 411.9 432.0 415.0 422.6 421.2 411.4 407.5 407.5 406.3 407.5 407.6 406.4 406.4 406.4 406.4 409.1 409.1 409.1 409.1 409.1 409.1 409.1 417.5 409.1 409.1 409.1 409.1 419.2 410.3 410.3 421.5 425.9 431.0 430.2 -999.0 -999.0 -999.0 -999.0 -999.0 -999.0 -999.0 -999.0 -999.0 -999.0 -999.0 -999.0 -999.0 -999.0 -999.0 -999.0 -999.0 -999.0 -999.0 -999.0 -999.0 -999.0 -999.0 -999.0 -999.0 -999.0 -999.0 -999.0
284.8 379.8 401.3 391.6 391.6 391.8 401.8 411.6 403.8 406.5 407.8 411.5 411.5 413.6 414.3 417.3 419.0 421.6 432.1 411.4 413.6 406.3 407.5 406.3 407.6 406.4 406.4 406.4 406.4 409.1 407.1 409.1 409.1 409.1 409.1 409.1 409.1 408.9 409.1 409.1 409.1 417.9 409.1 410.3 386.1 315.1 426.0 367.4 421.7 431.2 -999.0 -999.0 -999.0 -999.0 -999.0 -999.0 -999.0 -999.0 -999.0 -999.0 -999.0 -999.0 -999.0 -999.0 -999.0 -999.0 -999.0 -999.0 -999.0 -999.0 -999.0 -999.0 -999.0 -999.0 -999.0 -999.0
248.3 277.0 401.3 397.4 390.6 391.6 399.1 400.3 403.8 408.0 409.1 411.7 411.5 413.6 414.3 418.3 420.0 425.2 422.0 422.7 411.4 415.2 407.5 407.5 406.5 406.4 406.4 406.4 406.4 409.1 409.1 409.1 409.1 409.1 409.1 409.1 408.9 409.1 409.1 409.1 409.1 409.1 409.1 410.3 410.3 410.3 417.9 426.2 429.9 257.7 228.3 -999.0 -999.0 -999.0 -999.0 -999.0 -999.0 -999.0 -999.0 -999.0 -999.0 -999.0 -999.0 -999.0 -999.0 -999.0 -999.0 -999.0 -999.0 -999.0 -999.0 -999.0 -999.0 -999.0 -999.0 -999.0
230.1 233.9 377.4 401.3 391.6 391.6 397.9 399.7 402.2 406.5 409.1 411.7 411.7 412.8 414.3 418.3 418.9 426.6 425.5 422.7 421.0 411.4 407.5 407.5 407.6 407.6 406.4 406.4 406.4 409.1 409.1 409.1 415.0 409.1 409.1 409.1 409.1 409.1 409.1 415.0 409.1 409.1 409.1 409.1 410.3 410.3 410.4 424.4 425.0 431.2 431.2 281.4 -999.0 -999.0 -999.0 -999.0 -999.0 -999.0 -999.0 -999.0 -999.0 -999.0 -999.0 -999.0 -999.0 -999.0 -999.0 -999.0 -999.0 -999.0 -999.0 -999.0 -999.0 -999.0 -999.0 -999.0
231.0 231.3 271.9 273.1 391.6 391.6 399.0 398.7 402.0 403.7 406.4 421.0 411.7 413.8 413.5 417.3 418.9 426.6 428.0 425.3 422.7 422.8 411.4 407.5 407.6 406.4 406.4 406.4 406.4 417.9 409.1 409.1 409.1 409.1 409.1 409.1 408.9 409.1 409.1 409.1 409.1 409.1 409.1 409.1 409.2 410.3 410.4 414.8 425.2 426.2 431.2 297.9 263.6 -999.0 -999.0 -999.0 -999.0 -999.0 -999.0 -999.0 -999.0 -999.0 -999.0 -999.0 -999.0 -999.0 -999.0 -999.0 -999.0 -999.0 -999.0 -999.0 -999.0 -999.0 -999.0 -999.0
227.0 230.7 218.1 271.8 401.3 390.1 399.0 399.7 402.0 403.7 406.2 408.8 409.0 413.8 420.8 418.6 420.2 426.6 428.0 427.7 426.4 422.8 422.8 411.4 407.6 407.6 407.6 407.6 406.4 411.4 409.1 409.1 409.1 409.1 409.1 409.1 409.1 409.1 408.9 409.1 409.1 409.1 409.1 409.1 409.1 409.3 410.4 410.6 414.8 426.2 426.2 428.6 338.2 428.8 -999.0 -999.0 -999.0 -999.0 -999.0 -999.0 -999.0 -999.0 -999.0 -999.0 -999.0 -999.0 -999.0 -999.0 -999.0 -999.0 -999.0 -999.0 -999.0 -999.0 -999.0 -999.0
225.8 231.1 233.4 221.1 275.9 410.4 396.1 398.1 400.5 403.7 405.2 408.8 408.8 411.1 412.3 418.6 420.2 427.8 428.0 427.7 426.7 427.8 422.8 422.8 411.5 407.6 407.6 407.6 407.6 410.3 409.1 409.1 409.1 409.1 409.1 409.1 409.1 409.1 409.1 409.1 409.1 409.1 409.1 409.1 409.1 410.3 410.4 410.6 410.6 414.8 426.2 423.6 428.6 428.6 426.9 431.5 423.2 -999.0 -999.0 -999.0 -999.0 -999.0 -999.0 -999.0 -999.0 -999.0 -999.0 -999.0 -999.0 -999.0 -999.0 -999.0 -999.0 -999.0 -999.0 -999.0
223.9 225.4 227.3 233.1 262.9 279.7 275.0 410.3 410.5 402.1 406.2 408.8 408.8 411.0 411.7 415.9 420.2 427.8 428.2 427.9 427.7 427.8 427.8 425.4 422.9 418.5 411.5 407.6 407.6 410.3 410.3 410.3 410.3 417.0 409.1 409.1 409.1 409.1 411.4 409.1 409.1 409.1 409.1 409.1 409.1 409.1 410.4 410.6 410.6 410.6 413.7 423.6 427.2 432.9 426.7 428.1 423.7 437.5 -999.0 -999.0 -999.0 -999.0 -999.0 -999.0 -999.0 -999.0 -999.0 -999.0 -999.0 -999.0 -999.0 -999.0 -999.0 -999.0 -999.0 -999.0
214.3 223.9 227.7 234.5 225.9 233.5 268.9 288.8 275.9 362.1 414.7 419.9 408.8 411.0 420.8 415.7 417.3 427.3 428.2 427.9 426.9 427.8 427.8 427.8 426.6 422.9 421.8 414.8 411.5 409.2 410.3 410.3 410.3 410.3 410.3 409.1 409.1 409.1 413.5 409.1 409.1 409.1 409.1 409.1 409.1 409.1 409.2 410.6 410.6 410.6 409.5 421.8 423.6 429.9 427.9 428.1 425.0 423.6 434.2 -999.0 -999.0 -999.0 -999.0 -999.0 -999.0 -999.0 -999.0 -999.0 -999.0 -999.0 -999.0 -999.0 -999.0 -999.0 -999.0 -999.0
213.6 222.7 227.2 232.7 237.1 229.5 292.4 281.3 273.6 275.4 396.4 419.7 281.8 409.4 411.7 414.7 417.3 427.2 426.5 427.9 427.9 428.0 428.0 427.8 427.9 427.9 426.6 422.9 422.9 424.4 417.5 417.6 410.3 410.3 410.3 410.3 409.1 409.1 409.1 409.1 409.1 409.1 409.1 409.1 409.1 409.1 409.2 410.6 410.6 410.6 410.6 412.2 423.6 426.1 427.9 426.7 422.5 422.5 422.9 423.5 -999.0 -999.0 -999.0 -999.0 -999.0 -999.0 -999.0 -999.0 -999.0 -999.0 -999.0 -999.0 -999.0 -999.0 -999.0 -999.0
216.4 228.3 231.3 231.2 223.7 244.9 238.7 282.9 277.6 393.1 324.2 275.5 408.0 411.6 409.9 414.2 417.3 427.2 427.5 427.3 426.4 428.0 428.0 428.0 428.1 427.9 427.9 427.9 427.9 428.1 424.4 425.6 422.7 413.1 410.3 410.3 410.3 410.3 409.1 409.1 411.4 411.4 409.1 409.1 409.1 409.1 409.2 410.6 410.6 410.6 410.6 412.2 421.8 423.6 427.9 426.7 423.5 429.5 422.9 422.4 217.8 -999.0 -999.0 -999.0 -999.0 -999.0 -999.0 -999.0 -999.0 -999.0 -999.0 -999.0 -999.0 -999.0 -999.0 -999.0
198.0 202.0 203.4 218.9 221.3 227.5 226.9 296.5 263.4 310.0 292.6 272.2 418.2 420.3 410.8 415.0 415.6 424.6 427.5 427.3 427.3 427.4 427.5 428.0 428.1 428.1 428.1 440.4 427.9 430.6 429.5 429.3 434.5 424.4 416.5 423.1 410.3 410.3 410.3 410.3 409.1 409.1 409.1 408.9 409.1 409.1 409.2 409.4 409.5 409.6 410.6 408.0 412.2 423.6 425.4 427.9 422.3 429.6 424.1 384.8 218.4 258.4 -999.0 -999.0 -999.0 -999.0 -999.0 -999.0 -999.0 -999.0 -999.0 -999.0 -999.0 -999.0 -999.0 -999.0
225.8 212.4 209.3 226.4 223.7 215.3 217.6 227.4 290.8 286.2 262.0 277.1 300.6 420.3 421.0 412.4 423.1 424.7 429.3 425.8 427.3 427.4 427.4 427.4 427.6 428.0 426.9 428.1 428.1 430.6 430.6 430.6 430.6 429.3 425.6 425.6 414.2 410.3 409.2 410.3 410.3 410.3 409.1 409.1 409.1 409.1 409.2 409.4 409.6 410.6 410.6 408.0 412.2 423.1 422.9 426.6 423.5 423.5 431.8 424.1 424.2 402.0 -999.0 -999.0 -999.0 -999.0 -999.0 -999.0 -999.0 -999.0 -999.0 -999.0 -999.0 -999.0 -999.0 -999.0
202.7 204.4 220.0 215.5 228.6 214.7 216.7 220.4 235.5 229.1 248.7 257.6 292.0 290.4 337.0 419.0 424.2 434.9 422.7 422.4 423.0 424.7 428.7 427.4 427.4 427.4 436.0 426.4 428.1 430.8 430.8 430.8 429.5 430.6 430.6 425.6 425.6 413.3 410.3 410.3 410.3 410.3 410.3 410.3 416.2 409.1 418.1 410.6 410.6 410.6 409.6 408.0 408.0 412.2 422.9 422.9 422.1 423.5 437.9 424.1 424.1 279.0 -999.0 -999.0 -999.0 -999.0 -999.0 -999.0 -999.0 -999.0 -999.0 -999.0 -999.0 -999.0 -999.0 -999.0
285.5 232.6 228.4 225.7 259.6 272.3 397.9 304.2 234.2 241.2 243.2 261.1 285.7 291.3 313.3 419.0 420.6 431.4 429.3 422.4 431.4 422.5 422.5 425.6 425.9 427.4 427.4 427.4 427.4 430.3 430.8 430.8 430.8 430.6 430.6 430.6 425.6 425.9 414.5 410.3 410.3 410.3 410.3 410.3 410.3 410.3 410.4 410.6 410.6 410.6 410.6 408.0 408.0 408.0 411.5 422.9 418.5 423.5 423.9 423.9 424.1 299.0 214.6 -999.0 -999.0 -999.0 -999.0 -999.0 -999.0 -999.0 -999.0 -999.0 -999.0 -999.0 -999.0 -999.0
202.0 253.6 218.5 224.6 299.8 409.3 399.0 410.3 261.4 235.6 311.2 283.2 279.3 288.3 293.9 321.2 420.6 431.4 429.3 429.0 420.1 418.6 422.5 422.5 422.6 423.2 425.8 427.4 427.4 430.1 430.3 430.8 430.8 430.8 430.6 430.6 429.3 425.9 425.9 414.5 414.5 416.4 410.3 410.3 410.3 410.3 410.4 410.6 410.6 409.6 410.6 416.9 408.0 408.0 411.5 414.8 418.5 418.5 423.9 321.4 239.0 216.8 216.5 -999.0 -999.0 -999.0 -999.0 -999.0 -999.0 -999.0 -999.0 -999.0 -999.0 -999.0 -999.0 -999.0
229.0 212.4 237.2 209.0 261.5 390.6 405.0 412.9 400.4 402.8 259.4 262.3 419.7 402.8 295.8 300.4 359.7 432.9 429.3 429.0 429.0 429.1 420.2 420.2 419.7 421.4 422.6 423.2 425.9 430.1 430.1 430.3 430.8 430.8 430.8 430.6 429.5 429.5 424.7 425.9 414.5 414.5 410.3 410.3 410.3 410.3 410.4 410.6 409.6 410.6 410.6 408.0 408.0 408.0 407.3 411.5 410.4 418.5 418.9 423.9 423.9 423.9 375.0 -999.0 -999.0 -999.0 -999.0 -999.0 -999.0 -999.0 -999.0 -999.0 -999.0 -999.0 -999.0 -999.0
185.8 218.9 213.6 219.0 223.1 391.8 399.0 398.7 412.4 403.3 405.4 303.3 261.4 273.7 280.5 297.6 308.4 331.3 395.3 429.0 429.0 429.1 429.1 429.1 429.2 429.2 419.7 422.6 422.6 427.4 430.1 430.1 430.3 430.8 430.8 430.6 430.6 430.9 428.4 425.9 433.5 417.8 414.5 410.3 410.3 410.3 410.4 410.6 419.6 410.6 410.6 408.0 409.3 408.0 407.3 407.3 407.1 407.1 418.9 418.9 423.9 423.9 423.9 -999.0 -999.0 -999.0 -999.0 -999.0 -999.0 -999.0 -999.0 -999.0 -999.0 -999.0 -999.0 -999.0
