GSP_annual_reports_PET_2024_v1/GIS/PET_2022_Fall_Shallow.tif
NCOLS 191
NROWS  209
XLLCORNER 6295515.91401
YLLCORNER 1783415.49397
CELLSIZE 1000.0
NODATA_VALUE -999
[rows 68 to 101 of 209, columns 0 to 75 of 191]
-999.0 -999.0 -999.0 -999.0 -999.0 -999.0 -999.0 -999.0 -999.0 -999.0 99.2 78.6 108.3 87.7 80.9 75.3 79.0 94.0 170.9 168.5 183.9 156.2 136.2 75.1 50.4 44.8 43.5 44.3 51.0 55.1 51.2 57.1 67.6 76.0 80.3 67.5 58.6 88.7 61.4 59.3 64.3 74.2 69.3 73.1 73.9 78.4 79.2 90.3 85.0 87.0 92.5 89.3 99.3 103.1 102.0 101.9 105.9 108.6 112.2 125.1 121.6 118.4 110.8 117.0 127.6 133.1 148.1 151.1 166.3 165.4 164.5 157.5 161.7 161.5 164.7 167.7
-999.0 -999.0 -999.0 -999.0 -999.0 -999.0 -999.0 -999.0 -999.0 -999.0 88.7 82.9 150.2 111.7 100.2 85.4 78.1 139.6 174.1 177.9 194.1 162.7 149.1 103.1 88.7 43.7 43.4 46.2 50.7 77.8 56.5 61.2 76.3 68.9 74.5 83.0 89.3 90.8 81.9 80.9 71.2 73.2 72.3 74.5 75.3 77.8 75.5 82.4 85.1 79.0 91.0 88.0 101.1 104.7 103.6 104.6 104.9 109.9 116.8 123.7 119.6 119.8 110.5 114.1 119.2 129.0 133.3 159.9 166.4 164.2 162.2 163.8 161.8 156.9 171.9 176.4
-999.0 -999.0 -999.0 -999.0 -999.0 -999.0 -999.0 -999.0 -999.0 -999.0 86.2 83.2 84.5 147.1 92.5 80.4 73.7 90.4 126.3 165.1 180.6 162.7 146.0 97.9 61.2 44.8 45.1 46.1 54.1 78.9 68.6 70.3 81.1 87.2 90.6 87.0 86.8 90.1 76.6 70.9 65.2 69.4 74.7 74.1 77.1 79.5 77.8 78.6 90.5 89.4 102.7 96.4 98.5 102.1 101.5 103.5 105.7 111.8 119.8 125.3 129.8 118.6 112.1 123.5 115.4 127.4 135.8 149.9 169.1 155.7 166.9 166.3 170.2 174.2 178.1 182.5
-999.0 -999.0 -999.0 -999.0 -999.0 -999.0 -999.0 -999.0 -999.0 -999.0 106.4 89.2 192.8 182.8 92.5 80.4 80.9 89.7 138.2 163.9 177.5 157.6 142.3 103.3 83.0 43.2 45.0 46.5 54.5 54.4 57.9 55.6 67.2 78.3 86.5 66.9 85.3 78.2 68.7 61.7 74.5 73.1 72.0 74.8 76.8 76.4 76.4 79.1 86.2 90.1 95.6 94.0 102.5 101.4 102.0 104.5 107.9 111.3 118.4 125.7 123.1 121.6 119.2 113.3 108.3 119.0 134.2 140.5 158.9 153.4 167.6 175.6 175.8 180.3 186.2 183.4
-999.0 -999.0 -999.0 -999.0 -999.0 -999.0 -999.0 -999.0 -999.0 -999.0 96.9 115.6 226.0 195.2 107.6 81.2 80.9 90.2 161.5 172.4 173.5 152.7 136.4 143.9 106.0 76.4 44.6 45.3 47.4 61.2 52.2 52.5 57.0 59.4 57.1 72.9 68.4 64.4 56.8 60.1 66.2 71.4 72.6 74.6 76.1 76.0 77.9 80.5 88.8 91.3 92.4 97.3 96.1 103.8 102.6 104.8 105.3 109.8 111.8 120.4 138.2 126.3 119.4 112.1 102.6 108.3 121.1 139.8 209.1 208.9 218.6 187.8 176.1 188.0 183.7 189.2
-999.0 -999.0 -999.0 -999.0 -999.0 -999.0 -999.0 -999.0 -999.0 -999.0 -999.0 115.7 194.9 203.1 133.6 80.8 77.3 84.6 131.6 157.7 156.6 136.1 112.3 129.4 114.3 76.0 47.5 47.5 47.4 48.2 52.7 60.1 58.6 69.6 56.1 59.0 62.4 69.5 64.8 63.4 61.1 67.1 72.9 73.0 73.0 77.2 74.6 80.3 89.5 90.1 91.6 96.6 102.4 101.9 102.6 103.1 104.8 105.8 108.5 119.0 120.0 124.7 120.7 117.7 108.4 101.9 150.3 125.1 186.3 314.8 357.9 294.6 205.3 186.7 189.2 191.5
-999.0 -999.0 -999.0 -999.0 -999.0 -999.0 -999.0 -999.0 -999.0 -999.0 -999.0 130.0 222.3 217.1 155.7 84.1 84.5 81.1 91.9 99.3 100.6 93.4 97.8 115.1 140.8 99.7 96.9 82.2 45.8 50.6 63.4 69.0 74.3 78.6 79.6 72.2 60.4 54.3 59.3 72.4 73.4 74.8 69.3 78.0 73.9 75.5 65.7 77.5 81.9 87.0 90.4 91.6 96.3 102.1 103.1 103.6 101.7 104.2 106.0 115.6 116.3 124.6 124.0 123.3 118.9 102.3 138.7 121.2 172.2 239.0 390.8 320.7 243.1 195.0 167.2 194.5
-999.0 -999.0 -999.0 -999.0 -999.0 -999.0 -999.0 -999.0 -999.0 -999.0 -999.0 196.3 205.8 201.1 152.9 99.8 85.0 83.0 86.2 96.2 100.7 135.1 92.6 104.4 135.7 136.1 102.5 74.3 47.2 48.8 64.1 85.9 85.3 85.8 84.9 77.8 71.2 75.6 74.1 74.6 77.2 75.2 77.4 75.3 74.8 77.1 78.1 80.3 84.5 87.5 88.5 87.7 92.5 97.8 99.4 103.3 101.7 103.3 105.9 110.0 111.5 119.7 121.5 124.2 118.8 108.3 120.3 186.3 200.6 272.8 382.4 307.4 259.9 204.0 195.3 198.8
-999.0 -999.0 -999.0 -999.0 -999.0 -999.0 -999.0 -999.0 -999.0 -999.0 -999.0 243.9 247.6 212.7 150.8 100.1 89.2 81.6 85.5 158.9 164.0 156.4 101.0 129.0 131.1 148.8 105.5 107.9 60.1 52.9 52.9 59.0 66.1 85.2 79.3 80.7 77.3 72.2 74.6 75.9 75.4 74.8 74.2 75.4 75.5 76.8 76.6 77.9 80.3 82.1 90.6 89.1 89.4 95.8 99.5 101.4 104.4 102.3 104.9 107.6 109.4 114.5 116.2 122.4 115.1 126.4 157.5 195.2 196.8 265.6 391.6 394.0 277.6 247.0 220.8 191.9
-999.0 -999.0 -999.0 -999.0 -999.0 -999.0 -999.0 -999.0 -999.0 -999.0 -999.0 -999.0 205.9 167.7 155.8 169.1 102.1 86.4 87.1 134.7 172.1 159.7 121.9 134.8 148.7 145.1 107.9 88.9 120.2 50.9 54.4 53.6 76.4 56.4 78.9 70.9 76.1 74.8 75.0 71.8 68.1 64.0 73.0 72.6 74.6 75.8 75.2 77.9 79.9 84.5 90.4 90.6 89.8 92.1 93.9 99.1 103.1 103.5 102.6 101.4 105.5 110.6 117.9 119.7 103.9 142.3 141.4 169.2 181.6 212.2 395.2 405.6 394.2 291.9 236.9 216.7
-999.0 -999.0 -999.0 -999.0 -999.0 -999.0 -999.0 -999.0 -999.0 -999.0 -999.0 -999.0 -999.0 208.3 188.7 201.6 160.1 97.4 86.8 97.5 162.0 190.3 153.3 138.0 156.1 138.0 124.0 95.4 75.5 52.8 51.7 50.2 51.6 51.9 56.6 68.2 74.4 72.9 73.2 63.3 71.2 71.7 67.0 66.2 71.1 73.7 75.4 82.1 78.6 86.0 87.6 90.4 91.7 91.1 85.9 95.3 98.1 103.5 103.3 97.5 103.6 107.6 119.8 123.5 107.8 132.1 127.9 224.8 212.6 204.5 305.5 392.8 392.9 403.1 311.2 278.0
-999.0 -999.0 -999.0 -999.0 -999.0 -999.0 -999.0 -999.0 -999.0 -999.0 -999.0 -999.0 -999.0 -999.0 238.1 208.8 160.1 92.3 90.9 89.4 153.1 184.4 131.4 115.8 129.6 152.5 122.1 103.5 92.1 71.8 57.6 54.6 52.1 53.3 81.9 77.5 76.7 72.7 63.2 67.4 61.9 63.7 74.0 73.1 72.5 75.8 74.9 77.3 77.0 78.4 80.0 87.0 90.6 90.8 91.8 91.3 96.9 96.2 101.9 96.5 102.1 102.1 105.4 119.0 112.3 122.8 158.8 236.8 302.5 335.6 318.7 392.2 392.9 390.8 391.0 398.0
-999.0 -999.0 -999.0 -999.0 -999.0 -999.0 -999.0 -999.0 -999.0 -999.0 -999.0 -999.0 -999.0 -999.0 -999.0 202.8 204.1 154.5 102.8 93.3 98.5 175.7 102.4 128.8 148.8 160.0 149.8 112.0 99.5 81.4 61.0 56.7 53.3 53.9 67.5 70.2 66.7 59.6 59.6 63.6 74.3 72.2 71.9 73.9 75.7 76.1 76.4 77.9 77.5 80.2 80.7 81.2 86.6 88.8 90.1 89.5 92.1 90.4 99.9 98.1 104.2 102.0 102.5 102.9 106.5 109.8 170.7 220.6 387.2 402.4 391.6 391.8 394.0 391.0 388.8 395.2
-999.0 -999.0 -999.0 -999.0 -999.0 -999.0 -999.0 -999.0 -999.0 -999.0 -999.0 -999.0 -999.0 -999.0 -999.0 223.7 220.8 190.5 118.7 91.5 98.3 96.1 90.3 156.4 158.3 157.3 149.4 105.1 102.0 98.4 72.0 51.7 57.3 58.1 61.0 55.4 55.2 51.1 91.0 73.8 70.2 67.1 70.9 75.8 74.6 75.4 75.7 77.8 77.9 79.5 80.4 79.9 81.9 87.6 90.3 89.8 91.8 96.8 97.3 96.1 104.0 104.3 101.8 101.7 102.4 107.9 172.1 306.9 353.4 399.6 390.6 391.8 398.1 391.9 391.0 391.0
-999.0 -999.0 -999.0 -999.0 -999.0 -999.0 -999.0 -999.0 -999.0 -999.0 -999.0 -999.0 -999.0 -999.0 -999.0 211.2 170.5 168.9 100.0 92.9 92.7 96.8 96.1 128.2 157.7 147.3 106.5 106.7 97.8 75.6 64.0 61.8 57.1 56.9 56.8 54.6 64.3 70.5 74.6 63.7 60.3 66.0 71.6 74.2 75.6 75.4 75.8 75.5 77.1 77.8 79.5 80.2 80.7 83.0 90.7 90.4 91.7 91.0 95.6 93.2 98.5 102.0 100.3 104.7 101.7 118.7 178.6 334.3 398.5 390.1 391.6 391.6 394.0 395.9 389.9 402.3
-999.0 -999.0 -999.0 -999.0 -999.0 -999.0 -999.0 -999.0 -999.0 -999.0 -999.0 -999.0 -999.0 -999.0 -999.0 130.4 151.8 105.8 100.9 168.2 176.2 119.4 98.2 107.5 116.0 136.6 157.5 112.7 97.9 75.3 67.7 57.5 51.6 56.9 56.6 55.3 55.2 62.7 63.5 61.5 75.0 74.1 74.8 75.4 75.4 74.6 66.9 75.4 76.6 75.4 75.9 77.9 80.5 87.1 90.4 90.3 90.6 90.1 91.8 92.7 96.8 96.4 97.4 97.4 101.9 106.0 126.4 292.7 398.5 389.0 391.6 391.6 392.2 392.3 391.7 398.0
-999.0 -999.0 -999.0 -999.0 -999.0 -999.0 -999.0 -999.0 -999.0 -999.0 -999.0 -999.0 -999.0 -999.0 -999.0 170.4 98.0 100.6 167.1 206.0 198.9 156.5 96.4 99.1 112.3 175.5 163.6 107.4 102.0 123.7 76.9 75.8 54.3 54.9 54.1 53.7 54.3 57.8 54.2 60.1 76.0 74.5 75.8 74.2 74.8 72.9 74.9 75.4 75.0 74.9 77.9 79.5 78.6 81.2 82.2 88.5 90.4 89.9 92.2 91.6 91.4 95.8 96.8 95.0 102.2 105.8 127.6 224.5 354.4 401.2 401.4 391.6 390.7 401.6 394.5 398.0
-999.0 -999.0 -999.0 -999.0 -999.0 -999.0 -999.0 -999.0 -999.0 -999.0 -999.0 -999.0 -999.0 -999.0 -999.0 93.5 98.2 145.1 165.6 220.9 227.7 191.2 111.5 99.5 154.4 223.2 187.2 135.4 101.1 133.8 120.3 89.3 63.2 54.6 55.3 55.9 51.2 52.4 55.4 60.7 63.0 72.1 74.4 71.0 59.9 60.7 75.7 75.4 70.9 72.2 76.8 78.1 77.7 77.9 80.7 84.9 87.6 89.8 90.0 87.0 91.5 91.8 91.8 94.9 103.5 103.6 102.1 170.3 263.5 392.2 401.4 397.9 391.8 399.8 390.8 392.7
-999.0 -999.0 -999.0 -999.0 -999.0 -999.0 -999.0 -999.0 -999.0 -999.0 -999.0 -999.0 -999.0 -999.0 -999.0 -999.0 168.0 200.3 210.9 207.0 214.4 163.3 114.4 96.7 179.7 216.4 173.5 121.1 153.2 156.3 118.8 100.1 84.6 62.4 56.3 55.7 54.6 53.1 52.0 53.8 61.9 62.8 69.4 66.8 73.6 74.4 72.8 73.7 72.3 75.1 75.2 75.9 78.1 77.4 72.8 80.6 82.1 88.2 87.0 90.5 89.9 91.4 91.4 94.0 102.8 114.7 117.6 154.3 227.2 275.6 391.6 391.6 401.4 404.5 389.9 391.2
-999.0 -999.0 -999.0 -999.0 -999.0 -999.0 -999.0 -999.0 -999.0 -999.0 -999.0 -999.0 -999.0 -999.0 -999.0 -999.0 200.2 313.3 317.8 260.5 210.1 192.0 154.3 98.0 131.2 192.4 159.1 168.8 163.5 146.1 183.6 122.8 97.5 76.9 64.0 61.2 59.2 55.0 51.4 52.8 63.3 61.7 62.7 62.9 72.4 72.4 66.3 67.4 73.7 74.0 72.7 75.0 75.3 75.7 76.2 79.1 79.2 80.8 87.7 84.5 90.3 90.6 91.0 91.8 102.2 108.8 114.2 131.7 184.7 305.0 390.1 391.6 402.7 402.2 407.1 391.9
-999.0 -999.0 -999.0 -999.0 -999.0 -999.0 -999.0 -999.0 -999.0 -999.0 -999.0 -999.0 -999.0 -999.0 -999.0 -999.0 200.3 316.1 348.4 334.4 243.0 208.8 179.2 103.5 145.9 195.9 211.4 220.9 155.6 148.2 123.5 112.7 100.6 96.6 96.0 65.9 57.9 55.2 54.2 61.7 59.7 58.4 62.8 66.3 70.6 63.0 71.3 73.7 74.3 72.9 73.0 75.8 75.5 75.4 77.0 77.9 77.9 79.2 80.0 79.0 82.2 81.9 90.3 91.6 96.5 102.3 110.6 122.1 137.0 267.6 317.5 391.6 391.6 404.4 391.3 392.0
-999.0 -999.0 -999.0 -999.0 -999.0 -999.0 -999.0 -999.0 -999.0 -999.0 -999.0 -999.0 -999.0 -999.0 -999.0 -999.0 200.5 212.7 349.7 333.3 319.5 230.5 206.2 147.8 150.4 225.7 223.7 208.0 218.0 164.2 171.4 109.8 112.0 96.8 98.4 71.0 56.5 52.5 57.7 51.4 54.7 53.8 58.0 61.3 62.7 74.2 72.3 72.8 73.4 72.8 72.8 74.3 73.7 73.6 75.4 76.8 77.3 77.9 77.6 81.2 80.0 81.9 83.5 90.3 91.8 95.2 101.4 103.4 106.0 156.3 217.3 401.4 391.6 392.2 393.1 394.3
-999.0 -999.0 -999.0 -999.0 -999.0 -999.0 -999.0 -999.0 -999.0 -999.0 -999.0 -999.0 -999.0 -999.0 -999.0 -999.0 273.0 313.0 347.1 269.2 264.2 209.5 166.0 102.8 140.2 196.3 211.4 223.1 250.3 215.7 161.8 121.2 98.4 86.7 97.6 83.5 64.0 58.5 54.4 51.5 57.3 60.1 63.3 64.1 68.1 69.9 67.7 70.8 73.5 74.3 71.2 70.5 73.6 74.2 75.4 76.1 76.1 75.8 76.6 76.7 77.9 80.8 85.3 82.1 89.3 91.3 96.3 101.7 122.1 124.5 210.3 288.0 401.4 402.0 402.9 401.4
-999.0 -999.0 -999.0 -999.0 -999.0 -999.0 -999.0 -999.0 -999.0 -999.0 -999.0 -999.0 -999.0 -999.0 -999.0 -999.0 269.3 361.0 364.9 270.7 195.7 192.3 129.6 101.1 126.0 173.7 224.7 245.4 213.4 230.2 160.9 109.6 110.0 115.5 102.1 98.7 72.7 63.6 62.3 58.1 51.6 57.9 62.4 63.7 71.2 67.8 69.3 68.6 72.5 65.5 69.2 73.9 74.4 73.7 75.3 75.4 74.5 75.0 76.1 77.1 77.7 79.5 77.8 79.5 83.0 89.1 90.3 92.3 101.4 104.9 104.7 185.0 230.3 405.2 402.6 401.7
-999.0 -999.0 -999.0 -999.0 -999.0 -999.0 -999.0 -999.0 -999.0 -999.0 -999.0 -999.0 -999.0 -999.0 -999.0 -999.0 258.2 358.7 367.4 267.6 201.2 158.7 137.0 209.2 170.4 152.7 205.0 257.4 209.3 168.3 121.0 154.5 135.0 150.2 109.4 121.7 93.8 83.0 89.4 76.2 61.8 54.2 65.4 62.3 63.3 67.1 63.9 65.1 65.4 71.8 72.9 73.4 74.3 75.5 74.8 75.4 75.4 75.8 75.4 75.7 77.2 78.1 77.0 78.1 79.5 80.8 86.1 90.4 94.0 101.0 120.1 156.1 178.0 224.7 314.9 394.1
-999.0 -999.0 -999.0 -999.0 -999.0 -999.0 -999.0 -999.0 -999.0 -999.0 -999.0 -999.0 -999.0 -999.0 -999.0 211.1 355.3 308.5 317.1 266.7 192.9 163.2 181.8 214.0 222.5 168.3 208.2 234.4 217.8 196.6 170.0 195.0 183.6 180.0 151.5 112.5 124.3 104.4 98.0 78.0 61.3 58.7 53.6 57.5 61.2 55.2 62.2 68.1 67.3 73.5 72.4 71.2 71.3 75.3 75.3 74.0 75.4 74.4 75.4 75.4 61.1 77.9 77.9 78.0 77.9 80.4 79.6 88.3 91.6 98.5 109.5 100.3 123.7 160.9 220.9 273.2
-999.0 -999.0 -999.0 -999.0 -999.0 -999.0 -999.0 -999.0 -999.0 -999.0 -999.0 -999.0 -999.0 -999.0 -999.0 240.9 337.0 332.8 250.2 267.8 204.1 159.7 246.8 289.4 206.7 193.7 210.5 227.3 216.1 152.2 164.6 198.8 196.8 202.2 190.7 155.1 140.5 122.5 96.5 79.9 62.8 59.4 55.7 63.6 60.0 53.3 72.2 65.6 64.4 66.3 73.0 70.8 73.2 74.4 74.4 72.6 74.4 73.7 73.0 56.1 74.9 77.4 75.4 77.1 68.3 76.4 78.6 87.0 90.9 91.4 101.2 105.7 114.5 149.5 168.1 199.7
-999.0 -999.0 -999.0 -999.0 -999.0 -999.0 -999.0 -999.0 -999.0 -999.0 -999.0 -999.0 -999.0 -999.0 173.3 331.4 339.7 173.7 173.9 166.5 164.9 180.7 287.8 334.6 288.1 202.2 224.2 222.4 220.6 213.2 174.3 211.3 213.5 199.8 185.7 197.5 156.8 102.2 110.7 114.4 58.2 68.1 64.6 59.7 59.7 57.2 67.5 72.0 71.8 72.3 73.5 71.1 71.9 74.3 74.4 73.7 73.4 74.4 54.5 74.4 75.4 75.4 77.8 77.7 80.7 79.6 74.8 85.6 89.7 92.5 94.7 101.6 114.4 126.3 158.3 192.2
-999.0 -999.0 -999.0 -999.0 -999.0 -999.0 -999.0 -999.0 -999.0 -999.0 -999.0 -999.0 -999.0 -999.0 354.7 357.0 267.7 336.0 196.1 181.6 274.3 166.6 278.8 334.1 341.9 283.7 223.2 239.3 247.3 220.3 209.4 224.6 217.1 213.0 169.1 152.8 155.6 106.0 94.0 68.9 74.3 71.5 76.2 64.1 54.0 62.3 63.2 67.1 68.1 71.5 73.0 72.8 73.9 73.8 74.4 73.5 74.2 73.4 74.2 75.6 75.8 75.9 78.1 75.8 76.2 79.2 87.4 89.5 90.0 92.0 94.1 102.2 106.2 118.4 155.7 168.1
-999.0 -999.0 -999.0 -999.0 -999.0 -999.0 -999.0 -999.0 -999.0 -999.0 -999.0 -999.0 -999.0 347.4 360.1 356.4 358.2 351.9 175.5 315.1 264.5 193.1 249.1 284.7 360.7 311.2 282.8 291.1 274.4 271.9 222.8 223.7 205.3 207.9 204.7 125.3 141.0 138.7 104.1 76.3 72.6 89.1 83.8 90.8 64.2 89.0 54.6 55.9 67.6 72.0 71.7 71.1 73.7 74.3 71.4 69.8 72.3 73.4 74.1 73.8 75.3 75.7 78.1 77.5 81.7 83.7 90.4 89.5 92.0 91.7 103.4 103.2 104.6 122.4 100.6 149.5
-999.0 -999.0 -999.0 -999.0 -999.0 -999.0 -999.0 -999.0 -999.0 -999.0 -999.0 -999.0 -999.0 245.2 354.6 361.6 350.0 336.2 224.7 352.0 348.3 214.4 225.4 365.1 367.6 218.2 209.7 235.4 300.6 213.8 209.5 221.2 172.2 169.3 166.4 130.2 105.6 103.8 84.9 79.6 104.6 116.3 97.7 94.9 94.2 67.5 105.1 121.4 63.5 67.5 62.0 66.7 73.0 72.0 71.6 60.6 72.0 71.6 75.5 75.0 74.8 78.1 79.1 79.1 79.8 84.0 88.5 89.1 91.0 94.9 97.6 103.6 104.7 116.5 118.7 103.2
-999.0 -999.0 -999.0 -999.0 -999.0 -999.0 -999.0 -999.0 -999.0 -999.0 -999.0 -999.0 -999.0 211.8 309.1 353.9 349.4 278.0 325.9 336.4 361.6 220.9 291.9 356.1 365.1 276.3 206.3 205.3 261.4 225.2 207.8 216.6 185.9 164.1 115.6 121.4 109.0 88.5 98.6 115.9 134.5 114.5 105.9 100.3 98.0 81.3 103.8 122.4 62.0 64.5 71.0 73.1 72.6 70.1 71.8 70.8 72.0 71.3 75.5 74.7 74.7 74.8 77.9 79.6 81.2 81.9 90.5 89.1 91.7 95.3 98.1 105.1 102.7 110.8 123.0 103.0
-999.0 -999.0 -999.0 -999.0 -999.0 -999.0 -999.0 -999.0 -999.0 -999.0 -999.0 -999.0 -999.0 346.0 345.4 347.5 348.6 349.4 349.9 351.9 296.2 219.8 355.6 350.5 309.0 191.9 171.4 158.5 201.6 245.4 217.9 149.4 168.8 172.1 148.8 101.0 97.4 98.5 120.7 158.6 174.5 120.5 103.6 98.9 98.2 88.7 120.2 109.2 92.4 67.8 55.8 66.6 74.6 74.6 55.7 70.8 71.6 71.4 71.3 75.4 70.1 76.8 80.9 80.4 81.1 88.5 89.5 88.9 86.6 97.0 90.6 102.4 99.7 111.4 120.9 128.9
-999.0 -999.0 -999.0 -999.0 -999.0 -999.0 -999.0 -999.0 -999.0 -999.0 -999.0 -999.0 -999.0 342.7 345.8 340.7 345.5 347.0 349.7 345.3 351.9 350.4 365.4 352.8 262.3 300.6 253.1 160.7 101.9 145.4 136.6 115.1 109.9 101.2 92.7 91.7 120.0 100.9 106.3 123.8 162.2 143.6 152.4 113.7 108.6 99.4 99.2 140.7 105.3 64.5 72.1 73.2 61.3 62.2 54.4 72.0 73.5 72.9 75.3 75.4 75.9 77.6 77.8 77.6 79.4 82.3 88.4 88.4 89.3 95.6 99.5 104.9 101.9 107.7 122.2 109.3
