GSP_annual_reports_PET_2024_v1/GIS/PET_2022_Spring_Shallow.tif
NCOLS 191
NROWS  209
XLLCORNER 6295515.91401
YLLCORNER 1783415.49397
CELLSIZE 1000.0
NODATA_VALUE -999
[rows 102 to 135 of 209, columns 0 to 75 of 191]
-999.0 -999.0 -999.0 -999.0 -999.0 -999.0 -999.0 -999.0 -999.0 -999.0 -999.0 -999.0 -999.0 282.2 353.5 353.3 353.3 357.5 354.3 354.9 356.7 362.7 365.3 364.1 363.9 336.6 239.6 231.9 159.9 162.0 101.2 92.4 92.1 90.0 108.0 132.3 167.0 179.2 131.1 154.3 155.5 132.6 118.9 105.8 99.6 99.1 97.6 108.3 165.2 107.4 75.5 70.9 69.2 65.6 73.8 73.3 55.7 76.2 75.4 76.7 75.5 74.9 81.4 77.9 83.0 89.0 90.3 92.1 90.4 97.3 95.1 105.5 105.7 107.6 120.5 119.9
-999.0 -999.0 -999.0 -999.0 -999.0 -999.0 -999.0 -999.0 -999.0 -999.0 -999.0 -999.0 -999.0 192.7 351.5 280.8 353.3 352.8 336.4 356.8 363.0 356.1 356.3 368.2 363.3 365.3 364.8 255.8 220.7 156.6 97.3 211.0 104.9 101.3 159.8 231.9 211.4 193.4 150.1 168.8 198.2 159.8 126.2 124.2 112.2 106.0 104.6 97.7 120.8 166.2 126.0 86.0 72.6 75.0 68.5 75.8 74.4 76.3 78.1 78.1 75.4 76.1 78.4 80.1 88.2 87.4 90.0 92.5 92.5 96.4 96.9 106.3 106.0 109.9 123.7 110.2
-999.0 -999.0 -999.0 -999.0 -999.0 -999.0 -999.0 -999.0 -999.0 -999.0 -999.0 -999.0 -999.0 160.9 180.0 194.0 351.5 351.0 352.7 349.5 353.5 355.5 354.9 356.7 359.3 359.9 364.2 305.5 189.6 161.9 106.9 197.7 198.1 100.4 149.3 170.0 216.5 222.3 190.0 168.1 176.5 156.1 105.7 171.8 161.4 134.8 108.0 115.1 109.2 151.9 151.1 124.0 106.0 81.1 81.8 78.7 77.5 75.4 76.9 76.8 77.9 79.0 80.5 78.8 88.2 87.2 90.5 90.3 91.0 93.0 97.6 105.2 110.2 123.4 124.6 116.8
-999.0 -999.0 -999.0 -999.0 -999.0 -999.0 -999.0 -999.0 -999.0 -999.0 -999.0 -999.0 -999.0 151.7 150.1 162.7 163.8 256.8 351.0 353.3 353.3 353.3 257.4 168.2 179.8 242.0 277.8 335.5 183.2 274.6 148.8 164.7 239.5 201.6 98.1 158.9 173.2 179.4 234.4 218.9 235.9 220.1 150.1 148.2 177.8 202.0 166.5 154.0 120.7 116.8 119.7 126.3 120.5 95.2 87.7 86.0 82.4 78.1 77.5 76.3 76.0 78.9 80.1 81.9 79.9 88.0 90.6 92.3 91.6 96.2 102.3 103.6 117.2 115.7 107.5 134.4
-999.0 -999.0 -999.0 -999.0 -999.0 -999.0 -999.0 -999.0 -999.0 -999.0 -999.0 -999.0 -999.0 105.3 138.7 159.3 207.7 159.0 160.8 163.2 278.7 353.3 286.3 160.1 155.4 174.9 259.3 238.9 211.7 201.9 183.3 151.0 253.5 192.4 196.9 134.1 194.7 219.4 227.2 205.2 204.4 195.8 161.8 156.3 168.0 153.7 155.5 152.4 156.9 156.7 154.8 134.7 103.1 102.6 93.0 92.5 91.3 85.8 82.4 79.3 78.9 77.9 77.4 81.3 88.9 89.2 89.0 92.4 92.1 97.0 102.0 105.3 110.1 120.9 107.4 146.3
-999.0 -999.0 -999.0 -999.0 -999.0 -999.0 -999.0 -999.0 -999.0 -999.0 -999.0 -999.0 -999.0 -999.0 151.1 168.0 292.4 166.6 155.2 150.6 183.3 163.0 192.2 151.6 152.2 166.1 250.9 357.8 358.9 175.5 277.0 175.0 180.2 269.4 181.3 144.8 188.4 224.6 323.0 200.3 211.4 163.7 172.2 176.7 169.4 137.2 128.4 111.0 105.5 114.3 111.5 126.2 111.1 98.2 98.4 99.2 98.2 88.9 87.8 85.0 81.7 81.7 81.3 80.1 88.1 88.0 91.7 92.2 94.3 100.4 102.0 107.5 122.8 119.2 124.4 149.8
-999.0 -999.0 -999.0 -999.0 -999.0 -999.0 -999.0 -999.0 -999.0 -999.0 -999.0 -999.0 -999.0 -999.0 151.7 174.8 205.1 166.0 104.5 149.1 207.2 153.7 115.2 140.5 210.0 147.7 162.8 236.8 339.8 313.7 182.4 258.9 170.7 176.3 176.5 165.5 168.4 194.9 282.5 278.4 259.7 205.0 209.4 201.9 185.3 175.7 103.2 102.1 104.1 160.1 114.9 99.7 101.7 101.5 102.1 100.7 117.2 99.3 93.6 90.8 93.2 86.8 83.6 86.9 88.8 88.7 92.2 92.0 96.8 103.4 105.5 111.8 123.5 114.5 126.7 149.7
-999.0 -999.0 -999.0 -999.0 -999.0 -999.0 -999.0 -999.0 -999.0 -999.0 -999.0 -999.0 -999.0 -999.0 -999.0 160.0 160.8 141.0 133.0 167.3 309.2 205.5 165.0 81.9 111.6 138.8 136.2 147.2 240.2 265.8 348.7 355.8 278.7 175.2 191.6 174.6 175.5 178.3 287.7 362.6 307.6 214.6 292.9 278.7 203.9 212.4 202.4 103.3 156.7 205.4 148.6 203.4 179.7 117.4 99.8 98.9 125.6 102.2 112.2 99.0 102.2 99.3 94.6 92.7 94.0 91.2 89.8 89.6 99.6 103.2 104.8 110.9 124.4 119.1 112.3 146.3
-999.0 -999.0 -999.0 -999.0 -999.0 -999.0 -999.0 -999.0 -999.0 -999.0 -999.0 -999.0 -999.0 -999.0 -999.0 -999.0 151.3 78.2 112.3 158.2 284.0 249.7 158.0 75.9 84.3 80.8 82.4 118.1 148.8 148.9 165.3 357.2 358.1 292.0 248.0 239.9 168.1 173.3 184.9 272.9 296.9 312.3 311.3 257.8 269.6 252.3 173.6 130.4 162.5 229.6 204.9 240.8 226.4 183.1 116.4 99.5 148.0 168.2 106.9 106.1 120.6 97.7 99.8 100.1 98.1 95.2 94.5 93.8 96.0 99.7 101.8 107.0 117.1 123.9 107.6 134.7
-999.0 -999.0 -999.0 -999.0 -999.0 -999.0 -999.0 -999.0 -999.0 -999.0 -999.0 -999.0 -999.0 -999.0 -999.0 -999.0 -999.0 83.0 161.7 143.0 148.1 153.1 111.8 71.5 75.4 75.3 75.2 83.2 101.8 120.0 165.5 160.2 354.3 323.0 168.0 149.1 94.8 101.7 145.1 162.0 169.2 184.0 265.9 248.9 177.2 183.5 175.1 133.8 156.7 201.6 287.0 226.6 206.5 171.0 60.5 102.4 140.5 149.8 118.1 120.5 127.4 108.8 99.8 98.6 99.9 97.7 97.2 95.7 96.0 99.7 104.9 109.5 110.7 125.6 114.5 113.8
-999.0 -999.0 -999.0 -999.0 -999.0 -999.0 -999.0 -999.0 -999.0 -999.0 -999.0 -999.0 -999.0 -999.0 -999.0 -999.0 -999.0 -999.0 86.0 151.0 143.9 109.4 58.0 53.9 96.5 165.9 148.5 82.4 150.4 150.4 161.2 211.4 192.8 212.0 140.5 111.9 158.6 156.7 161.0 150.5 156.0 161.6 170.3 156.4 171.1 186.7 155.9 133.7 164.2 175.0 189.0 266.1 278.8 205.4 160.4 104.5 137.9 157.6 189.6 127.6 109.3 116.5 105.0 99.2 105.0 100.0 98.7 99.3 98.9 100.9 109.6 105.3 108.9 117.2 126.8 121.7
-999.0 -999.0 -999.0 -999.0 -999.0 -999.0 -999.0 -999.0 -999.0 -999.0 -999.0 -999.0 -999.0 -999.0 -999.0 -999.0 -999.0 -999.0 -999.0 -999.0 145.3 76.6 47.1 79.2 97.2 148.8 169.2 149.0 155.9 155.6 162.7 145.2 156.5 153.1 84.6 166.0 197.7 354.8 234.4 248.3 229.8 241.7 147.3 161.1 155.1 150.1 146.4 147.2 150.9 158.5 170.3 198.4 185.5 173.3 148.9 139.0 218.6 212.4 186.1 137.5 110.9 103.2 125.9 103.1 107.6 102.1 98.5 101.3 100.2 100.2 106.0 111.7 108.3 107.9 110.0 118.7
-999.0 -999.0 -999.0 -999.0 -999.0 -999.0 -999.0 -999.0 -999.0 -999.0 -999.0 -999.0 -999.0 -999.0 -999.0 -999.0 -999.0 -999.0 -999.0 -999.0 79.1 59.1 44.2 84.1 111.7 150.7 222.4 161.0 140.8 126.5 91.1 112.4 148.1 113.5 121.5 152.7 273.6 350.7 348.6 348.8 348.6 273.7 348.6 347.9 241.6 168.7 149.2 149.3 143.3 152.7 174.7 165.1 165.0 150.5 132.1 148.6 188.4 198.7 204.5 210.9 212.2 96.2 200.5 132.2 150.4 110.8 103.5 103.5 102.4 102.3 109.5 107.7 114.4 110.8 108.2 106.7
-999.0 -999.0 -999.0 -999.0 -999.0 -999.0 -999.0 -999.0 -999.0 -999.0 -999.0 -999.0 -999.0 -999.0 -999.0 -999.0 -999.0 -999.0 -999.0 -999.0 -999.0 40.9 57.3 112.2 156.3 149.3 162.0 241.6 158.5 79.6 85.3 85.1 78.7 88.9 154.9 161.3 229.6 346.4 334.1 345.6 331.6 341.8 341.8 341.2 345.2 343.8 236.2 140.3 163.4 196.0 181.3 141.6 152.2 141.3 149.1 151.3 167.6 268.5 198.4 206.2 165.1 154.1 183.1 147.4 94.9 100.1 102.7 105.3 105.9 103.3 102.7 101.6 101.2 109.2 110.6 110.3
-999.0 -999.0 -999.0 -999.0 -999.0 -999.0 -999.0 -999.0 -999.0 -999.0 -999.0 -999.0 -999.0 -999.0 -999.0 -999.0 -999.0 -999.0 -999.0 -999.0 -999.0 -999.0 65.4 113.8 111.9 96.5 140.5 144.6 151.5 77.0 65.8 70.3 81.6 75.2 152.7 223.7 325.7 323.1 343.9 301.0 305.3 232.6 242.1 223.2 322.6 321.1 317.2 255.9 187.2 192.0 236.1 127.5 140.8 148.5 151.7 151.6 152.3 171.2 272.3 187.9 205.4 166.4 212.7 213.3 165.5 97.5 98.7 100.0 103.2 102.6 104.1 100.4 99.0 93.3 97.7 109.4
-999.0 -999.0 -999.0 -999.0 -999.0 -999.0 -999.0 -999.0 -999.0 -999.0 -999.0 -999.0 -999.0 -999.0 -999.0 -999.0 -999.0 -999.0 -999.0 -999.0 -999.0 -999.0 -999.0 -999.0 78.3 84.3 77.0 75.6 65.4 58.1 78.3 76.1 112.0 146.0 108.2 151.6 184.1 324.0 334.3 321.5 151.0 153.9 216.0 177.9 222.1 184.2 251.2 319.2 251.4 258.2 229.5 134.5 143.9 160.8 148.6 156.9 150.1 160.6 184.3 257.1 184.9 171.5 205.9 168.5 81.0 158.3 134.9 94.8 98.1 98.0 91.4 89.6 99.6 102.0 105.8 112.8
-999.0 -999.0 -999.0 -999.0 -999.0 -999.0 -999.0 -999.0 -999.0 -999.0 -999.0 -999.0 -999.0 -999.0 -999.0 -999.0 -999.0 -999.0 -999.0 -999.0 -999.0 -999.0 -999.0 -999.0 -999.0 -999.0 51.8 50.5 48.7 81.2 124.9 151.7 148.6 190.2 154.7 140.4 151.9 329.5 154.3 234.0 180.7 248.2 211.1 216.1 133.8 140.7 176.1 319.1 315.0 314.5 315.0 224.5 152.4 143.8 153.3 143.5 138.0 144.6 137.6 145.4 211.2 144.6 159.1 123.3 158.2 221.3 156.0 95.3 94.8 93.4 94.0 68.7 98.7 102.4 115.5 117.8
-999.0 -999.0 -999.0 -999.0 -999.0 -999.0 -999.0 -999.0 -999.0 -999.0 -999.0 -999.0 -999.0 -999.0 -999.0 -999.0 -999.0 -999.0 -999.0 -999.0 -999.0 -999.0 -999.0 -999.0 -999.0 -999.0 -999.0 47.5 51.4 72.1 148.0 152.3 190.8 209.5 155.8 225.6 183.5 141.5 249.1 143.2 147.5 145.2 159.0 145.5 162.6 140.7 145.2 195.7 318.0 295.8 282.4 274.7 177.5 156.5 156.1 145.9 144.0 147.4 139.3 140.7 120.8 130.7 134.5 132.2 196.5 197.3 184.1 156.4 109.0 96.1 88.7 95.0 58.0 91.2 113.4 90.7
-999.0 -999.0 -999.0 -999.0 -999.0 -999.0 -999.0 -999.0 -999.0 -999.0 -999.0 -999.0 -999.0 -999.0 -999.0 -999.0 -999.0 -999.0 -999.0 -999.0 -999.0 -999.0 -999.0 -999.0 -999.0 -999.0 -999.0 -999.0 -999.0 65.2 77.0 142.0 150.5 141.4 148.9 147.4 203.1 138.6 144.1 139.8 144.1 211.9 239.5 141.7 245.6 174.5 175.3 207.7 214.9 205.5 309.1 167.5 171.8 136.1 144.1 151.3 138.7 134.4 127.2 117.1 133.3 134.4 123.4 121.8 157.2 180.6 147.7 137.6 108.5 99.5 90.3 92.0 81.5 55.1 95.4 85.7
-999.0 -999.0 -999.0 -999.0 -999.0 -999.0 -999.0 -999.0 -999.0 -999.0 -999.0 -999.0 -999.0 -999.0 -999.0 -999.0 -999.0 -999.0 -999.0 -999.0 -999.0 -999.0 -999.0 -999.0 -999.0 -999.0 -999.0 -999.0 -999.0 -999.0 -999.0 -999.0 123.5 150.0 119.4 153.8 147.6 140.5 109.5 95.2 143.0 212.5 298.0 307.1 236.6 203.1 139.2 195.7 139.4 181.3 142.9 144.8 141.7 142.8 142.1 139.5 144.8 133.5 104.7 140.7 112.8 97.7 112.5 126.1 131.2 297.1 190.9 145.7 148.5 89.5 95.6 78.8 105.4 75.3 50.0 98.5
-999.0 -999.0 -999.0 -999.0 -999.0 -999.0 -999.0 -999.0 -999.0 -999.0 -999.0 -999.0 -999.0 -999.0 -999.0 -999.0 -999.0 -999.0 -999.0 -999.0 -999.0 -999.0 -999.0 -999.0 -999.0 -999.0 -999.0 -999.0 -999.0 -999.0 -999.0 -999.0 -999.0 147.1 100.5 97.0 146.2 154.8 109.4 84.1 136.8 143.8 144.1 304.9 304.2 146.0 146.4 156.8 138.4 149.2 150.8 147.9 142.6 149.7 114.2 85.5 75.9 111.5 137.4 145.0 139.2 123.4 80.5 79.9 101.7 129.3 126.3 124.4 142.5 128.2 104.1 90.9 92.2 88.8 74.9 54.9
-999.0 -999.0 -999.0 -999.0 -999.0 -999.0 -999.0 -999.0 -999.0 -999.0 -999.0 -999.0 -999.0 -999.0 -999.0 -999.0 -999.0 -999.0 -999.0 -999.0 -999.0 -999.0 -999.0 -999.0 -999.0 -999.0 -999.0 -999.0 -999.0 -999.0 -999.0 -999.0 -999.0 -999.0 140.9 77.6 145.7 147.0 77.8 76.7 96.8 146.8 145.1 230.7 144.1 143.5 152.8 142.8 149.6 151.5 143.9 157.7 108.5 95.3 81.5 82.2 102.9 149.2 142.5 140.5 147.6 99.2 77.8 76.7 72.6 101.1 129.9 214.3 142.5 135.1 122.5 91.1 92.3 78.4 60.8 45.4
-999.0 -999.0 -999.0 -999.0 -999.0 -999.0 -999.0 -999.0 -999.0 -999.0 -999.0 -999.0 -999.0 -999.0 -999.0 -999.0 -999.0 -999.0 -999.0 -999.0 -999.0 -999.0 -999.0 -999.0 -999.0 -999.0 -999.0 -999.0 -999.0 -999.0 -999.0 -999.0 -999.0 -999.0 -999.0 -999.0 74.2 76.8 79.4 116.1 140.7 142.5 160.9 212.3 140.9 147.8 108.6 144.4 162.0 129.6 124.1 115.2 83.9 80.9 84.5 77.4 116.4 157.7 148.0 144.0 141.2 122.9 78.0 70.8 58.1 65.7 61.2 102.6 127.9 117.4 105.8 88.7 55.5 60.0 59.9 41.9
-999.0 -999.0 -999.0 -999.0 -999.0 -999.0 -999.0 -999.0 -999.0 -999.0 -999.0 -999.0 -999.0 -999.0 -999.0 -999.0 -999.0 -999.0 -999.0 -999.0 -999.0 -999.0 -999.0 -999.0 -999.0 -999.0 -999.0 -999.0 -999.0 -999.0 -999.0 -999.0 -999.0 -999.0 -999.0 -999.0 -999.0 -999.0 -999.0 143.4 146.2 160.0 141.4 140.9 182.5 145.1 86.6 129.6 149.2 91.9 113.0 95.4 94.2 86.4 85.0 80.9 80.3 137.3 152.8 148.8 113.2 110.3 75.9 67.0 75.6 44.2 42.8 41.4 57.8 102.0 97.9 80.7 97.3 46.2 54.7 34.8
-999.0 -999.0 -999.0 -999.0 -999.0 -999.0 -999.0 -999.0 -999.0 -999.0 -999.0 -999.0 -999.0 -999.0 -999.0 -999.0 -999.0 -999.0 -999.0 -999.0 -999.0 -999.0 -999.0 -999.0 -999.0 -999.0 -999.0 -999.0 -999.0 -999.0 -999.0 -999.0 -999.0 -999.0 -999.0 -999.0 -999.0 -999.0 -999.0 -999.0 -999.0 -999.0 148.9 146.5 161.6 142.4 91.3 85.1 93.9 83.9 127.4 151.1 146.1 82.5 82.6 81.2 89.6 155.9 128.1 108.8 85.7 76.9 88.8 80.6 46.5 42.9 42.2 38.0 36.4 34.8 48.5 52.6 51.0 54.8 30.4 33.7
-999.0 -999.0 -999.0 -999.0 -999.0 -999.0 -999.0 -999.0 -999.0 -999.0 -999.0 -999.0 -999.0 -999.0 -999.0 -999.0 -999.0 -999.0 -999.0 -999.0 -999.0 -999.0 -999.0 -999.0 -999.0 -999.0 -999.0 -999.0 -999.0 -999.0 -999.0 -999.0 -999.0 -999.0 -999.0 -999.0 -999.0 -999.0 -999.0 -999.0 -999.0 -999.0 -999.0 -999.0 144.1 143.5 79.6 85.2 83.8 86.0 83.6 133.4 153.3 119.0 95.1 130.6 113.2 152.0 154.0 151.9 147.1 99.0 80.4 75.0 56.5 44.1 40.1 37.1 30.0 34.5 33.2 32.2 28.8 17.3 32.4 32.9
-999.0 -999.0 -999.0 -999.0 -999.0 -999.0 -999.0 -999.0 -999.0 -999.0 -999.0 -999.0 -999.0 -999.0 -999.0 -999.0 -999.0 -999.0 -999.0 -999.0 -999.0 -999.0 -999.0 -999.0 -999.0 -999.0 -999.0 -999.0 -999.0 -999.0 -999.0 -999.0 -999.0 -999.0 -999.0 -999.0 -999.0 -999.0 -999.0 -999.0 -999.0 -999.0 -999.0 -999.0 -999.0 113.4 81.8 81.8 84.7 80.9 145.6 141.3 146.2 87.6 83.4 146.3 147.8 144.5 145.9 145.7 142.0 141.9 89.7 73.3 71.8 56.1 39.3 28.0 26.7 23.9 23.7 28.0 23.3 25.6 24.4 29.6
-999.0 -999.0 -999.0 -999.0 -999.0 -999.0 -999.0 -999.0 -999.0 -999.0 -999.0 -999.0 -999.0 -999.0 -999.0 -999.0 -999.0 -999.0 -999.0 -999.0 -999.0 -999.0 -999.0 -999.0 -999.0 -999.0 -999.0 -999.0 -999.0 -999.0 -999.0 -999.0 -999.0 -999.0 -999.0 -999.0 -999.0 -999.0 -999.0 -999.0 -999.0 -999.0 -999.0 -999.0 -999.0 70.4 75.6 77.2 77.2 117.8 147.0 134.1 144.3 93.4 152.1 142.1 157.0 147.9 156.4 125.5 110.1 130.4 129.6 85.6 74.3 66.0 47.0 32.3 24.8 20.2 21.7 21.0 26.1 23.5 19.4 18.5
-999.0 -999.0 -999.0 -999.0 -999.0 -999.0 -999.0 -999.0 -999.0 -999.0 -999.0 -999.0 -999.0 -999.0 -999.0 -999.0 -999.0 -999.0 -999.0 -999.0 -999.0 -999.0 -999.0 -999.0 -999.0 -999.0 -999.0 -999.0 -999.0 -999.0 -999.0 -999.0 -999.0 -999.0 -999.0 -999.0 -999.0 -999.0 -999.0 -999.0 -999.0 -999.0 -999.0 -999.0 70.2 76.3 73.8 121.4 145.8 114.6 148.9 145.0 143.4 144.2 147.6 144.5 180.7 149.5 152.1 144.7 115.7 72.0 122.7 117.5 70.1 72.1 54.8 46.4 26.5 20.2 35.0 28.9 22.7 22.5 19.6 19.1
-999.0 -999.0 -999.0 -999.0 -999.0 -999.0 -999.0 -999.0 -999.0 -999.0 -999.0 -999.0 -999.0 -999.0 -999.0 -999.0 -999.0 -999.0 -999.0 -999.0 -999.0 -999.0 -999.0 -999.0 -999.0 -999.0 -999.0 -999.0 -999.0 -999.0 -999.0 -999.0 -999.0 -999.0 -999.0 -999.0 -999.0 -999.0 -999.0 -999.0 -999.0 -999.0 -999.0 -999.0 72.6 112.4 141.3 150.1 141.7 142.8 155.2 139.9 143.8 151.2 146.0 181.5 137.5 146.7 144.2 141.1 141.7 129.4 76.0 72.2 68.2 66.3 44.7 42.8 25.4 24.3 35.7 38.6 24.5 19.7 19.2 19.7
-999.0 -999.0 -999.0 -999.0 -999.0 -999.0 -999.0 -999.0 -999.0 -999.0 -999.0 -999.0 -999.0 -999.0 -999.0 -999.0 -999.0 -999.0 -999.0 -999.0 -999.0 -999.0 -999.0 -999.0 -999.0 -999.0 -999.0 -999.0 -999.0 -999.0 -999.0 -999.0 -999.0 -999.0 -999.0 -999.0 -999.0 -999.0 -999.0 -999.0 -999.0 -999.0 -999.0 -999.0 100.5 145.1 151.2 138.5 140.4 146.1 137.8 136.4 138.2 145.2 142.6 173.1 143.2 136.6 113.0 111.0 127.7 97.3 71.6 71.9 65.6 70.2 54.8 35.2 36.4 27.2 33.1 33.0 28.5 22.0 17.0 16.5
-999.0 -999.0 -999.0 -999.0 -999.0 -999.0 -999.0 -999.0 -999.0 -999.0 -999.0 -999.0 -999.0 -999.0 -999.0 -999.0 -999.0 -999.0 -999.0 -999.0 -999.0 -999.0 -999.0 -999.0 -999.0 -999.0 -999.0 -999.0 -999.0 -999.0 -999.0 -999.0 -999.0 -999.0 -999.0 -999.0 -999.0 -999.0 -999.0 -999.0 -999.0 -999.0 -999.0 -999.0 121.8 156.5 144.6 142.5 123.6 138.9 140.5 136.9 109.3 133.7 137.0 140.7 138.9 115.8 74.1 71.4 74.1 71.0 68.6 67.8 68.5 55.7 40.3 37.9 37.9 31.7 36.5 45.9 32.2 37.1 20.5 13.3
-999.0 -999.0 -999.0 -999.0 -999.0 -999.0 -999.0 -999.0 -999.0 -999.0 -999.0 -999.0 -999.0 -999.0 -999.0 -999.0 -999.0 -999.0 -999.0 -999.0 -999.0 -999.0 -999.0 -999.0 -999.0 -999.0 -999.0 -999.0 -999.0 -999.0 -999.0 -999.0 -999.0 -999.0 -999.0 -999.0 -999.0 -999.0 -999.0 -999.0 -999.0 -999.0 -999.0 -999.0 89.4 144.9 135.3 104.7 103.0 114.3 111.4 107.8 137.2 141.4 206.0 130.3 131.9 126.7 91.6 113.4 71.4 59.0 55.1 57.2 58.3 47.6 42.0 39.9 41.1 40.0 36.9 48.5 43.4 46.3 26.3 13.3
-999.0 -999.0 -999.0 -999.0 -999.0 -999.0 -999.0 -999.0 -999.0 -999.0 -999.0 -999.0 -999.0 -999.0 -999.0 -999.0 -999.0 -999.0 -999.0 -999.0 -999.0 -999.0 -999.0 -999.0 -999.0 -999.0 -999.0 -999.0 -999.0 -999.0 -999.0 -999.0 -999.0 -999.0 -999.0 -999.0 -999.0 -999.0 -999.0 -999.0 -999.0 -999.0 -999.0 -999.0 80.5 116.2 85.6 84.9 87.7 87.8 91.4 93.0 127.0 128.1 164.7 258.3 190.1 128.6 126.6 129.1 112.8 102.6 56.5 50.3 49.4 43.7 41.0 44.8 42.6 37.6 41.4 48.1 56.1 47.2 28.9 30.1
