GSP_annual_reports_PET_2024_v1/GIS/PET_2022_Spring_Deep.tif
NCOLS 191
NROWS  209
XLLCORNER 6295515.91401
YLLCORNER 1783415.49397
CELLSIZE 1000.0
NODATA_VALUE -999
[rows 66 to 98 of 209, columns 0 to 75 of 191]
-999.0 -999.0 -999.0 -999.0 -999.0 -999.0 -999.0 -999.0 -999.0 99.3 85.9 85.9 80.5 78.6 75.1 92.3 103.4 162.3 189.7 155.5 162.6 141.6 103.2 85.0 62.7 53.1 54.6 52.8 52.9 53.8 59.9 61.3 60.6 62.7 67.4 69.7 71.1 73.2 75.9 74.7 71.8 70.3 72.7 76.2 74.1 66.2 77.7 79.1 93.0 92.3 97.6 104.9 102.6 105.5 107.4 108.9 111.0 114.6 117.7 122.7 120.4 109.5 102.9 115.0 133.5 140.6 140.9 163.3 162.3 161.2 163.2 169.6 165.8 166.6 170.2 157.9
-999.0 -999.0 -999.0 -999.0 -999.0 -999.0 -999.0 -999.0 -999.0 -999.0 103.0 84.8 83.4 83.1 79.6 84.6 91.8 124.3 174.9 173.7 177.9 156.1 106.1 79.6 67.8 52.4 52.8 53.0 54.3 56.8 58.6 59.6 62.6 63.2 67.0 77.9 69.2 72.9 70.9 72.7 71.5 69.4 74.4 74.3 75.0 72.9 76.1 79.0 83.7 94.1 94.9 98.4 106.7 98.0 107.0 107.5 112.2 113.4 118.7 119.6 121.6 111.5 103.7 122.2 130.7 139.9 140.7 160.6 162.8 160.5 159.2 159.3 158.5 161.1 157.4 162.9
-999.0 -999.0 -999.0 -999.0 -999.0 -999.0 -999.0 -999.0 -999.0 -999.0 101.6 82.3 110.7 89.7 83.8 80.2 79.9 94.0 167.4 166.4 180.1 153.4 135.4 77.4 59.7 53.8 53.0 53.4 60.4 68.9 59.5 70.1 76.0 81.1 84.3 73.8 69.8 94.4 70.2 69.2 70.9 76.1 74.2 75.3 75.7 81.4 82.7 94.2 88.4 90.6 96.0 94.2 105.1 99.3 105.9 108.5 113.1 112.0 110.5 121.7 120.8 114.4 103.8 112.0 123.0 129.4 144.0 147.6 162.2 160.2 159.9 156.0 157.3 157.1 160.5 163.3
-999.0 -999.0 -999.0 -999.0 -999.0 -999.0 -999.0 -999.0 -999.0 -999.0 86.9 87.5 147.5 111.5 102.3 88.3 79.7 139.8 167.5 172.7 190.0 160.4 148.7 104.4 93.4 53.0 53.0 55.4 60.4 81.9 70.0 71.9 80.6 77.6 80.7 86.3 94.5 94.6 85.0 83.1 73.0 75.6 75.2 77.2 76.9 80.7 77.3 86.3 89.4 83.0 95.2 91.5 105.6 109.1 108.6 110.6 110.5 114.7 117.3 120.2 112.4 115.2 106.0 112.5 114.0 123.4 130.6 156.1 162.7 159.5 157.8 159.2 157.7 156.2 166.6 171.2
-999.0 -999.0 -999.0 -999.0 -999.0 -999.0 -999.0 -999.0 -999.0 -999.0 89.7 88.0 87.6 145.9 95.1 84.0 74.9 81.0 126.2 158.6 176.1 160.6 144.4 98.6 66.5 55.1 55.1 54.2 66.0 83.4 76.1 78.1 84.5 90.2 94.8 88.9 89.3 94.5 78.3 74.6 70.5 73.9 76.8 76.5 79.2 81.5 79.6 81.3 94.5 93.7 107.6 100.9 104.4 107.1 105.3 109.6 113.2 113.5 115.3 123.7 127.3 114.7 106.8 120.8 110.1 123.0 134.1 146.2 167.7 153.7 161.6 162.4 166.0 168.9 171.9 176.1
-999.0 -999.0 -999.0 -999.0 -999.0 -999.0 -999.0 -999.0 -999.0 -999.0 108.3 90.4 188.6 178.8 92.4 84.1 83.9 92.4 138.5 158.0 170.6 155.2 142.4 103.6 86.3 55.7 56.0 54.6 64.1 69.9 71.7 71.3 76.2 82.5 88.6 74.6 87.6 80.2 74.0 67.9 76.2 75.5 75.2 76.3 78.4 78.7 78.5 81.7 90.7 95.3 99.5 99.6 103.4 102.5 105.9 112.4 114.1 110.0 118.0 122.7 120.7 121.2 114.4 108.3 101.5 114.3 130.5 137.2 155.6 151.0 164.1 171.7 171.2 175.1 180.2 178.0
-999.0 -999.0 -999.0 -999.0 -999.0 -999.0 -999.0 -999.0 -999.0 -999.0 98.6 115.4 220.3 190.7 108.0 85.3 84.9 89.9 159.4 165.3 169.7 151.5 135.7 142.9 106.2 78.9 56.5 57.2 57.1 71.0 64.8 62.9 69.9 71.2 69.8 78.9 74.9 71.4 64.5 65.8 71.4 76.3 75.4 76.4 78.0 78.1 80.2 83.0 92.8 95.9 95.9 101.4 102.4 108.5 107.6 112.6 113.1 114.1 113.9 118.5 137.0 124.1 116.3 107.1 93.0 101.4 115.9 136.6 205.0 202.4 216.7 186.3 172.2 181.5 180.4 183.3
-999.0 -999.0 -999.0 -999.0 -999.0 -999.0 -999.0 -999.0 -999.0 -999.0 -999.0 115.7 190.4 198.0 133.4 83.6 80.2 87.3 131.5 155.8 153.4 132.7 109.6 128.8 115.0 78.7 58.4 57.5 57.8 56.6 65.5 71.2 72.7 76.2 67.2 66.9 70.9 73.7 70.4 70.7 67.4 72.3 76.1 75.7 75.8 78.9 76.3 83.6 93.8 95.3 96.2 100.5 108.0 98.8 107.8 110.4 112.6 113.3 114.4 114.7 118.2 122.5 120.3 113.2 102.2 93.9 146.6 124.0 186.8 295.5 349.1 271.4 202.5 181.9 183.1 188.9
-999.0 -999.0 -999.0 -999.0 -999.0 -999.0 -999.0 -999.0 -999.0 -999.0 -999.0 130.3 215.1 209.9 153.7 87.1 87.7 84.5 94.5 97.1 102.6 94.5 94.8 111.7 140.6 103.9 99.3 87.3 58.9 63.3 72.4 77.8 79.0 81.6 82.6 77.0 68.8 65.7 67.9 75.5 75.9 76.8 74.4 79.6 76.6 76.9 67.9 79.3 84.4 90.3 94.7 95.5 100.3 107.5 99.3 108.6 108.2 111.3 113.3 113.4 116.8 119.5 121.7 121.2 115.7 98.0 134.1 120.5 170.9 226.3 385.9 302.4 230.3 191.1 164.1 190.0
-999.0 -999.0 -999.0 -999.0 -999.0 -999.0 -999.0 -999.0 -999.0 -999.0 -999.0 192.1 197.4 196.0 149.8 101.5 88.3 85.6 89.0 95.7 99.7 134.9 91.4 103.5 134.8 135.6 106.2 77.6 57.1 57.2 73.3 87.5 86.5 86.4 86.8 80.1 76.5 78.2 75.7 77.3 79.0 76.9 79.2 76.7 76.3 79.1 79.6 83.6 87.5 91.1 92.6 92.9 96.0 103.8 104.0 108.4 106.0 111.0 113.1 111.4 113.1 117.6 118.0 121.5 114.8 101.4 119.0 183.8 198.0 252.2 377.4 287.0 243.6 202.2 191.7 196.7
-999.0 -999.0 -999.0 -999.0 -999.0 -999.0 -999.0 -999.0 -999.0 -999.0 -999.0 233.4 240.3 206.4 148.8 102.1 91.8 84.0 88.9 158.0 158.1 154.8 98.3 128.8 130.5 147.1 108.0 110.2 69.1 62.2 61.8 70.3 73.7 85.6 81.8 82.0 78.6 75.1 75.8 77.0 76.7 76.3 75.8 76.7 77.1 78.4 78.4 79.4 83.6 84.2 94.9 93.6 94.4 99.0 105.2 106.0 108.2 107.4 111.8 113.6 115.6 114.7 116.5 121.0 108.2 121.9 153.6 191.3 196.8 248.8 386.7 389.9 256.2 236.9 218.5 190.0
-999.0 -999.0 -999.0 -999.0 -999.0 -999.0 -999.0 -999.0 -999.0 -999.0 -999.0 -999.0 202.0 166.7 153.3 165.2 100.8 88.5 90.6 134.6 168.7 158.1 118.5 131.0 144.9 143.8 110.0 90.1 117.2 58.2 63.8 64.1 80.7 68.0 81.9 75.6 78.1 76.8 77.0 75.2 73.5 69.6 75.9 75.3 76.2 76.8 77.3 79.4 82.8 87.5 94.1 95.0 94.6 95.9 97.9 104.8 99.3 107.4 107.4 107.7 112.5 113.8 116.8 118.7 98.0 137.9 137.1 164.8 180.3 205.6 391.1 403.5 390.1 269.6 228.7 212.7
-999.0 -999.0 -999.0 -999.0 -999.0 -999.0 -999.0 -999.0 -999.0 -999.0 -999.0 -999.0 -999.0 203.2 184.7 196.7 156.3 96.4 90.7 100.2 156.2 185.4 148.7 134.8 151.5 135.2 122.7 99.5 79.6 61.9 61.1 59.3 59.0 58.7 64.7 73.9 77.3 76.3 76.2 70.3 76.2 76.2 72.5 71.7 75.9 76.6 76.7 85.9 81.2 89.1 91.3 94.7 96.2 95.6 90.2 99.7 103.6 109.4 107.1 101.2 111.3 113.9 117.7 121.4 102.7 128.5 125.9 219.1 204.2 201.4 284.3 388.8 388.8 401.0 295.4 263.3
-999.0 -999.0 -999.0 -999.0 -999.0 -999.0 -999.0 -999.0 -999.0 -999.0 -999.0 -999.0 -999.0 -999.0 226.4 202.5 157.2 92.3 93.1 91.8 152.6 178.7 127.9 112.2 126.6 148.1 119.5 106.1 95.1 76.7 65.1 65.6 61.3 62.4 83.3 79.4 78.3 76.2 70.6 72.9 69.0 70.3 77.2 75.6 75.4 77.5 76.2 79.3 78.7 81.1 82.4 90.3 95.2 95.2 95.3 95.1 100.7 101.7 107.7 96.7 109.4 109.5 111.7 117.4 107.9 121.3 156.7 222.8 278.3 321.9 299.6 387.5 388.8 385.5 389.9 397.8
-999.0 -999.0 -999.0 -999.0 -999.0 -999.0 -999.0 -999.0 -999.0 -999.0 -999.0 -999.0 -999.0 -999.0 -999.0 197.7 197.8 152.3 103.3 95.5 101.2 170.9 102.4 125.3 147.7 155.9 148.5 108.6 105.3 81.8 71.5 67.5 62.7 64.6 74.6 75.8 72.5 67.8 68.3 70.2 76.4 76.1 74.9 77.4 76.9 78.0 78.6 79.4 79.3 82.8 83.7 83.9 90.2 92.7 95.3 94.3 96.5 94.8 105.3 103.5 108.2 105.9 109.6 109.7 110.5 108.4 169.4 210.8 383.1 399.5 386.7 386.9 389.9 385.7 387.7 394.6
-999.0 -999.0 -999.0 -999.0 -999.0 -999.0 -999.0 -999.0 -999.0 -999.0 -999.0 -999.0 -999.0 -999.0 -999.0 213.7 214.5 187.5 118.1 94.0 100.0 94.9 92.3 152.1 153.7 153.4 148.0 110.0 106.4 103.9 77.4 60.8 68.1 68.8 70.6 66.0 66.6 62.9 94.6 75.9 74.8 72.3 73.1 76.8 76.4 76.7 76.9 79.6 80.4 82.0 82.8 82.8 84.4 90.9 94.2 94.6 95.3 101.1 102.7 102.5 104.8 106.1 101.7 105.6 107.5 102.4 170.4 284.0 344.0 395.4 385.7 386.9 394.7 387.7 389.9 389.9
-999.0 -999.0 -999.0 -999.0 -999.0 -999.0 -999.0 -999.0 -999.0 -999.0 -999.0 -999.0 -999.0 -999.0 -999.0 205.3 166.8 166.1 101.1 94.7 89.9 98.7 98.4 125.0 153.6 144.0 102.0 111.5 103.9 77.9 74.1 71.7 65.2 68.4 67.0 64.1 70.4 75.1 76.4 71.0 67.6 71.3 74.6 75.9 76.9 76.7 76.8 76.9 79.1 79.5 81.5 82.8 83.7 85.7 95.2 94.7 96.2 94.7 99.5 97.5 104.4 106.6 104.3 106.1 102.7 114.9 175.3 315.7 393.7 385.6 386.7 386.7 389.9 392.3 388.7 402.8
-999.0 -999.0 -999.0 -999.0 -999.0 -999.0 -999.0 -999.0 -999.0 -999.0 -999.0 -999.0 -999.0 -999.0 -999.0 131.4 150.6 105.2 102.7 164.7 174.4 120.5 97.9 105.6 111.4 133.6 156.1 110.7 103.6 78.1 77.0 65.1 60.5 67.1 67.2 63.7 66.4 69.2 69.2 69.1 77.1 75.7 76.9 76.8 76.7 76.0 69.2 76.7 78.4 76.7 78.2 79.4 83.7 90.5 94.1 94.2 95.0 94.7 95.3 96.8 100.5 101.3 102.3 102.3 106.3 111.8 123.2 262.8 393.7 384.5 386.7 386.7 387.5 387.9 389.9 397.8
-999.0 -999.0 -999.0 -999.0 -999.0 -999.0 -999.0 -999.0 -999.0 -999.0 -999.0 -999.0 -999.0 -999.0 -999.0 168.3 97.5 102.7 164.5 200.2 193.6 154.2 98.5 101.9 110.4 169.1 159.9 106.1 103.0 122.0 80.7 80.0 64.6 65.1 65.9 64.2 63.6 66.6 64.5 68.2 77.6 77.2 77.5 76.9 76.2 75.4 76.2 76.7 76.6 76.9 79.4 81.5 81.5 83.9 84.3 91.7 94.1 94.5 96.4 96.2 95.0 99.8 100.5 99.1 106.8 109.9 125.1 215.8 342.6 396.1 396.2 386.7 385.8 398.6 394.2 397.8
-999.0 -999.0 -999.0 -999.0 -999.0 -999.0 -999.0 -999.0 -999.0 -999.0 -999.0 -999.0 -999.0 -999.0 -999.0 94.2 98.7 144.2 163.7 214.2 221.3 187.0 110.0 102.4 151.8 218.3 181.5 135.1 106.1 132.2 118.5 93.5 72.7 63.8 65.8 65.4 59.3 61.2 66.2 67.4 70.7 75.1 76.6 74.7 66.6 65.7 77.5 76.7 74.6 75.1 78.3 79.7 79.6 80.5 83.7 87.6 90.9 93.8 94.7 92.2 95.9 95.4 95.3 99.1 104.3 108.9 96.5 167.4 244.4 387.9 396.2 395.3 386.9 398.5 389.4 392.9
-999.0 -999.0 -999.0 -999.0 -999.0 -999.0 -999.0 -999.0 -999.0 -999.0 -999.0 -999.0 -999.0 -999.0 -999.0 -999.0 165.5 194.3 206.4 200.9 207.7 160.9 115.0 97.4 172.8 210.6 168.4 119.3 151.6 155.0 117.6 109.3 86.2 71.4 69.2 68.0 64.0 61.2 63.1 64.6 70.2 69.8 74.7 72.3 76.3 76.6 75.4 76.5 75.7 76.6 76.9 78.2 79.6 79.2 74.7 83.2 84.2 91.7 90.2 95.3 93.7 96.0 96.0 98.0 102.6 112.3 112.3 152.0 219.6 252.7 386.7 386.7 396.2 400.2 388.2 390.1
-999.0 -999.0 -999.0 -999.0 -999.0 -999.0 -999.0 -999.0 -999.0 -999.0 -999.0 -999.0 -999.0 -999.0 -999.0 -999.0 195.0 300.0 305.5 249.7 203.4 186.7 151.7 96.7 130.8 187.9 156.9 164.5 160.4 144.0 180.6 118.1 105.3 80.1 73.3 69.4 68.1 63.5 58.7 61.6 70.2 69.8 69.7 69.7 75.5 75.5 72.4 73.0 76.5 77.2 76.2 76.6 76.7 76.9 78.5 81.4 81.7 83.7 91.0 87.6 94.2 94.9 95.2 95.3 106.8 111.4 108.5 129.3 181.2 279.0 385.6 386.7 397.3 397.1 407.1 390.1
-999.0 -999.0 -999.0 -999.0 -999.0 -999.0 -999.0 -999.0 -999.0 -999.0 -999.0 -999.0 -999.0 -999.0 -999.0 -999.0 195.4 302.4 342.4 323.0 234.2 202.5 174.8 102.2 144.7 191.7 205.8 215.3 153.0 145.5 121.8 108.0 108.2 102.7 102.6 74.1 68.2 65.2 62.8 69.4 68.3 67.3 70.0 71.9 74.1 69.9 76.0 75.8 76.6 75.4 76.0 77.5 77.5 76.7 78.7 79.4 79.4 81.7 82.4 82.0 84.3 84.4 94.2 96.0 100.5 107.3 110.0 118.7 135.2 247.8 298.6 386.7 386.7 401.7 390.4 391.9
-999.0 -999.0 -999.0 -999.0 -999.0 -999.0 -999.0 -999.0 -999.0 -999.0 -999.0 -999.0 -999.0 -999.0 -999.0 -999.0 194.7 206.9 343.0 324.5 304.1 219.2 200.2 147.2 149.1 218.3 217.8 202.2 211.3 161.9 167.4 105.2 115.6 103.4 105.8 77.5 65.6 62.3 67.7 63.5 65.1 64.5 66.6 69.7 69.7 76.4 75.3 75.8 75.9 75.8 75.8 76.3 77.0 76.9 76.7 78.4 79.3 79.8 79.3 83.9 82.4 84.2 85.8 94.5 96.3 100.1 105.5 110.7 97.6 153.8 210.4 396.2 386.7 387.4 391.6 393.6
-999.0 -999.0 -999.0 -999.0 -999.0 -999.0 -999.0 -999.0 -999.0 -999.0 -999.0 -999.0 -999.0 -999.0 -999.0 -999.0 262.1 301.9 339.3 255.5 253.6 201.2 162.9 100.5 136.5 192.1 204.6 216.2 241.1 209.7 158.4 117.3 104.0 91.9 104.2 85.3 73.0 68.4 63.7 62.3 66.3 68.4 70.1 70.2 73.5 75.0 73.4 75.1 76.0 76.6 75.8 74.1 76.3 77.1 76.7 78.0 78.0 77.9 78.4 78.7 80.2 83.7 87.8 84.2 92.6 95.9 100.3 106.5 116.9 121.9 204.5 263.9 396.2 396.9 401.1 399.1
-999.0 -999.0 -999.0 -999.0 -999.0 -999.0 -999.0 -999.0 -999.0 -999.0 -999.0 -999.0 -999.0 -999.0 -999.0 -999.0 257.9 356.2 360.3 258.6 190.4 187.5 128.2 97.3 123.0 172.2 217.4 235.4 204.6 223.9 155.4 110.7 112.1 113.5 110.2 105.6 78.1 71.0 70.0 67.9 56.7 66.6 69.2 69.7 75.8 73.3 74.4 73.7 75.4 71.0 74.6 77.1 76.6 77.0 76.7 76.7 76.1 76.6 78.0 79.1 79.4 81.5 79.6 81.5 85.2 92.8 94.7 95.9 106.7 114.5 99.6 180.5 219.1 400.3 400.8 399.6
-999.0 -999.0 -999.0 -999.0 -999.0 -999.0 -999.0 -999.0 -999.0 -999.0 -999.0 -999.0 -999.0 -999.0 -999.0 -999.0 247.5 354.4 362.1 254.7 195.9 156.7 136.1 203.8 168.7 150.4 200.1 245.7 200.0 164.3 121.0 152.6 133.6 148.3 103.6 117.9 99.1 84.8 96.0 81.2 69.1 64.6 71.0 68.7 70.6 72.3 69.8 71.0 70.7 74.8 75.6 75.9 76.3 76.9 76.2 76.7 76.7 77.5 76.7 76.9 78.9 79.6 78.7 79.6 81.5 83.7 88.9 94.1 98.2 99.0 112.1 154.3 177.6 215.7 296.0 392.1
-999.0 -999.0 -999.0 -999.0 -999.0 -999.0 -999.0 -999.0 -999.0 -999.0 -999.0 -999.0 -999.0 -999.0 -999.0 207.0 350.3 297.5 306.6 252.7 188.5 159.2 177.8 207.7 217.3 165.5 203.9 224.1 209.5 191.2 166.0 190.7 180.9 175.1 149.1 106.6 120.2 109.0 105.3 80.4 67.2 66.7 64.8 64.5 64.3 62.8 69.6 73.5 73.1 75.8 75.5 74.7 74.5 77.3 76.6 77.2 76.8 76.6 76.7 76.8 64.4 79.8 79.8 79.6 79.4 82.7 82.8 91.6 96.3 103.8 107.7 89.7 118.1 158.5 216.2 256.9
-999.0 -999.0 -999.0 -999.0 -999.0 -999.0 -999.0 -999.0 -999.0 -999.0 -999.0 -999.0 -999.0 -999.0 -999.0 234.4 332.0 325.3 240.7 252.2 199.9 157.8 235.1 270.7 200.9 189.0 204.6 217.8 210.4 151.3 161.4 193.6 192.9 198.9 182.6 154.0 138.1 117.5 102.5 81.8 71.0 68.2 66.2 66.9 64.3 60.6 75.2 71.2 70.2 72.4 75.9 75.1 75.9 77.0 77.0 75.5 76.6 76.0 75.8 60.8 76.2 79.5 76.7 79.1 71.4 78.5 81.7 90.3 95.9 94.4 107.0 113.9 111.6 146.1 164.5 198.9
-999.0 -999.0 -999.0 -999.0 -999.0 -999.0 -999.0 -999.0 -999.0 -999.0 -999.0 -999.0 -999.0 -999.0 170.9 325.0 333.9 169.4 171.2 166.0 162.8 177.2 270.9 323.1 269.9 194.4 218.1 216.5 209.4 203.0 172.9 204.0 209.5 196.7 178.4 192.9 155.4 97.1 117.1 113.8 68.3 73.2 71.1 65.7 65.3 64.2 73.2 75.0 74.9 75.4 76.0 74.6 75.1 76.6 76.6 75.8 75.9 76.6 61.6 77.0 76.8 76.7 79.6 79.4 83.7 82.8 77.3 89.7 94.7 96.2 101.7 112.1 110.2 124.4 155.6 187.6
-999.0 -999.0 -999.0 -999.0 -999.0 -999.0 -999.0 -999.0 -999.0 -999.0 -999.0 -999.0 -999.0 -999.0 349.9 352.1 257.5 332.6 193.3 178.8 259.8 164.6 266.8 324.8 333.2 265.4 215.3 229.7 236.2 210.5 201.6 212.5 213.1 207.8 165.7 149.9 154.0 100.0 99.6 74.1 78.7 76.7 78.2 71.5 64.6 69.4 69.8 72.6 73.5 76.1 75.9 75.9 77.1 77.1 76.6 76.0 75.8 75.9 76.9 77.7 76.8 77.4 79.6 77.9 78.5 82.1 91.2 94.3 94.7 96.4 99.7 104.0 116.6 115.9 153.8 164.5
-999.0 -999.0 -999.0 -999.0 -999.0 -999.0 -999.0 -999.0 -999.0 -999.0 -999.0 -999.0 -999.0 343.4 356.5 351.4 353.2 348.9 172.0 310.2 254.9 188.5 240.8 272.5 354.1 298.5 264.3 273.3 257.6 254.8 214.8 215.7 201.2 203.2 199.8 123.1 139.6 136.7 111.0 80.1 78.1 92.1 86.7 96.8 71.1 94.4 62.4 62.7 73.2 75.1 76.0 75.9 76.0 76.3 74.7 73.4 75.7 75.9 76.4 75.8 76.7 76.9 79.7 79.3 84.2 86.2 95.1 94.3 96.4 95.5 109.7 108.7 114.9 117.7 93.3 146.0
-999.0 -999.0 -999.0 -999.0 -999.0 -999.0 -999.0 -999.0 -999.0 -999.0 -999.0 -999.0 -999.0 235.3 349.6 358.9 347.6 333.4 220.9 348.3 344.5 210.9 219.6 359.3 363.2 212.6 205.1 227.2 283.2 204.1 204.4 215.0 168.2 165.5 162.8 128.8 100.6 97.6 90.5 82.6 110.0 116.5 103.3 100.8 101.0 73.3 112.6 117.8 69.6 73.2 68.5 72.3 75.9 74.8 75.1 64.9 75.9 74.6 76.9 76.6 76.9 79.6 81.6 81.4 82.4 87.0 91.7 93.4 94.8 99.3 103.2 108.8 115.1 115.5 115.5 95.8
