GSP_annual_reports_PET_2024_v1/GIS/PET_2022_Fall_Shallow.tif
NCOLS 191
NROWS  209
XLLCORNER 6295515.91401
YLLCORNER 1783415.49397
CELLSIZE 1000.0
NODATA_VALUE -999
[rows 136 to 169 of 209, columns 76 to 151 of 191]
32.2 32.9 12.6 11.0 15.0 12.7 20.1 24.5 27.5 30.1 30.0 38.3 42.5 50.3 52.5 59.0 64.6 67.1 71.3 77.3 88.0 100.3 124.7 121.8 110.4 114.8 130.0 128.5 163.6 159.8 217.5 226.6 236.6 302.1 316.9 396.4 426.2 425.9 424.3 424.3 409.4 263.6 215.3 249.4 219.3 215.1 163.7 80.2 56.9 49.8 47.9 43.1 39.9 37.2 38.3 35.8 36.1 35.7 27.8 33.8 26.6 32.8 28.5 27.7 28.3 27.6 27.9 33.3 37.1 40.6 50.6 55.5 70.0 81.3 199.9 224.4
82.8 40.9 44.5 10.3 9.3 10.4 12.9 17.5 23.7 26.2 28.5 30.2 29.4 43.6 43.8 49.2 52.6 56.6 61.3 70.3 81.0 92.1 90.5 94.8 92.0 91.8 96.9 102.2 129.5 198.0 189.7 199.7 197.1 236.2 326.4 370.0 371.9 425.4 427.0 427.0 432.6 425.9 214.7 214.9 291.4 212.2 154.9 79.7 58.1 48.9 45.7 39.7 35.9 36.6 34.3 35.2 28.6 34.4 27.7 27.5 25.3 32.0 23.0 28.5 25.0 26.9 27.8 28.2 33.0 39.8 59.4 50.4 74.9 81.1 157.3 197.6
34.1 33.8 19.6 21.9 14.1 11.2 5.9 12.2 18.3 22.0 26.6 29.3 28.8 29.5 37.6 45.6 47.6 48.3 55.1 60.9 69.8 86.0 95.0 95.2 93.0 89.6 72.9 97.0 96.2 123.3 154.7 160.7 152.6 223.3 232.6 238.4 231.0 223.0 289.7 358.0 426.4 426.4 427.5 211.9 226.9 211.3 124.0 81.0 54.9 49.5 47.8 41.6 37.8 35.3 35.6 34.8 29.1 27.2 27.2 27.9 26.5 23.3 28.4 24.5 21.0 24.4 23.7 26.9 27.6 37.0 39.0 79.9 74.6 148.0 129.6 145.1
38.2 28.5 40.5 24.7 12.3 9.5 10.6 7.3 12.2 15.2 21.4 23.8 25.7 27.1 30.1 32.6 42.0 45.9 47.2 51.5 57.3 57.6 72.0 84.6 79.7 70.1 126.5 129.0 130.4 153.3 101.2 144.5 115.8 140.7 165.5 171.7 189.8 209.6 210.0 299.1 332.1 432.4 346.6 227.0 191.5 210.9 127.3 69.0 60.4 52.2 47.8 45.5 39.3 37.3 35.9 26.7 27.8 26.6 27.2 24.9 24.2 26.7 23.4 24.3 21.3 20.3 19.8 23.1 27.9 34.0 37.0 39.7 71.6 100.7 150.7 81.6
66.6 30.8 24.3 21.1 9.6 6.4 4.2 9.3 8.1 13.2 14.4 14.4 20.7 23.2 28.1 29.4 29.8 33.3 47.5 48.8 51.8 58.0 59.9 59.7 60.9 122.2 138.7 142.9 142.5 141.6 130.6 96.2 144.1 115.0 134.2 148.7 162.8 166.2 185.5 219.4 221.3 310.4 323.5 214.0 187.6 122.7 102.4 81.5 56.1 52.3 48.1 41.9 39.7 37.3 36.9 27.6 36.4 33.8 27.4 22.1 23.4 21.1 21.3 21.4 22.6 19.7 19.9 20.9 24.2 27.8 34.2 40.0 48.1 101.5 148.1 70.8
96.8 83.6 30.3 24.2 13.5 4.0 3.1 3.1 8.4 8.6 6.4 7.3 11.4 14.9 18.4 23.9 26.8 29.1 31.6 36.1 46.5 51.7 47.3 50.2 37.2 88.6 69.6 89.9 121.8 151.9 153.1 159.3 157.4 158.2 117.7 131.7 169.3 198.2 212.4 218.4 215.0 263.2 304.4 246.0 174.0 123.3 201.5 105.1 75.1 52.2 46.9 41.4 39.4 37.7 36.3 35.4 34.7 27.0 26.7 21.3 22.0 20.9 19.5 18.9 20.4 18.2 16.3 19.8 20.9 26.9 27.2 35.1 44.9 56.5 118.3 60.4
75.9 86.3 33.3 30.2 27.1 2.9 3.3 3.0 2.8 5.5 6.9 7.7 4.9 6.5 11.4 13.4 18.2 22.6 28.3 30.2 37.3 39.0 42.0 41.8 48.1 74.9 168.3 156.3 142.8 138.2 166.2 203.3 183.1 198.3 149.1 132.9 154.0 198.2 191.6 196.2 211.2 223.4 301.4 217.4 208.4 226.1 316.3 160.9 121.9 136.2 47.5 45.7 39.2 37.6 34.2 31.1 30.5 27.6 24.6 26.7 18.5 19.9 18.5 18.1 20.7 17.8 17.7 18.1 19.5 20.8 27.0 35.6 40.6 48.9 77.5 44.5
94.1 98.2 80.8 88.0 37.4 23.7 3.1 3.3 4.4 2.8 3.1 2.5 6.0 6.5 1.0 6.6 13.3 12.9 16.0 25.0 26.2 28.8 29.3 30.1 51.0 77.5 150.2 149.8 164.7 200.9 152.9 199.7 192.6 192.5 208.9 169.5 136.3 163.8 174.3 222.2 220.8 225.8 216.7 227.8 217.1 340.0 430.4 331.3 221.6 118.9 146.4 48.1 46.0 39.7 36.7 26.7 27.7 26.7 23.6 18.1 19.5 20.5 17.6 17.3 17.1 17.6 16.9 17.1 18.1 18.7 20.6 28.4 36.9 43.9 40.1 68.5
80.1 71.7 49.1 47.1 41.6 -3.6 8.4 4.1 5.2 3.5 3.9 3.7 3.3 1.3 1.4 -10.4 -12.8 1.5 14.7 17.9 21.3 23.3 23.0 23.8 32.0 140.2 72.6 81.2 156.3 170.1 195.3 204.5 218.1 208.4 204.5 188.3 173.2 167.1 190.5 219.3 248.9 219.9 221.4 215.5 219.8 368.8 430.4 432.3 432.3 217.2 129.7 73.1 53.7 46.8 36.5 30.1 27.5 27.3 22.4 20.3 19.5 19.9 19.0 17.5 17.1 18.5 15.2 16.5 16.4 13.3 19.1 22.8 36.1 43.3 38.5 130.6
126.6 73.7 62.4 43.4 26.4 -7.4 7.0 3.6 4.5 7.0 5.1 2.5 2.4 4.0 4.8 4.5 -2.6 4.5 1.0 8.7 13.5 12.7 15.3 14.8 17.3 45.7 38.8 56.4 110.0 159.7 177.5 188.7 202.3 209.8 222.5 191.6 202.8 205.1 220.2 283.4 247.8 271.2 245.5 231.0 228.1 430.2 430.4 431.3 348.7 208.5 219.2 113.3 68.1 44.5 36.2 27.8 26.9 21.6 22.5 19.0 21.4 19.3 18.0 17.1 16.7 16.8 15.0 15.8 16.0 15.8 13.2 18.4 27.5 30.9 40.9 38.6
146.8 113.8 60.8 50.2 37.3 -5.2 -1.6 3.4 2.8 4.1 3.6 3.2 2.6 2.9 3.8 3.7 5.2 1.3 2.9 -3.5 6.2 7.5 10.4 14.2 14.5 16.9 27.3 104.3 165.0 208.4 162.4 186.7 179.9 191.2 215.7 308.2 207.0 200.2 193.5 214.9 270.7 327.0 311.6 287.8 229.3 277.8 430.4 442.1 432.3 432.3 381.7 222.1 96.3 47.7 36.8 36.2 27.6 26.1 22.0 17.0 17.3 17.2 17.2 17.0 16.5 16.6 16.6 15.7 16.9 16.3 16.0 17.0 19.8 26.0 31.0 35.9
146.0 133.5 120.3 75.6 45.7 37.4 23.3 -6.1 32.1 21.8 17.9 4.6 17.9 43.5 4.9 2.8 3.3 4.2 4.3 4.3 4.2 0.6 7.4 9.8 8.9 10.7 14.2 60.5 154.1 185.3 116.4 214.8 268.9 220.5 211.4 245.5 267.3 216.1 199.9 218.3 311.7 226.8 223.6 226.5 234.9 299.9 430.4 435.5 431.3 439.5 302.3 429.6 347.0 120.1 44.7 40.2 33.8 24.3 21.0 17.9 16.5 16.8 18.0 16.5 15.5 16.4 17.2 15.8 16.8 16.7 15.9 15.9 16.9 19.4 25.1 35.7
129.3 135.3 141.1 115.3 74.5 46.2 31.7 27.3 41.4 36.9 66.4 34.4 115.5 103.5 15.2 4.6 3.8 3.9 3.7 5.0 4.5 4.1 5.0 4.3 9.4 6.8 9.5 15.4 70.1 172.3 175.0 280.9 298.3 309.3 287.3 208.2 200.0 185.9 190.4 215.6 218.0 220.0 218.7 284.6 307.5 322.8 346.6 432.6 440.1 431.6 431.6 429.9 398.6 209.7 70.9 45.0 37.8 24.9 22.9 20.2 18.0 17.3 14.9 18.7 15.9 17.3 17.4 17.3 17.2 17.4 17.5 18.4 17.3 18.2 21.0 31.8
153.9 128.7 119.6 119.0 108.7 58.7 122.1 54.9 42.5 38.1 48.2 111.3 131.4 126.0 112.6 4.4 4.3 3.2 7.8 3.5 3.8 3.9 4.8 5.9 5.0 5.5 10.1 14.2 17.0 37.9 163.9 192.0 203.4 187.5 190.2 210.6 187.6 193.1 186.6 192.4 209.2 218.0 225.7 217.4 319.8 364.3 373.4 438.0 432.6 439.5 432.6 354.0 188.8 111.1 77.8 53.1 37.7 29.2 22.4 19.6 17.7 17.1 17.2 17.7 16.9 17.1 17.1 17.4 17.1 12.7 18.1 18.1 18.1 17.2 17.2 17.8
295.3 204.7 129.1 121.9 79.5 117.9 121.8 64.0 47.6 81.3 44.1 104.5 160.7 135.2 127.5 93.8 3.9 3.4 3.3 3.3 3.3 3.8 5.2 3.6 6.3 5.5 4.8 7.0 14.9 37.9 151.4 148.6 161.5 212.7 280.5 273.8 233.4 226.6 209.3 185.9 218.6 203.6 214.9 218.8 264.4 393.7 438.8 435.6 433.5 434.5 433.5 431.9 431.9 214.7 92.8 45.1 35.0 25.2 18.9 19.1 15.5 14.9 15.0 14.8 14.7 14.5 14.5 14.6 14.6 14.6 14.6 15.6 14.8 10.3 14.6 14.6
300.7 282.2 130.4 123.5 119.1 109.7 117.5 64.2 60.3 112.8 115.9 126.1 133.5 157.8 154.5 126.1 34.7 5.3 4.3 3.3 3.3 3.1 3.3 3.7 5.4 3.6 3.3 4.3 7.0 16.8 36.9 92.3 137.4 158.0 183.9 238.2 375.3 318.5 291.0 223.5 187.2 205.9 221.5 222.4 215.4 358.0 445.1 445.7 432.9 435.3 434.2 433.9 310.0 199.5 150.8 66.9 34.4 30.8 22.1 19.5 14.2 13.4 14.5 13.3 13.3 13.3 13.3 14.4 13.4 13.3 13.3 13.3 13.3 13.3 13.3 13.3
169.7 204.7 155.7 243.9 127.1 123.1 144.2 119.1 61.5 61.3 110.7 133.2 197.8 121.6 123.9 124.3 36.7 5.1 4.0 4.0 3.2 3.1 3.2 3.4 3.4 3.4 4.3 3.2 3.0 3.6 7.1 13.8 48.1 58.1 151.4 164.4 191.5 225.2 215.2 178.1 190.1 192.8 194.1 218.1 226.2 214.0 430.5 446.0 425.6 433.9 445.1 432.6 385.5 294.5 288.5 107.4 72.0 39.9 33.3 28.8 15.5 14.0 13.5 13.7 13.3 13.3 13.3 14.3 9.0 13.3 9.3 13.3 13.3 13.2 13.3 13.3
127.7 199.4 195.2 168.5 126.8 127.1 117.6 74.1 77.0 118.2 106.5 182.9 132.4 121.4 126.0 82.5 29.3 32.2 28.5 27.3 3.4 3.3 3.2 3.2 3.2 3.3 3.3 3.4 2.1 2.4 5.4 7.5 14.2 23.8 144.6 190.3 212.4 192.5 201.9 193.7 193.2 191.2 201.3 212.4 224.4 214.7 432.9 433.5 447.3 441.5 444.1 431.7 432.7 432.7 220.2 174.7 88.2 47.3 36.7 28.9 15.6 13.1 14.1 13.2 13.1 13.0 13.0 13.0 13.2 13.3 13.1 7.9 13.1 13.1 13.2 13.0
167.9 237.2 154.9 188.9 175.6 127.7 128.9 118.4 115.8 123.6 117.7 171.7 124.3 69.7 58.8 48.5 111.5 39.7 39.6 95.4 24.3 23.0 3.2 3.3 3.1 3.1 3.3 3.1 2.5 2.6 4.4 7.2 6.8 17.1 53.4 149.1 269.4 278.8 216.3 213.7 210.5 194.1 193.2 204.9 223.8 221.3 254.4 441.5 435.6 438.9 434.6 433.3 422.5 432.3 405.2 218.6 172.0 74.1 40.6 34.9 70.4 23.2 13.0 13.9 12.7 13.9 12.8 13.6 12.9 13.9 13.0 12.8 13.0 13.1 12.9 12.9
129.2 185.3 129.2 209.8 254.0 127.9 196.9 118.8 132.3 317.0 179.5 122.9 111.8 116.6 125.7 120.8 120.4 57.5 46.7 63.4 49.6 3.4 3.3 3.2 3.2 3.2 3.0 2.5 2.5 2.3 3.1 4.3 6.7 12.8 29.0 94.9 173.7 303.9 298.3 232.0 202.9 216.7 194.4 199.6 213.4 223.5 224.8 291.7 397.7 447.5 436.4 419.5 433.3 432.3 432.6 304.9 216.5 110.4 55.2 42.0 30.6 43.0 18.2 11.4 11.3 11.3 12.3 11.3 11.4 11.4 7.5 11.4 11.4 11.4 12.5 11.4
131.5 145.4 171.8 123.4 175.6 174.0 128.8 120.4 131.9 299.0 241.1 161.6 159.0 220.5 194.6 132.9 135.2 99.3 78.9 51.5 19.6 18.3 3.2 3.2 3.1 3.1 3.1 3.2 2.5 2.4 2.6 2.8 3.0 -8.9 59.6 57.6 135.1 175.2 300.1 256.2 217.3 210.2 219.0 196.3 206.6 227.2 226.9 295.7 331.5 428.1 447.2 447.3 432.3 442.4 426.2 432.4 429.2 192.2 75.7 43.6 28.7 21.1 28.8 11.3 11.4 11.7 12.7 11.4 11.3 11.3 11.3 11.4 11.4 11.4 11.4 5.8
135.6 119.3 131.0 140.1 159.8 159.0 124.0 133.9 251.6 134.3 176.0 154.0 286.7 214.2 189.2 224.6 163.3 119.9 125.2 109.2 21.1 3.2 2.8 3.3 3.0 3.0 3.1 3.1 3.1 2.5 3.1 3.3 3.6 14.8 50.9 56.9 118.3 150.6 159.1 266.1 264.3 230.9 220.7 203.6 200.9 221.0 228.6 270.9 420.1 437.9 449.1 421.1 446.0 437.3 443.7 443.7 439.3 414.0 291.8 145.7 80.3 27.9 16.1 10.8 10.4 12.3 10.4 10.4 10.4 10.4 10.5 10.4 10.4 10.5 10.4 10.5
118.6 120.9 -999.0 130.0 131.3 172.4 185.5 179.1 135.6 122.5 122.6 147.3 293.5 150.8 132.3 158.7 130.7 121.7 134.4 118.8 46.5 2.7 2.5 2.6 2.7 2.9 2.7 2.9 2.8 3.1 3.2 3.1 3.4 3.2 19.7 56.4 67.3 94.5 149.6 213.4 241.3 304.6 255.0 231.4 208.4 185.6 231.8 377.7 437.3 438.8 368.0 337.1 400.3 430.4 434.1 441.0 435.3 426.6 428.1 343.2 204.3 80.3 11.6 10.4 8.8 10.4 10.4 10.4 10.5 10.4 10.4 10.5 10.4 10.5 10.5 10.4
-999.0 -999.0 -999.0 -999.0 -999.0 313.1 319.1 126.0 132.2 101.4 127.1 204.9 181.7 182.8 103.1 127.1 49.7 42.0 116.1 117.0 71.6 5.3 2.6 2.3 2.3 2.5 2.6 2.5 2.8 3.0 3.0 3.0 3.3 3.8 5.7 39.4 55.6 137.3 140.1 168.3 203.5 294.1 288.0 314.7 227.4 196.5 168.8 226.2 336.6 335.0 314.7 319.3 234.2 356.4 431.0 442.8 428.6 431.3 439.0 424.5 195.8 35.0 19.1 6.4 3.4 6.8 6.6 6.4 6.4 6.5 6.4 6.4 6.4 6.4 6.5 6.4
-999.0 -999.0 -999.0 -999.0 -999.0 -999.0 283.5 187.8 98.7 124.6 124.8 129.0 123.3 106.6 74.2 46.1 37.7 26.3 18.5 10.2 6.8 2.8 4.2 45.5 45.1 3.4 2.5 2.5 2.5 2.8 2.9 3.0 3.3 3.6 15.8 28.4 49.2 144.8 133.2 158.3 172.6 190.2 196.2 329.2 272.5 230.8 173.0 185.8 221.7 224.8 219.5 315.2 227.4 287.4 346.8 309.5 337.5 437.6 440.0 440.0 317.5 173.1 33.1 7.6 6.7 6.4 6.4 7.5 6.4 6.3 6.4 6.5 6.5 6.7 6.5 6.5
-999.0 -999.0 -999.0 -999.0 -999.0 -999.0 135.1 121.9 96.3 137.0 255.9 270.3 191.8 132.7 100.4 119.4 46.8 12.0 10.5 6.6 5.2 2.5 3.0 28.2 42.4 41.9 2.4 2.2 2.3 2.5 2.7 2.7 2.9 3.1 10.3 16.6 55.7 139.5 147.6 152.2 164.7 109.3 203.9 277.5 257.9 287.6 247.7 223.5 140.4 92.5 144.5 196.2 150.8 233.1 237.4 215.1 166.7 225.6 307.6 440.0 236.2 179.9 30.1 9.1 3.3 6.3 6.3 6.4 6.3 6.3 4.7 6.6 6.6 6.7 6.5 7.6
-999.0 -999.0 -999.0 -999.0 -999.0 -999.0 125.1 86.4 132.4 138.6 127.1 139.0 126.9 124.0 83.9 96.6 52.5 11.9 43.0 38.8 4.7 3.5 3.0 4.6 2.4 2.1 2.2 2.1 2.3 2.4 2.6 2.6 2.8 3.1 14.3 4.2 35.5 63.1 108.3 147.2 79.4 101.3 191.0 222.6 278.9 223.2 397.6 347.6 286.1 216.8 148.8 83.0 90.0 79.0 118.7 134.8 149.6 149.8 235.0 319.8 350.3 259.3 115.2 6.1 6.8 6.3 6.3 6.3 6.5 3.8 6.6 6.3 6.3 6.4 6.4 6.5
-999.0 -999.0 -999.0 -999.0 -999.0 -999.0 -999.0 116.5 119.4 67.9 34.7 37.8 29.6 31.4 37.3 66.0 40.3 24.7 118.1 119.5 35.4 29.0 4.9 3.0 1.7 1.4 2.0 2.2 2.2 2.3 2.3 2.7 2.7 3.2 3.2 5.4 14.9 28.5 62.4 73.2 144.9 83.6 179.8 229.1 184.6 261.9 289.1 412.1 472.2 298.4 208.7 175.5 59.3 44.3 81.1 101.0 86.0 84.1 92.0 175.7 203.3 186.1 56.7 18.1 6.2 6.3 6.3 6.3 6.3 6.3 6.5 6.5 6.3 6.3 6.3 6.5
-999.0 -999.0 -999.0 -999.0 -999.0 -999.0 -999.0 45.6 50.0 54.3 104.7 123.8 108.9 83.9 30.4 10.7 13.6 35.9 44.4 101.3 116.1 102.5 43.9 29.6 13.3 1.4 1.8 1.9 2.2 2.3 2.4 2.6 2.8 2.8 3.1 3.0 3.5 14.0 20.1 61.8 70.6 72.4 176.6 149.9 132.7 195.4 266.4 393.7 432.3 385.0 260.4 224.6 179.6 70.0 36.6 69.1 48.2 32.8 30.9 53.7 88.0 52.4 17.0 4.4 3.2 3.1 3.2 3.2 3.1 3.4 3.3 3.3 3.1 3.2 3.3 3.5
-999.0 -999.0 -999.0 -999.0 -999.0 -999.0 -999.0 90.4 57.3 48.4 114.8 170.9 201.8 140.6 121.2 120.9 97.9 97.0 60.6 115.4 49.9 59.0 129.6 142.1 36.5 13.1 1.8 1.9 1.9 2.1 2.5 2.5 2.7 2.8 3.1 2.9 8.0 10.2 13.8 59.0 62.8 45.9 132.4 77.5 90.4 126.2 217.4 403.4 455.1 426.0 321.9 227.5 220.4 115.2 38.1 37.8 88.5 45.5 15.0 26.4 28.1 30.5 3.6 3.6 3.1 3.1 3.1 3.1 3.1 3.1 4.6 3.5 3.1 3.1 3.1 3.1
-999.0 -999.0 -999.0 -999.0 -999.0 -999.0 -999.0 -999.0 89.4 64.2 55.1 84.4 132.1 130.5 224.8 220.5 177.5 250.4 203.7 116.5 53.5 52.0 135.4 85.9 24.6 3.9 25.8 14.2 1.8 2.1 2.5 2.6 2.8 2.8 2.9 3.0 3.3 8.1 15.3 21.5 66.0 67.2 75.1 89.6 107.6 189.5 287.7 314.2 429.4 468.9 352.1 293.8 220.9 117.3 64.6 35.9 25.0 29.5 10.5 6.8 36.7 10.2 3.0 2.6 3.0 2.6 2.0 2.6 3.4 2.7 3.0 2.6 2.8 2.6 2.7 2.9
-999.0 -999.0 -999.0 -999.0 -999.0 -999.0 -999.0 -999.0 79.0 126.9 127.5 79.8 83.0 98.3 119.5 200.0 314.4 341.3 152.6 121.5 61.6 42.0 30.5 3.0 6.2 2.3 39.1 17.3 1.8 2.2 2.5 2.6 2.6 2.8 2.8 3.0 3.5 6.4 17.0 38.9 15.3 55.2 51.9 81.5 73.7 131.3 147.1 284.8 365.4 454.5 397.3 350.9 218.7 136.1 205.0 100.0 32.9 10.7 12.5 5.2 9.0 18.8 1.9 1.7 1.8 1.8 1.8 2.3 2.0 1.9 1.9 2.1 2.0 1.7 1.8 2.1
-999.0 -999.0 -999.0 -999.0 -999.0 -999.0 -999.0 -999.0 -999.0 122.0 215.8 126.0 123.7 205.6 277.6 170.8 180.9 210.4 196.0 127.5 134.0 56.6 34.6 6.9 6.0 2.8 15.7 41.1 1.9 2.4 2.3 2.7 2.7 2.8 2.9 3.0 3.4 4.4 5.2 10.1 29.6 29.2 40.0 55.7 72.1 78.2 165.8 198.1 230.9 351.5 311.7 366.2 242.6 217.7 221.8 199.6 98.7 38.1 8.4 6.0 6.0 2.4 3.5 1.7 2.4 1.6 1.6 1.6 2.1 1.7 2.0 2.0 1.8 1.6 1.6 1.9
-999.0 -999.0 -999.0 -999.0 -999.0 -999.0 -999.0 -999.0 -999.0 -999.0 221.4 129.9 133.2 338.2 338.2 338.2 341.5 340.8 322.3 319.3 340.2 136.3 99.7 33.2 5.8 14.0 2.9 35.5 43.2 2.6 4.8 2.5 2.7 2.7 3.0 2.9 3.0 3.1 3.3 3.8 15.0 12.5 13.6 22.8 44.7 81.6 129.2 120.1 187.8 221.8 266.0 281.0 243.5 221.8 208.1 84.0 63.5 47.8 24.0 3.4 2.9 2.2 2.4 1.8 1.5 1.5 1.5 1.6 1.8 1.5 1.7 1.5 1.8 2.2 1.5 1.6
