GSP_annual_reports_PET_2024_v1/GIS/PET_2022_Spring_Shallow.tif
NCOLS 191
NROWS  209
XLLCORNER 6295515.91401
YLLCORNER 1783415.49397
CELLSIZE 1000.0
NODATA_VALUE -999
[rows 170 to 203 of 209, columns 76 to 151 of 191]
-999.0 -999.0 -999.0 -999.0 -999.0 -999.0 -999.0 -999.0 -999.0 -999.0 -999.0 128.7 144.0 348.9 347.9 350.7 350.6 349.5 350.0 348.9 348.9 349.7 148.0 99.4 35.9 63.2 12.3 25.7 36.9 2.9 2.9 3.0 2.9 3.1 2.7 2.2 1.5 1.5 1.4 1.8 9.3 10.1 11.6 14.1 21.1 30.9 80.4 99.2 127.3 142.5 215.4 208.2 155.7 220.4 231.2 227.1 38.3 60.3 24.1 8.4 3.3 2.2 1.0 1.0 1.0 1.0 1.0 1.0 1.4 1.4 1.4 1.2 1.2 1.6 1.4 1.4
-999.0 -999.0 -999.0 -999.0 -999.0 -999.0 -999.0 -999.0 -999.0 -999.0 -999.0 -999.0 -999.0 341.3 347.8 349.8 349.1 348.5 348.5 347.5 347.5 208.3 192.5 263.0 134.0 13.5 2.8 7.8 10.7 3.8 2.9 3.0 2.9 3.0 2.0 1.8 1.5 1.5 1.4 1.2 0.8 9.7 11.3 12.6 15.6 21.2 43.2 70.6 123.0 140.3 201.9 134.9 156.2 192.0 220.1 227.6 206.4 68.2 33.1 10.5 3.4 2.1 0.9 0.9 0.9 0.8 0.8 0.8 0.9 2.6 2.0 2.0 1.3 1.3 3.7 1.8
-999.0 -999.0 -999.0 -999.0 -999.0 -999.0 -999.0 -999.0 -999.0 -999.0 -999.0 -999.0 -999.0 -999.0 -999.0 349.2 349.9 348.5 348.5 348.5 347.5 347.5 125.4 127.5 134.3 54.5 14.4 5.6 12.3 2.8 5.5 3.0 3.0 3.0 2.0 1.8 1.5 1.4 1.4 1.3 0.6 0.6 5.4 10.5 12.4 15.5 27.9 40.2 69.7 136.5 174.8 121.2 143.1 143.8 140.0 180.1 332.0 373.9 77.1 19.7 8.5 1.9 0.8 0.8 0.8 0.8 0.7 0.7 0.8 1.5 0.8 1.2 2.0 2.0 2.6 2.4
-999.0 -999.0 -999.0 -999.0 -999.0 -999.0 -999.0 -999.0 -999.0 -999.0 -999.0 -999.0 -999.0 -999.0 -999.0 -999.0 -999.0 -999.0 -999.0 -999.0 347.5 347.5 224.8 133.0 123.0 47.2 29.8 13.0 1.9 2.3 2.8 2.1 1.9 1.9 3.0 1.8 1.4 1.3 1.5 1.3 0.7 0.4 1.6 4.8 7.5 12.9 18.9 28.5 44.9 135.1 131.9 96.6 124.8 99.8 93.6 137.3 326.9 437.4 405.8 82.6 54.9 1.9 0.8 0.7 0.7 0.7 0.7 0.7 0.7 0.7 0.7 1.3 3.5 2.0 1.2 1.2
-999.0 -999.0 -999.0 -999.0 -999.0 -999.0 -999.0 -999.0 -999.0 -999.0 -999.0 -999.0 -999.0 -999.0 -999.0 -999.0 -999.0 -999.0 -999.0 -999.0 347.5 347.3 348.5 215.1 119.2 91.1 43.8 8.6 2.2 2.1 2.1 1.8 2.5 2.6 3.0 3.0 1.4 1.3 1.4 1.3 0.9 0.5 1.0 2.3 10.7 11.8 12.5 13.1 22.9 55.8 94.3 92.1 113.4 58.2 102.6 201.3 207.7 413.7 417.7 164.8 67.9 1.9 0.7 2.9 1.1 0.7 0.5 0.5 0.5 0.5 0.5 0.6 2.6 1.0 1.9 3.4
-999.0 -999.0 -999.0 -999.0 -999.0 -999.0 -999.0 -999.0 -999.0 -999.0 -999.0 -999.0 -999.0 -999.0 -999.0 -999.0 -999.0 -999.0 -999.0 -999.0 -999.0 347.4 349.1 350.8 154.0 136.2 48.9 2.7 2.2 2.3 2.1 2.3 2.3 1.8 3.0 3.0 3.3 1.3 1.4 2.3 1.1 0.1 -0.4 0.1 1.9 3.4 3.4 3.7 3.4 20.9 28.0 62.4 77.1 43.9 54.0 115.7 173.4 132.4 215.2 137.1 29.1 6.5 1.3 1.0 0.3 0.4 0.3 0.3 0.4 0.3 0.3 0.4 0.4 1.8 2.3 1.6
-999.0 -999.0 -999.0 -999.0 -999.0 -999.0 -999.0 -999.0 -999.0 -999.0 -999.0 -999.0 -999.0 -999.0 -999.0 -999.0 -999.0 -999.0 -999.0 -999.0 -999.0 349.1 350.8 350.8 355.4 358.1 123.0 10.1 1.7 2.3 2.5 2.2 1.8 1.9 4.2 3.4 3.2 1.3 1.3 1.1 2.1 0.6 -0.3 1.9 -0.4 0.5 0.4 0.3 1.2 9.1 14.3 29.0 34.9 25.9 29.9 60.5 88.8 81.6 75.2 71.0 92.8 67.3 1.6 0.8 3.1 0.3 0.4 0.2 0.3 0.3 0.3 0.3 0.4 2.2 1.6 1.6
-999.0 -999.0 -999.0 -999.0 -999.0 -999.0 -999.0 -999.0 -999.0 -999.0 -999.0 -999.0 -999.0 -999.0 -999.0 -999.0 -999.0 -999.0 -999.0 -999.0 -999.0 -999.0 352.0 354.3 354.0 361.0 125.2 35.4 2.7 2.3 1.8 1.7 2.0 1.6 1.6 3.1 3.7 3.2 2.9 3.0 1.3 0.7 0.4 -0.4 -0.6 0.5 0.5 0.1 1.0 3.1 8.4 7.1 8.9 15.3 25.7 27.5 26.2 36.7 33.9 70.7 49.8 18.0 0.4 0.2 0.3 1.1 0.1 0.2 0.3 0.2 0.2 0.2 0.4 1.4 1.4 0.6
-999.0 -999.0 -999.0 -999.0 -999.0 -999.0 -999.0 -999.0 -999.0 -999.0 -999.0 -999.0 -999.0 -999.0 -999.0 -999.0 -999.0 -999.0 -999.0 -999.0 -999.0 -999.0 -999.0 353.9 357.3 362.9 113.5 17.3 7.4 2.5 1.6 3.7 1.8 1.7 1.6 1.8 1.5 1.9 3.3 3.2 1.2 1.1 0.7 0.1 -0.6 -0.7 -0.1 -0.1 0.1 1.9 1.8 10.9 8.6 11.3 8.2 8.1 14.3 11.9 15.4 27.3 30.1 36.7 0.5 0.1 0.6 0.7 0.1 0.1 0.1 0.2 0.2 0.2 0.5 1.1 0.9 0.6
-999.0 -999.0 -999.0 -999.0 -999.0 -999.0 -999.0 -999.0 -999.0 -999.0 -999.0 -999.0 -999.0 -999.0 -999.0 -999.0 -999.0 -999.0 -999.0 -999.0 -999.0 -999.0 -999.0 353.5 233.1 106.4 58.8 13.9 3.9 1.9 2.6 1.6 1.7 1.6 2.9 3.2 6.1 1.3 1.2 3.1 3.2 1.0 1.6 0.1 -0.6 -0.9 -1.2 -0.4 0.6 -0.6 -0.4 1.4 0.1 1.5 1.3 2.4 1.2 2.1 0.9 13.3 12.6 14.1 0.4 0.9 0.3 0.3 0.1 0.4 0.3 0.2 0.6 0.3 1.4 1.3 1.4 0.8
-999.0 -999.0 -999.0 -999.0 -999.0 -999.0 -999.0 -999.0 -999.0 -999.0 -999.0 -999.0 -999.0 -999.0 -999.0 -999.0 -999.0 -999.0 -999.0 -999.0 -999.0 -999.0 -999.0 -999.0 231.6 111.4 119.6 10.2 3.2 11.8 3.4 3.3 3.1 2.6 1.8 1.7 2.8 2.7 2.7 2.9 2.9 3.0 0.8 0.5 0.1 -0.8 -1.3 -0.9 -1.1 -0.6 -0.4 -0.7 -1.1 -0.7 -0.2 -0.4 -0.5 -0.6 -0.4 -0.3 3.3 0.0 0.4 0.1 0.1 0.0 0.1 0.2 0.1 0.1 0.1 1.3 0.7 1.0 1.0 0.6
-999.0 -999.0 -999.0 -999.0 -999.0 -999.0 -999.0 -999.0 -999.0 -999.0 -999.0 -999.0 -999.0 -999.0 -999.0 -999.0 -999.0 -999.0 -999.0 -999.0 -999.0 -999.0 -999.0 -999.0 -999.0 -999.0 64.5 6.7 1.4 1.4 1.5 1.3 2.2 7.8 1.7 1.7 2.3 2.2 2.0 2.0 2.9 3.0 0.9 0.6 -0.0 -0.2 -1.0 -0.9 -0.9 -1.1 -0.7 -0.8 -0.6 -0.7 -0.6 -0.5 -0.7 -0.8 0.2 -0.6 -0.3 -0.1 -0.2 0.8 -0.1 -0.1 -0.2 -0.1 0.1 -0.1 0.2 1.0 1.1 0.2 0.4 0.1
-999.0 -999.0 -999.0 -999.0 -999.0 -999.0 -999.0 -999.0 -999.0 -999.0 -999.0 -999.0 -999.0 -999.0 -999.0 -999.0 -999.0 -999.0 -999.0 -999.0 -999.0 -999.0 -999.0 -999.0 -999.0 -999.0 -999.0 -999.0 2.2 1.9 2.3 2.2 2.2 23.5 25.5 1.7 2.3 2.2 2.3 2.3 2.8 2.7 2.0 1.9 0.5 -0.6 -0.4 -0.6 -0.9 -1.9 -1.0 -0.7 -1.0 -0.8 -0.7 -0.7 -0.8 -0.6 -0.8 -0.5 -0.2 -0.2 0.1 -0.0 -0.0 -0.2 -0.2 -0.2 -0.2 -0.2 1.1 0.2 0.3 0.1 -0.1 -0.1
-999.0 -999.0 -999.0 -999.0 -999.0 -999.0 -999.0 -999.0 -999.0 -999.0 -999.0 -999.0 -999.0 -999.0 -999.0 -999.0 -999.0 -999.0 -999.0 -999.0 -999.0 -999.0 -999.0 -999.0 -999.0 -999.0 -999.0 -999.0 -999.0 1.7 2.3 76.0 39.8 2.2 130.4 57.8 36.5 19.1 2.5 2.7 2.3 3.0 3.1 3.1 -0.0 0.3 -0.3 0.6 -0.4 -0.4 -0.2 -0.8 -0.7 -0.6 -0.1 -0.7 -0.8 -0.7 -0.9 -0.6 0.3 0.3 0.3 -0.0 0.4 -0.3 -0.2 -0.3 4.0 0.3 -0.3 -0.3 -0.3 -0.3 -0.3 -0.3
-999.0 -999.0 -999.0 -999.0 -999.0 -999.0 -999.0 -999.0 -999.0 -999.0 -999.0 -999.0 -999.0 -999.0 -999.0 -999.0 -999.0 -999.0 -999.0 -999.0 -999.0 -999.0 -999.0 -999.0 -999.0 -999.0 -999.0 -999.0 -999.0 -999.0 4.8 37.0 139.9 12.9 41.1 109.2 52.5 55.1 3.1 7.0 4.1 3.0 3.0 3.3 2.3 0.4 -0.2 -1.6 2.3 0.1 0.1 -0.2 -0.2 1.7 -0.2 -0.3 -0.4 -0.2 -0.4 -0.3 1.0 0.6 0.0 0.7 1.1 0.1 0.1 0.4 0.3 -0.1 -0.1 -0.1 -0.1 -0.1 -0.1 -0.1
-999.0 -999.0 -999.0 -999.0 -999.0 -999.0 -999.0 -999.0 -999.0 -999.0 -999.0 -999.0 -999.0 -999.0 -999.0 -999.0 -999.0 -999.0 -999.0 -999.0 -999.0 -999.0 -999.0 -999.0 -999.0 -999.0 -999.0 -999.0 -999.0 -999.0 -999.0 -999.0 48.4 7.8 50.4 98.3 121.2 51.0 10.6 8.4 8.8 3.4 3.2 1.4 0.7 0.5 0.3 0.4 7.8 0.4 1.0 2.0 2.1 2.0 0.0 -0.2 -0.3 -0.1 -0.1 1.4 1.2 0.8 0.8 0.3 0.7 0.1 0.5 0.1 -0.0 -0.0 -0.0 -0.0 -0.0 -0.0 -0.0 -0.0
-999.0 -999.0 -999.0 -999.0 -999.0 -999.0 -999.0 -999.0 -999.0 -999.0 -999.0 -999.0 -999.0 -999.0 -999.0 -999.0 -999.0 -999.0 -999.0 -999.0 -999.0 -999.0 -999.0 -999.0 -999.0 -999.0 -999.0 -999.0 -999.0 -999.0 -999.0 -999.0 -999.0 18.5 23.9 136.8 128.3 125.8 26.7 117.4 23.1 3.2 3.3 1.7 3.4 0.9 1.1 3.1 1.4 2.4 2.4 2.4 2.3 1.7 0.4 0.1 0.1 0.0 3.6 1.4 1.0 1.1 0.9 1.0 0.7 0.7 0.2 0.2 0.2 0.2 0.2 0.2 0.2 0.2 0.2 0.2
-999.0 -999.0 -999.0 -999.0 -999.0 -999.0 -999.0 -999.0 -999.0 -999.0 -999.0 -999.0 -999.0 -999.0 -999.0 -999.0 -999.0 -999.0 -999.0 -999.0 -999.0 -999.0 -999.0 -999.0 -999.0 -999.0 -999.0 -999.0 -999.0 -999.0 -999.0 -999.0 -999.0 53.0 122.2 57.8 135.3 134.0 124.2 64.7 119.7 22.8 3.2 3.2 1.4 1.4 3.1 7.0 2.6 2.5 2.7 2.6 2.2 2.4 0.5 2.2 2.1 1.9 1.9 1.2 2.4 0.7 0.8 0.9 0.9 0.4 0.4 0.4 0.4 0.4 0.4 0.4 0.4 0.4 0.4 0.4
-999.0 -999.0 -999.0 -999.0 -999.0 -999.0 -999.0 -999.0 -999.0 -999.0 -999.0 -999.0 -999.0 -999.0 -999.0 -999.0 -999.0 -999.0 -999.0 -999.0 -999.0 -999.0 -999.0 -999.0 -999.0 -999.0 -999.0 -999.0 -999.0 -999.0 -999.0 -999.0 -999.0 109.1 13.8 54.3 99.9 122.9 20.3 58.0 133.8 143.0 8.8 52.1 5.0 3.0 3.4 3.1 3.3 3.0 3.1 3.1 2.7 2.1 2.0 1.7 1.4 0.4 0.5 0.5 1.1 1.1 0.9 0.7 0.5 0.5 0.5 0.5 0.5 0.5 0.5 0.5 0.5 0.5 0.5 0.5
-999.0 -999.0 -999.0 -999.0 -999.0 -999.0 -999.0 -999.0 -999.0 -999.0 -999.0 -999.0 -999.0 -999.0 -999.0 -999.0 -999.0 -999.0 -999.0 -999.0 -999.0 -999.0 -999.0 -999.0 -999.0 -999.0 -999.0 -999.0 -999.0 -999.0 -999.0 -999.0 -999.0 126.7 17.1 3.1 9.0 17.0 51.4 140.0 137.1 62.8 143.9 74.0 33.3 3.5 3.3 3.2 2.8 2.3 2.4 1.2 1.0 0.8 0.7 0.5 0.5 0.4 0.5 0.6 0.6 0.6 0.5 0.5 0.5 0.5 0.5 0.5 0.5 0.5 0.5 0.5 0.5 0.5 0.5 0.5
-999.0 -999.0 -999.0 -999.0 -999.0 -999.0 -999.0 -999.0 -999.0 -999.0 -999.0 -999.0 -999.0 -999.0 -999.0 -999.0 -999.0 -999.0 -999.0 -999.0 -999.0 -999.0 -999.0 -999.0 -999.0 -999.0 -999.0 -999.0 -999.0 -999.0 -999.0 -999.0 -999.0 -999.0 9.4 2.3 2.3 2.9 56.7 138.8 72.8 70.9 22.0 75.2 7.6 56.5 78.3 3.2 3.5 1.3 1.2 1.1 1.0 0.8 0.7 0.5 0.5 0.4 0.5 0.6 0.6 0.6 0.5 0.5 0.5 0.5 0.5 0.5 0.5 0.5 0.5 0.5 0.5 0.5 0.5 0.5
-999.0 -999.0 -999.0 -999.0 -999.0 -999.0 -999.0 -999.0 -999.0 -999.0 -999.0 -999.0 -999.0 -999.0 -999.0 -999.0 -999.0 -999.0 -999.0 -999.0 -999.0 -999.0 -999.0 -999.0 -999.0 -999.0 -999.0 -999.0 -999.0 -999.0 -999.0 -999.0 -999.0 -999.0 15.3 2.2 2.1 2.1 2.2 9.9 7.7 40.7 5.8 3.3 35.8 73.6 47.2 5.5 0.9 3.7 2.0 1.4 0.9 0.8 0.7 0.5 0.4 0.5 0.5 0.6 0.6 0.5 0.5 0.5 0.5 0.5 0.5 0.5 0.5 0.5 0.5 0.5 0.5 0.5 0.5 0.5
-999.0 -999.0 -999.0 -999.0 -999.0 -999.0 -999.0 -999.0 -999.0 -999.0 -999.0 -999.0 -999.0 -999.0 -999.0 -999.0 -999.0 -999.0 -999.0 -999.0 -999.0 -999.0 -999.0 -999.0 -999.0 -999.0 -999.0 -999.0 -999.0 -999.0 -999.0 -999.0 -999.0 -999.0 -999.0 23.6 2.4 2.2 1.9 2.1 2.5 2.2 3.1 12.3 105.0 42.6 21.0 12.3 19.8 3.4 2.4 1.5 0.9 0.8 0.6 0.5 0.4 0.5 0.5 0.6 0.6 0.4 0.5 0.5 0.5 0.5 0.5 0.5 0.5 0.5 0.5 0.5 0.5 0.5 0.5 0.5
-999.0 -999.0 -999.0 -999.0 -999.0 -999.0 -999.0 -999.0 -999.0 -999.0 -999.0 -999.0 -999.0 -999.0 -999.0 -999.0 -999.0 -999.0 -999.0 -999.0 -999.0 -999.0 -999.0 -999.0 -999.0 -999.0 -999.0 -999.0 -999.0 -999.0 -999.0 -999.0 -999.0 -999.0 -999.0 97.6 1.8 1.7 2.9 1.9 2.7 2.2 1.5 7.9 11.2 56.1 13.8 4.4 24.2 3.5 2.5 1.4 0.9 0.8 0.5 0.5 0.4 0.5 0.6 0.6 0.6 0.4 0.5 0.5 0.5 0.5 0.5 0.5 0.5 0.5 0.5 0.5 0.5 0.5 0.5 0.5
-999.0 -999.0 -999.0 -999.0 -999.0 -999.0 -999.0 -999.0 -999.0 -999.0 -999.0 -999.0 -999.0 -999.0 -999.0 -999.0 -999.0 -999.0 -999.0 -999.0 -999.0 -999.0 -999.0 -999.0 -999.0 -999.0 -999.0 -999.0 -999.0 -999.0 -999.0 -999.0 -999.0 -999.0 -999.0 -999.0 13.2 2.1 1.7 1.9 1.9 2.2 2.0 2.2 17.4 1.6 0.8 1.0 3.3 3.5 3.1 1.6 0.9 0.8 0.5 0.5 0.4 0.5 0.6 0.6 0.6 0.4 0.5 0.5 0.5 0.5 0.5 0.5 0.5 0.5 0.5 0.5 0.5 0.5 0.5 0.5
-999.0 -999.0 -999.0 -999.0 -999.0 -999.0 -999.0 -999.0 -999.0 -999.0 -999.0 -999.0 -999.0 -999.0 -999.0 -999.0 -999.0 -999.0 -999.0 -999.0 -999.0 -999.0 -999.0 -999.0 -999.0 -999.0 -999.0 -999.0 -999.0 -999.0 -999.0 -999.0 -999.0 -999.0 -999.0 -999.0 -999.0 5.0 1.8 2.4 2.2 2.7 1.4 1.3 1.1 1.0 1.0 0.9 3.6 3.5 3.2 1.0 0.8 0.7 0.5 0.5 0.4 0.5 0.6 0.6 0.6 0.4 0.5 0.5 0.5 0.5 0.5 0.5 0.5 0.5 0.5 0.5 0.5 0.5 0.5 0.5
-999.0 -999.0 -999.0 -999.0 -999.0 -999.0 -999.0 -999.0 -999.0 -999.0 -999.0 -999.0 -999.0 -999.0 -999.0 -999.0 -999.0 -999.0 -999.0 -999.0 -999.0 -999.0 -999.0 -999.0 -999.0 -999.0 -999.0 -999.0 -999.0 -999.0 -999.0 -999.0 -999.0 -999.0 -999.0 -999.0 -999.0 1.6 2.8 1.9 1.7 1.7 1.4 1.3 1.1 1.0 1.1 3.2 3.5 4.1 3.1 1.0 0.8 0.7 0.6 0.5 0.4 0.5 0.6 0.6 0.6 0.4 0.5 0.5 0.5 0.5 0.5 0.5 0.5 0.5 0.5 0.5 0.5 0.5 0.5 0.5
-999.0 -999.0 -999.0 -999.0 -999.0 -999.0 -999.0 -999.0 -999.0 -999.0 -999.0 -999.0 -999.0 -999.0 -999.0 -999.0 -999.0 -999.0 -999.0 -999.0 -999.0 -999.0 -999.0 -999.0 -999.0 -999.0 -999.0 -999.0 -999.0 -999.0 -999.0 -999.0 -999.0 -999.0 -999.0 -999.0 -999.0 -999.0 -999.0 2.2 3.5 3.9 1.5 1.2 2.0 1.2 3.2 0.9 1.3 2.8 3.1 1.0 0.8 0.7 0.5 0.4 0.4 0.5 0.6 0.6 0.6 0.4 0.5 0.5 0.5 0.5 0.5 0.5 0.5 0.5 0.5 0.5 0.5 0.5 0.5 0.5
-999.0 -999.0 -999.0 -999.0 -999.0 -999.0 -999.0 -999.0 -999.0 -999.0 -999.0 -999.0 -999.0 -999.0 -999.0 -999.0 -999.0 -999.0 -999.0 -999.0 -999.0 -999.0 -999.0 -999.0 -999.0 -999.0 -999.0 -999.0 -999.0 -999.0 -999.0 -999.0 -999.0 -999.0 -999.0 -999.0 -999.0 -999.0 -999.0 -999.0 -999.0 3.1 1.2 1.5 0.9 4.0 1.5 1.5 1.2 2.0 3.1 1.2 0.7 0.6 0.5 -999.0 -999.0 -999.0 -999.0 0.6 0.6 0.5 0.5 0.5 0.5 0.5 0.5 0.5 0.5 0.5 0.5 0.5 0.5 0.5 0.5 0.5
-999.0 -999.0 -999.0 -999.0 -999.0 -999.0 -999.0 -999.0 -999.0 -999.0 -999.0 -999.0 -999.0 -999.0 -999.0 -999.0 -999.0 -999.0 -999.0 -999.0 -999.0 -999.0 -999.0 -999.0 -999.0 -999.0 -999.0 -999.0 -999.0 -999.0 -999.0 -999.0 -999.0 -999.0 -999.0 -999.0 -999.0 -999.0 -999.0 -999.0 -999.0 -999.0 -999.0 4.0 2.7 1.3 1.4 1.4 2.0 1.9 3.0 1.1 -999.0 -999.0 -999.0 -999.0 -999.0 -999.0 -999.0 0.6 0.6 0.5 0.5 0.5 0.5 0.5 0.5 0.5 0.5 0.5 0.5 0.5 0.5 0.5 0.5 0.5
-999.0 -999.0 -999.0 -999.0 -999.0 -999.0 -999.0 -999.0 -999.0 -999.0 -999.0 -999.0 -999.0 -999.0 -999.0 -999.0 -999.0 -999.0 -999.0 -999.0 -999.0 -999.0 -999.0 -999.0 -999.0 -999.0 -999.0 -999.0 -999.0 -999.0 -999.0 -999.0 -999.0 -999.0 -999.0 -999.0 -999.0 -999.0 -999.0 -999.0 -999.0 -999.0 -999.0 -999.0 -999.0 -999.0 -999.0 -999.0 -999.0 -999.0 -999.0 -999.0 -999.0 -999.0 -999.0 -999.0 -999.0 -999.0 -999.0 -999.0 0.6 0.5 0.5 0.5 0.5 0.5 0.5 0.5 0.5 0.5 0.5 0.5 0.5 0.5 0.5 0.5
-999.0 -999.0 -999.0 -999.0 -999.0 -999.0 -999.0 -999.0 -999.0 -999.0 -999.0 -999.0 -999.0 -999.0 -999.0 -999.0 -999.0 -999.0 -999.0 -999.0 -999.0 -999.0 -999.0 -999.0 -999.0 -999.0 -999.0 -999.0 -999.0 -999.0 -999.0 -999.0 -999.0 -999.0 -999.0 -999.0 -999.0 -999.0 -999.0 -999.0 -999.0 -999.0 -999.0 -999.0 -999.0 -999.0 -999.0 -999.0 -999.0 -999.0 -999.0 -999.0 -999.0 -999.0 -999.0 -999.0 -999.0 -999.0 -999.0 -999.0 0.6 0.5 0.5 0.5 0.5 0.5 0.5 0.5 0.5 0.5 0.5 0.5 0.5 0.5 0.5 0.5
-999.0 -999.0 -999.0 -999.0 -999.0 -999.0 -999.0 -999.0 -999.0 -999.0 -999.0 -999.0 -999.0 -999.0 -999.0 -999.0 -999.0 -999.0 -999.0 -999.0 -999.0 -999.0 -999.0 -999.0 -999.0 -999.0 -999.0 -999.0 -999.0 -999.0 -999.0 -999.0 -999.0 -999.0 -999.0 -999.0 -999.0 -999.0 -999.0 -999.0 -999.0 -999.0 -999.0 -999.0 -999.0 -999.0 -999.0 -999.0 -999.0 -999.0 -999.0 -999.0 -999.0 -999.0 -999.0 -999.0 -999.0 -999.0 -999.0 -999.0 0.6 0.5 0.5 0.5 0.5 0.5 0.5 0.5 0.5 0.5 0.5 0.5 0.5 0.5 0.5 0.5
-999.0 -999.0 -999.0 -999.0 -999.0 -999.0 -999.0 -999.0 -999.0 -999.0 -999.0 -999.0 -999.0 -999.0 -999.0 -999.0 -999.0 -999.0 -999.0 -999.0 -999.0 -999.0 -999.0 -999.0 -999.0 -999.0 -999.0 -999.0 -999.0 -999.0 -999.0 -999.0 -999.0 -999.0 -999.0 -999.0 -999.0 -999.0 -999.0 -999.0 -999.0 -999.0 -999.0 -999.0 -999.0 -999.0 -999.0 -999.0 -999.0 -999.0 -999.0 -999.0 -999.0 -999.0 -999.0 -999.0 -999.0 -999.0 -999.0 -999.0 -999.0 0.5 0.5 0.5 0.5 0.5 0.5 0.5 0.5 0.5 0.5 0.5 0.5 0.5 0.5 0.5
