GSP_annual_reports_PET_2024_v1/GIS/PET_2022_Fall_Shallow.tif
NCOLS 191
NROWS  209
XLLCORNER 6295515.91401
YLLCORNER 1783415.49397
CELLSIZE 1000.0
NODATA_VALUE -999
[rows 0 to 33 of 209, columns 0 to 75 of 191]
-999.0 -999.0 -999.0 -999.0 -999.0 -999.0 -999.0 -999.0 -999.0 -999.0 -999.0 -999.0 -999.0 -999.0 -999.0 -999.0 -999.0 -999.0 -999.0 -999.0 -999.0 -999.0 -999.0 -999.0 91.7 92.3 125.6 207.5 238.4 118.9 78.1 91.1 123.6 213.0 -999.0 -999.0 -999.0 -999.0 -999.0 -999.0 -999.0 -999.0 -999.0 -999.0 -999.0 -999.0 -999.0 -999.0 -999.0 -999.0 -999.0 -999.0 -999.0 -999.0 -999.0 -999.0 -999.0 -999.0 -999.0 -999.0 -999.0 -999.0 -999.0 -999.0 -999.0 -999.0 -999.0 -999.0 -999.0 -999.0 -999.0 -999.0 -999.0 -999.0 -999.0 -999.0
-999.0 -999.0 -999.0 -999.0 -999.0 -999.0 -999.0 -999.0 -999.0 -999.0 -999.0 -999.0 -999.0 -999.0 -999.0 -999.0 -999.0 -999.0 -999.0 -999.0 -999.0 -999.0 206.0 61.0 108.8 151.1 150.2 217.0 212.7 252.5 93.1 98.2 89.0 114.4 179.6 265.6 386.8 386.8 -999.0 -999.0 -999.0 -999.0 -999.0 -999.0 -999.0 -999.0 -999.0 -999.0 -999.0 -999.0 -999.0 -999.0 -999.0 -999.0 -999.0 -999.0 -999.0 -999.0 -999.0 -999.0 -999.0 -999.0 -999.0 -999.0 -999.0 -999.0 -999.0 -999.0 -999.0 -999.0 -999.0 -999.0 -999.0 -999.0 -999.0 -999.0
-999.0 -999.0 -999.0 -999.0 -999.0 -999.0 -999.0 -999.0 -999.0 -999.0 -999.0 -999.0 -999.0 -999.0 -999.0 -999.0 -999.0 -999.0 -999.0 -999.0 111.5 229.7 281.7 218.1 125.1 90.3 63.8 74.5 56.9 122.1 215.7 162.7 112.5 91.2 171.0 288.8 386.8 395.4 386.7 285.6 193.7 100.3 -999.0 -999.0 -999.0 -999.0 -999.0 -999.0 -999.0 -999.0 -999.0 -999.0 -999.0 -999.0 -999.0 -999.0 -999.0 -999.0 -999.0 -999.0 -999.0 -999.0 -999.0 -999.0 -999.0 -999.0 -999.0 -999.0 -999.0 -999.0 -999.0 -999.0 -999.0 -999.0 -999.0 -999.0
-999.0 -999.0 -999.0 -999.0 -999.0 -999.0 -999.0 -999.0 -999.0 -999.0 -999.0 -999.0 -999.0 -999.0 -999.0 -999.0 -999.0 -999.0 -999.0 116.6 117.8 168.0 263.8 314.7 389.2 389.2 389.2 218.0 211.6 81.2 128.5 343.4 252.8 182.2 92.5 178.2 288.3 395.6 386.7 237.7 189.3 108.1 179.7 180.7 -999.0 -999.0 -999.0 -999.0 -999.0 -999.0 -999.0 -999.0 -999.0 -999.0 -999.0 -999.0 -999.0 -999.0 -999.0 -999.0 -999.0 -999.0 -999.0 -999.0 -999.0 -999.0 -999.0 -999.0 -999.0 -999.0 -999.0 -999.0 -999.0 -999.0 -999.0 -999.0
-999.0 -999.0 -999.0 -999.0 -999.0 -999.0 -999.0 -999.0 -999.0 -999.0 -999.0 -999.0 -999.0 -999.0 -999.0 -999.0 -999.0 -999.0 100.1 119.3 102.8 158.1 172.0 220.5 383.8 389.2 389.2 389.2 335.4 56.7 208.0 389.2 387.4 247.3 174.1 90.9 216.5 375.8 386.7 367.2 229.6 113.2 110.0 228.0 107.3 131.9 -999.0 -999.0 -999.0 -999.0 -999.0 -999.0 -999.0 -999.0 -999.0 -999.0 -999.0 -999.0 -999.0 -999.0 -999.0 -999.0 -999.0 -999.0 -999.0 -999.0 -999.0 -999.0 -999.0 -999.0 -999.0 -999.0 -999.0 -999.0 -999.0 -999.0
-999.0 -999.0 -999.0 -999.0 -999.0 -999.0 -999.0 -999.0 -999.0 -999.0 -999.0 -999.0 -999.0 -999.0 -999.0 -999.0 -999.0 -999.0 90.6 96.4 103.6 124.1 163.7 174.2 212.6 212.3 282.4 176.4 123.7 211.6 316.2 389.2 389.2 387.0 387.0 213.0 116.5 237.9 405.2 386.7 227.1 125.8 111.2 155.6 166.5 114.5 154.3 146.8 -999.0 -999.0 -999.0 -999.0 -999.0 -999.0 -999.0 -999.0 -999.0 -999.0 -999.0 -999.0 -999.0 -999.0 -999.0 -999.0 -999.0 -999.0 -999.0 -999.0 -999.0 -999.0 -999.0 -999.0 -999.0 -999.0 -999.0 -999.0
-999.0 -999.0 -999.0 -999.0 -999.0 -999.0 -999.0 -999.0 -999.0 -999.0 -999.0 -999.0 -999.0 -999.0 -999.0 -999.0 -999.0 83.6 89.2 89.4 91.4 97.2 86.4 88.8 143.0 82.3 76.9 112.2 88.6 120.6 312.8 389.2 389.2 387.4 386.8 387.0 148.6 212.4 273.1 393.2 217.3 121.4 113.8 103.1 113.1 107.3 154.2 117.5 115.4 -999.0 -999.0 -999.0 -999.0 -999.0 -999.0 -999.0 -999.0 -999.0 -999.0 -999.0 -999.0 -999.0 -999.0 -999.0 -999.0 -999.0 -999.0 -999.0 -999.0 -999.0 -999.0 -999.0 -999.0 -999.0 -999.0 -999.0
-999.0 -999.0 -999.0 -999.0 -999.0 -999.0 -999.0 -999.0 -999.0 -999.0 -999.0 -999.0 -999.0 -999.0 -999.0 -999.0 75.2 79.0 89.3 91.1 75.7 79.5 74.0 88.6 56.0 87.7 142.6 209.0 229.6 189.0 383.8 389.2 389.2 389.2 387.3 353.1 212.9 101.9 178.7 259.9 327.4 196.4 122.7 135.7 132.4 130.0 108.9 147.7 197.6 226.5 -999.0 -999.0 -999.0 -999.0 -999.0 -999.0 -999.0 -999.0 -999.0 -999.0 -999.0 -999.0 -999.0 -999.0 -999.0 -999.0 -999.0 -999.0 -999.0 -999.0 -999.0 -999.0 -999.0 -999.0 -999.0 -999.0
-999.0 -999.0 -999.0 -999.0 -999.0 -999.0 -999.0 -999.0 -999.0 -999.0 -999.0 -999.0 -999.0 -999.0 -999.0 75.8 63.3 62.3 76.7 85.5 53.9 74.2 82.5 53.7 93.3 218.8 223.0 276.9 389.1 357.9 290.7 335.4 388.2 389.2 387.4 387.0 290.3 115.2 124.2 160.1 234.3 143.5 130.9 219.9 189.9 178.4 256.8 228.7 127.2 180.1 -999.0 -999.0 -999.0 -999.0 -999.0 -999.0 -999.0 -999.0 388.9 388.6 388.5 388.3 387.0 385.8 394.8 312.6 389.4 254.5 246.7 -999.0 -999.0 -999.0 -999.0 -999.0 -999.0 -999.0
-999.0 -999.0 -999.0 -999.0 -999.0 -999.0 -999.0 -999.0 -999.0 -999.0 -999.0 -999.0 -999.0 -999.0 -999.0 76.5 74.1 73.9 74.6 76.6 54.6 85.6 78.1 79.6 78.9 92.8 257.9 328.8 399.3 391.2 389.2 389.2 389.2 389.2 395.0 387.4 279.3 145.9 111.8 91.8 120.8 133.4 181.2 150.5 213.4 229.8 227.7 279.0 226.4 196.1 220.7 -999.0 -999.0 -999.0 -999.0 385.6 399.7 399.7 388.8 388.5 388.5 388.3 385.8 385.8 384.4 385.2 389.4 388.5 389.8 292.1 393.8 -999.0 -999.0 -999.0 -999.0 -999.0
-999.0 -999.0 -999.0 -999.0 -999.0 -999.0 -999.0 -999.0 -999.0 -999.0 -999.0 -999.0 -999.0 -999.0 55.2 74.7 74.2 74.5 73.9 73.1 51.8 76.6 76.2 76.6 75.2 75.5 168.1 289.7 400.5 406.4 397.8 398.0 397.8 389.1 388.2 387.4 376.1 215.7 227.1 262.2 280.5 289.2 188.4 114.3 160.9 223.7 258.3 293.4 286.1 236.4 222.0 296.6 -999.0 295.0 374.8 314.1 373.4 405.9 399.6 388.4 388.5 388.3 385.8 383.3 384.4 385.2 389.4 388.5 389.8 326.8 393.8 398.0 -999.0 -999.0 -999.0 -999.0
-999.0 -999.0 -999.0 -999.0 -999.0 -999.0 -999.0 -999.0 -999.0 -999.0 -999.0 -999.0 -999.0 -999.0 75.7 60.4 73.4 74.6 73.1 74.0 80.8 73.9 76.6 73.9 71.3 68.6 113.0 223.0 297.4 400.5 400.5 400.7 389.2 389.2 389.2 387.4 386.8 387.0 386.8 395.6 395.4 385.8 285.7 153.8 213.1 195.8 287.4 225.2 286.0 220.3 236.7 229.1 223.9 346.8 294.6 399.7 364.0 399.7 399.6 388.6 388.5 388.3 387.0 383.3 384.4 385.2 389.4 399.4 389.8 393.8 394.0 394.0 394.0 -999.0 -999.0 -999.0
-999.0 -999.0 -999.0 -999.0 -999.0 -999.0 -999.0 -999.0 -999.0 -999.0 -999.0 -999.0 -999.0 -999.0 74.0 74.7 55.1 74.2 73.1 72.8 60.4 73.7 73.9 67.6 65.2 101.5 214.0 158.9 233.7 346.5 408.1 399.7 400.5 388.8 389.1 386.4 386.8 393.9 395.4 386.7 366.2 304.5 216.2 213.8 120.4 196.7 186.5 293.1 279.0 337.4 229.4 223.0 224.5 268.4 292.8 399.7 399.7 399.7 400.5 400.1 388.3 388.3 387.0 393.7 384.4 387.7 389.4 390.3 389.8 393.8 403.3 394.0 394.0 392.4 -999.0 -999.0
-999.0 -999.0 -999.0 -999.0 -999.0 -999.0 -999.0 -999.0 -999.0 -999.0 -999.0 -999.0 -999.0 -999.0 73.8 74.1 52.1 67.1 70.0 73.1 59.9 66.5 70.2 71.9 54.0 117.3 124.1 129.4 156.7 213.1 236.9 321.3 406.0 402.5 399.7 397.8 392.8 387.0 386.8 396.0 399.8 388.7 327.4 194.2 126.7 130.7 175.6 250.5 225.6 258.7 224.9 221.9 254.7 249.3 288.8 357.0 399.7 399.7 399.6 399.2 407.4 388.3 388.3 387.0 386.9 387.7 390.5 395.1 389.7 405.7 401.6 371.0 403.8 392.2 407.4 391.8
-999.0 -999.0 -999.0 -999.0 -999.0 -999.0 -999.0 -999.0 -999.0 -999.0 -999.0 -999.0 -999.0 -999.0 124.6 73.3 73.1 72.3 72.3 73.0 73.0 63.9 84.2 88.3 86.7 98.0 119.1 108.8 117.8 160.5 296.1 286.2 310.9 305.0 355.7 403.0 400.3 399.0 386.7 386.8 386.7 402.5 386.8 283.8 222.2 178.1 158.6 159.7 227.7 267.3 225.1 248.5 342.5 397.2 304.4 404.3 366.2 399.7 402.4 399.2 399.1 398.9 387.2 388.3 388.1 388.9 391.8 394.3 389.8 393.8 394.0 393.0 403.9 395.9 392.8 392.8
-999.0 -999.0 -999.0 -999.0 -999.0 -999.0 -999.0 -999.0 -999.0 -999.0 -999.0 -999.0 -999.0 -999.0 76.4 74.1 74.5 72.6 73.0 54.1 50.4 65.7 78.8 80.8 86.9 87.6 96.3 122.1 137.2 166.6 220.2 214.9 274.1 227.6 248.7 255.2 397.4 401.7 395.4 274.8 364.1 386.7 341.0 210.5 252.7 279.1 219.6 155.8 233.6 225.9 225.0 307.2 248.9 346.7 318.8 397.8 349.8 399.7 399.6 400.1 399.1 405.2 398.9 388.3 389.4 390.2 391.8 389.8 389.8 394.0 394.0 389.5 407.8 395.9 404.1 404.3
-999.0 -999.0 -999.0 -999.0 -999.0 -999.0 -999.0 -999.0 -999.0 -999.0 -999.0 -999.0 -999.0 -999.0 80.7 77.2 74.1 73.0 66.4 59.5 55.6 65.2 72.8 64.5 89.1 93.0 107.5 101.0 120.6 162.2 191.9 220.7 264.9 215.4 310.9 397.4 390.6 369.5 282.7 223.6 339.5 289.9 323.1 288.1 218.7 386.8 295.0 209.1 226.5 193.7 287.3 229.8 223.7 398.1 397.4 397.4 399.7 399.7 408.1 399.2 399.1 398.9 407.3 388.3 389.4 397.7 391.8 389.8 390.3 394.0 394.0 398.6 367.1 396.0 390.3 392.6
-999.0 -999.0 -999.0 -999.0 -999.0 -999.0 -999.0 -999.0 -999.0 -999.0 -999.0 -999.0 -999.0 -999.0 81.7 77.0 74.7 70.9 67.4 56.3 70.9 56.0 73.0 74.1 84.9 85.7 99.8 109.4 134.2 166.5 155.3 219.1 209.6 305.3 309.2 344.8 271.7 294.0 297.7 216.9 243.9 279.1 386.8 386.8 386.7 375.8 304.6 185.9 198.1 228.1 397.2 322.6 342.5 274.8 397.2 397.4 399.6 399.7 399.6 399.2 399.1 398.9 399.8 398.9 390.5 390.2 396.9 389.7 390.0 394.0 394.0 390.6 399.3 392.2 392.0 392.4
-999.0 -999.0 -999.0 -999.0 -999.0 -999.0 -999.0 -999.0 -999.0 -999.0 -999.0 -999.0 -999.0 -999.0 174.5 78.8 73.1 67.1 51.7 51.7 52.1 59.3 66.3 72.4 62.4 86.2 95.7 115.3 106.2 109.4 182.8 207.6 167.9 215.6 225.7 265.1 294.8 237.3 271.7 216.5 209.1 279.7 398.1 392.3 294.4 349.0 288.3 215.3 215.0 228.0 277.8 363.4 397.2 273.9 397.2 367.8 397.4 399.7 399.6 399.2 399.1 398.9 399.8 398.9 404.1 398.0 391.7 389.7 390.0 394.0 392.2 391.6 390.6 399.9 399.5 397.6
-999.0 -999.0 -999.0 -999.0 -999.0 -999.0 -999.0 -999.0 -999.0 -999.0 -999.0 -999.0 -999.0 -999.0 136.5 101.1 66.4 66.4 51.6 49.6 51.7 55.6 66.3 65.9 77.4 84.7 129.5 133.8 153.2 158.7 124.8 157.7 162.6 172.3 216.8 223.1 225.0 271.6 218.7 195.3 182.6 259.7 347.4 401.7 281.2 347.0 362.5 265.2 293.1 228.5 286.5 397.2 380.7 397.2 295.1 374.6 398.3 397.8 399.6 399.2 399.1 399.8 398.9 399.8 400.0 390.0 391.7 390.3 390.0 394.0 392.2 390.6 391.6 391.2 409.5 391.3
-999.0 -999.0 -999.0 -999.0 -999.0 -999.0 -999.0 -999.0 -999.0 -999.0 -999.0 -999.0 -999.0 -999.0 85.4 84.2 65.6 57.6 66.4 66.4 49.5 54.4 59.0 63.4 68.0 73.8 95.7 104.1 104.1 136.5 159.7 155.3 154.3 167.9 223.8 225.9 216.8 193.9 164.1 180.9 210.6 288.4 400.1 315.5 288.3 343.0 405.2 386.7 309.8 372.5 241.7 397.2 398.1 397.2 374.6 401.7 397.2 397.4 404.6 399.2 399.1 398.9 399.8 398.9 405.8 401.7 392.3 389.9 390.0 394.0 394.0 391.8 391.6 392.2 402.4 392.8
-999.0 -999.0 -999.0 -999.0 -999.0 -999.0 -999.0 -999.0 -999.0 -999.0 -999.0 -999.0 -999.0 -999.0 155.4 123.6 70.2 63.4 64.2 64.5 51.9 51.9 49.9 63.0 69.8 75.5 83.0 91.9 99.6 107.5 110.5 156.0 111.1 153.6 153.3 158.1 196.2 155.2 215.2 226.5 207.9 231.4 295.9 226.3 221.1 266.8 384.9 386.6 393.9 384.8 294.3 397.2 397.2 397.2 397.2 397.2 398.1 397.2 397.3 405.9 399.1 398.9 398.9 398.9 400.0 400.8 402.5 398.2 401.0 394.0 394.0 391.8 403.2 392.2 392.8 392.8
-999.0 -999.0 -999.0 -999.0 -999.0 -999.0 -999.0 -999.0 -999.0 -999.0 -999.0 -999.0 -999.0 -999.0 198.2 177.8 159.9 93.0 64.5 49.0 43.6 51.9 52.2 64.2 65.7 74.1 106.4 86.3 97.6 100.7 104.2 112.5 113.0 115.6 158.9 169.3 185.4 143.3 222.8 227.8 233.0 193.6 227.0 240.8 243.4 315.3 275.4 296.5 404.9 397.9 397.2 397.2 397.2 397.2 398.1 397.2 397.2 405.7 397.2 397.0 399.1 398.9 398.9 398.9 400.0 400.8 402.5 390.0 390.0 393.0 404.8 394.0 391.8 392.4 405.4 392.8
-999.0 -999.0 -999.0 -999.0 -999.0 -999.0 -999.0 -999.0 -999.0 -999.0 -999.0 -999.0 -999.0 -999.0 170.7 168.9 164.1 98.8 89.0 61.3 63.2 60.0 41.8 63.3 66.4 75.2 112.3 88.9 97.9 102.3 104.4 103.8 113.9 118.2 115.0 135.9 116.5 168.1 200.4 258.5 283.2 281.6 231.4 241.3 244.6 252.8 361.5 406.5 398.6 399.3 405.5 397.1 397.2 397.2 397.2 397.2 397.2 397.2 403.8 396.8 397.7 398.9 401.8 398.9 400.0 400.8 402.5 389.9 398.2 401.0 405.9 394.0 394.0 393.6 395.2 394.2
-999.0 -999.0 -999.0 -999.0 -999.0 -999.0 -999.0 -999.0 -999.0 -999.0 -999.0 -999.0 -999.0 -999.0 181.8 185.7 102.4 99.0 85.7 64.1 46.5 62.3 50.4 61.3 80.4 91.8 113.2 101.8 99.9 100.1 106.9 103.8 104.7 109.8 120.4 119.3 134.8 154.3 180.5 232.7 204.2 293.8 240.4 239.9 242.7 239.2 292.3 318.4 399.2 406.8 398.3 399.3 397.1 397.2 403.9 397.2 397.2 397.2 405.6 396.8 396.8 396.6 398.8 398.9 403.7 401.7 392.0 389.9 390.0 393.0 394.0 394.0 407.2 394.6 395.2 395.2
-999.0 -999.0 -999.0 -999.0 -999.0 -999.0 -999.0 -999.0 -999.0 -999.0 -999.0 -999.0 -999.0 -999.0 120.7 116.1 95.3 68.5 54.8 64.7 52.8 57.3 50.8 63.0 77.1 107.5 110.8 98.6 98.6 98.9 98.8 96.6 102.6 105.0 108.2 112.5 121.8 112.2 145.3 161.6 182.7 248.8 364.1 235.4 240.1 242.2 223.3 264.1 284.6 292.8 381.8 386.4 387.4 385.0 385.3 397.2 403.6 392.3 397.2 396.8 396.7 396.6 396.6 398.9 400.9 401.7 404.5 390.0 389.0 392.8 393.8 398.0 394.0 394.6 395.2 395.2
-999.0 -999.0 -999.0 -999.0 -999.0 -999.0 -999.0 -999.0 -999.0 -999.0 -999.0 -999.0 -999.0 -999.0 117.3 117.2 76.9 62.5 57.1 57.8 61.6 53.9 62.7 63.1 144.0 114.2 113.5 97.7 96.5 98.4 95.9 100.5 102.3 102.0 107.0 106.2 108.8 120.5 112.2 131.7 174.7 229.2 361.1 238.2 221.9 286.8 361.1 372.1 351.8 398.3 386.4 386.2 386.4 387.4 385.2 396.8 400.1 397.2 401.8 405.1 401.3 396.5 397.5 409.0 400.9 401.7 404.7 390.0 398.2 393.8 392.8 393.8 392.8 394.7 395.0 395.0
-999.0 -999.0 -999.0 -999.0 -999.0 -999.0 -999.0 -999.0 -999.0 -999.0 -999.0 -999.0 -999.0 -999.0 182.3 111.4 110.2 99.2 60.9 53.1 54.1 62.2 52.3 58.9 167.1 165.0 115.4 97.5 99.0 98.2 98.5 99.2 100.5 101.1 103.2 104.8 101.8 107.7 123.5 121.2 137.9 164.9 227.1 290.7 230.3 230.6 278.4 288.1 365.3 289.8 398.3 349.9 385.3 386.4 387.4 388.7 386.8 378.1 397.2 396.8 404.7 396.5 400.4 396.6 400.0 400.8 397.1 389.9 389.9 392.8 393.8 393.8 392.8 394.4 395.0 395.0
-999.0 -999.0 -999.0 -999.0 -999.0 -999.0 -999.0 -999.0 -999.0 -999.0 -999.0 -999.0 -999.0 -999.0 211.0 152.2 132.4 101.4 95.3 52.2 54.0 38.7 41.7 63.5 70.0 131.9 107.2 94.7 99.3 94.7 89.8 94.2 100.3 103.0 89.5 104.3 101.4 103.4 110.2 120.9 112.1 152.4 163.4 229.1 314.8 184.2 225.9 283.8 231.2 231.6 291.0 387.1 386.4 388.3 386.2 393.6 385.3 392.0 329.0 386.4 395.0 388.0 387.5 397.5 395.5 374.4 392.0 389.9 390.0 402.2 395.8 392.8 392.8 394.7 395.0 395.0
-999.0 -999.0 -999.0 -999.0 -999.0 -999.0 -999.0 -999.0 -999.0 -999.0 -999.0 -999.0 -999.0 -999.0 213.4 190.1 133.5 101.9 92.7 53.8 49.6 40.6 53.2 63.3 162.9 117.9 122.0 96.8 90.6 97.6 90.7 94.2 94.4 98.3 97.1 99.0 102.9 100.0 104.3 109.6 124.6 116.7 136.8 155.4 236.6 161.9 230.9 222.3 227.0 288.6 399.5 394.7 386.4 394.9 392.2 393.2 391.6 386.8 386.7 317.9 310.4 386.0 386.6 352.2 359.8 353.4 392.0 389.9 390.0 394.0 392.8 391.8 393.8 393.4 399.7 395.0
-999.0 -999.0 -999.0 -999.0 -999.0 -999.0 -999.0 -999.0 -999.0 -999.0 -999.0 -999.0 -999.0 -999.0 171.8 181.8 149.2 101.1 89.5 70.3 54.0 52.7 43.6 58.0 123.3 177.0 117.1 96.7 89.6 99.8 81.8 92.7 93.2 93.3 83.6 91.9 97.0 102.4 103.8 106.1 120.8 122.5 121.0 118.8 134.4 160.7 194.5 183.8 231.4 242.1 278.8 394.7 395.6 386.4 392.2 391.6 384.8 385.3 386.7 386.4 386.2 385.9 386.0 322.4 323.6 353.9 361.0 363.6 390.0 393.0 393.8 392.8 392.8 401.4 395.0 405.1
-999.0 -999.0 -999.0 -999.0 -999.0 -999.0 -999.0 -999.0 -999.0 -999.0 -999.0 -999.0 -999.0 -999.0 206.7 119.2 131.4 100.6 66.8 55.0 58.6 45.3 44.7 45.1 126.3 126.5 103.4 100.7 87.1 90.4 83.5 94.3 90.9 91.8 89.7 89.1 97.1 103.1 102.8 104.1 110.8 120.4 122.5 116.5 155.0 284.2 287.7 284.2 282.9 319.4 268.6 395.6 395.6 398.3 399.2 393.4 386.4 391.1 386.7 386.4 386.2 386.0 386.0 387.3 387.3 390.3 392.0 389.9 390.0 394.0 393.8 393.8 393.8 393.4 395.0 405.1
-999.0 -999.0 -999.0 -999.0 -999.0 -999.0 -999.0 -999.0 -999.0 -999.0 -999.0 -999.0 -999.0 -999.0 133.6 201.8 117.5 69.5 64.4 55.1 51.3 45.6 45.1 57.7 122.6 124.8 106.9 112.6 79.2 89.4 89.2 90.4 83.8 86.2 80.6 87.8 94.7 99.9 99.6 103.8 107.3 115.5 124.5 121.5 111.1 215.7 288.1 394.7 394.7 304.4 289.3 394.7 372.1 394.7 399.2 386.2 384.9 398.9 397.0 386.4 386.2 386.0 386.0 386.2 386.3 390.3 396.5 390.0 390.0 394.0 394.0 393.8 393.8 393.4 394.0 395.0
-999.0 -999.0 -999.0 -999.0 -999.0 -999.0 -999.0 -999.0 -999.0 -999.0 -999.0 -999.0 -999.0 173.6 165.1 122.3 116.1 83.9 59.0 55.5 56.2 40.2 55.3 54.2 85.2 137.5 125.8 92.4 78.8 73.5 89.1 88.2 76.0 68.5 73.2 89.3 89.2 95.2 104.3 101.9 105.7 111.4 111.8 120.5 125.2 156.6 227.9 228.3 394.7 279.4 291.2 248.6 279.4 324.4 399.2 403.0 384.9 385.2 386.7 288.4 386.2 386.0 385.9 386.2 387.2 388.4 391.9 390.0 390.0 401.0 394.0 394.0 402.7 394.4 395.0 405.1
