GSP_annual_reports_PET_2024_v1/GIS/PET_2023_Fall_Shallow.tif
NCOLS 191
NROWS  209
XLLCORNER 6295515.91401
YLLCORNER 1783415.49397
CELLSIZE 1000.0
NODATA_VALUE -999
[rows 68 to 101 of 209, columns 0 to 75 of 191]
-999.0 -999.0 -999.0 -999.0 -999.0 -999.0 -999.0 -999.0 -999.0 -999.0 100.2 79.2 108.6 87.8 81.1 75.4 79.4 95.2 171.7 169.4 184.5 156.2 135.4 75.5 50.6 44.9 43.5 44.3 51.0 55.0 51.3 56.9 67.6 76.1 80.5 67.7 58.8 89.2 61.5 59.3 64.3 74.5 69.3 73.3 74.0 78.5 79.3 90.1 84.8 86.8 92.3 89.1 99.1 102.8 101.7 101.8 105.9 108.4 112.3 124.8 122.2 118.8 110.3 116.5 127.2 132.8 148.2 151.2 166.8 165.3 164.3 157.5 161.8 161.7 165.0 168.1
-999.0 -999.0 -999.0 -999.0 -999.0 -999.0 -999.0 -999.0 -999.0 -999.0 88.8 83.5 149.6 112.7 100.4 85.6 78.2 138.9 174.9 178.9 194.9 163.6 147.8 103.7 89.1 43.7 43.5 46.5 50.6 77.7 56.4 61.2 76.3 69.0 74.6 83.1 89.5 91.2 82.3 81.2 71.4 73.6 72.5 74.7 75.5 77.9 75.8 82.2 84.9 78.7 90.8 87.8 100.7 104.3 103.3 104.3 104.7 109.7 117.0 123.6 119.9 119.7 110.0 113.6 118.6 128.6 133.3 160.3 166.8 164.3 162.1 164.1 162.0 157.2 172.4 177.1
-999.0 -999.0 -999.0 -999.0 -999.0 -999.0 -999.0 -999.0 -999.0 -999.0 86.4 83.6 84.9 146.3 93.6 80.9 74.2 90.4 125.7 165.3 181.2 162.6 145.1 98.3 61.7 44.9 45.2 46.2 54.2 78.9 68.6 70.5 81.3 87.6 90.8 87.2 87.2 90.5 77.1 70.9 65.2 69.4 74.8 74.4 77.2 79.6 77.9 78.8 90.3 89.1 102.4 96.2 98.3 101.7 101.1 103.1 105.7 111.9 119.8 125.1 129.7 118.9 111.5 123.6 114.9 127.1 135.5 149.7 169.1 155.4 167.3 166.6 170.5 174.7 178.5 183.4
-999.0 -999.0 -999.0 -999.0 -999.0 -999.0 -999.0 -999.0 -999.0 -999.0 106.4 89.6 193.4 184.2 93.8 80.6 81.3 89.8 137.5 163.8 178.1 158.1 141.3 104.0 83.4 43.3 45.1 46.5 54.5 54.3 57.8 55.6 67.3 78.4 86.7 66.9 85.6 78.6 68.7 61.8 74.6 73.2 72.1 74.9 76.9 76.5 76.4 79.3 86.0 89.9 95.5 93.7 102.1 101.0 101.7 104.5 107.9 111.3 118.6 125.5 123.0 122.2 119.7 112.9 107.7 118.6 133.9 140.6 159.4 153.0 168.4 176.4 176.4 181.1 187.1 184.2
-999.0 -999.0 -999.0 -999.0 -999.0 -999.0 -999.0 -999.0 -999.0 -999.0 97.4 116.1 226.9 196.1 108.9 81.4 81.4 90.3 161.4 172.9 173.9 151.6 135.2 143.0 106.8 76.7 44.7 45.3 47.5 61.3 52.2 52.6 57.1 59.5 57.1 72.9 68.4 64.4 56.9 60.4 66.2 71.4 72.8 74.8 76.2 76.1 78.0 80.5 88.6 91.1 92.2 97.1 95.7 103.4 102.3 104.8 105.3 109.8 112.0 120.4 137.9 126.0 119.9 111.6 101.5 107.7 120.6 140.0 210.5 210.5 219.8 188.4 176.7 188.8 184.8 189.9
-999.0 -999.0 -999.0 -999.0 -999.0 -999.0 -999.0 -999.0 -999.0 -999.0 -999.0 116.4 196.5 204.3 132.8 81.0 77.7 84.9 130.7 157.3 156.5 135.5 111.1 128.2 114.9 76.2 47.7 47.8 47.4 48.4 52.8 60.3 58.7 69.6 56.2 59.3 62.5 69.6 64.9 63.4 61.2 67.1 73.0 73.2 73.2 77.3 74.8 80.5 89.3 89.9 91.4 96.4 102.1 101.5 102.2 103.0 104.8 105.8 108.5 119.0 120.0 124.5 121.4 118.1 107.7 101.0 150.5 124.4 186.6 315.7 357.2 291.9 205.8 187.2 190.0 192.4
-999.0 -999.0 -999.0 -999.0 -999.0 -999.0 -999.0 -999.0 -999.0 -999.0 -999.0 129.1 222.9 218.2 155.4 84.3 84.9 81.6 92.3 99.6 101.2 94.1 98.5 113.7 139.6 100.0 97.5 82.4 45.7 50.7 63.5 69.1 74.3 78.5 79.7 72.1 60.4 54.4 59.3 72.5 73.5 74.8 69.3 78.1 74.1 75.7 66.0 77.6 81.9 86.8 90.2 91.4 96.2 101.8 102.8 103.3 101.5 104.1 105.9 115.6 116.5 124.4 123.9 123.1 119.3 101.4 138.4 120.8 172.6 240.1 392.4 321.3 243.9 195.5 167.2 195.5
-999.0 -999.0 -999.0 -999.0 -999.0 -999.0 -999.0 -999.0 -999.0 -999.0 -999.0 197.4 205.5 202.6 152.2 100.2 85.5 83.4 86.5 96.9 100.6 134.2 93.2 103.6 134.5 135.2 102.7 74.7 47.1 48.9 64.3 86.2 85.6 86.0 85.2 78.0 71.4 75.7 74.2 74.8 77.3 75.3 77.5 75.4 74.9 77.2 78.2 80.5 84.5 87.4 88.2 87.5 92.3 97.6 99.0 102.9 101.2 103.2 105.9 110.0 111.7 119.7 121.5 124.1 119.2 107.7 119.6 185.9 200.4 271.6 381.2 308.5 258.2 204.3 196.0 199.4
-999.0 -999.0 -999.0 -999.0 -999.0 -999.0 -999.0 -999.0 -999.0 -999.0 -999.0 242.4 247.9 213.0 149.8 100.5 89.4 82.2 85.9 158.5 163.8 155.4 101.3 127.9 130.1 147.7 106.0 108.3 60.2 53.0 53.1 59.1 66.4 85.4 79.4 81.0 77.4 72.5 74.7 76.0 75.5 74.9 74.3 75.5 75.6 76.9 76.7 77.9 80.5 82.1 90.4 88.9 89.2 95.6 99.3 101.2 104.1 101.8 104.8 107.4 109.2 114.5 116.4 122.2 115.5 126.0 157.8 195.3 197.0 265.4 393.4 395.5 276.5 245.9 221.9 192.1
-999.0 -999.0 -999.0 -999.0 -999.0 -999.0 -999.0 -999.0 -999.0 -999.0 -999.0 -999.0 206.1 168.1 155.0 169.3 102.6 86.8 87.6 133.9 172.6 160.2 120.7 134.1 148.2 144.1 108.3 89.2 120.1 51.0 54.5 53.7 76.4 56.4 79.2 71.0 76.4 74.9 75.2 71.9 68.1 64.0 73.1 72.8 74.7 75.9 75.3 77.9 80.1 84.5 90.2 90.4 89.5 91.9 93.6 98.9 102.8 103.3 102.2 101.0 105.5 110.5 118.1 119.7 103.0 142.3 141.5 168.9 181.8 212.0 397.1 406.7 395.8 294.1 236.5 217.6
-999.0 -999.0 -999.0 -999.0 -999.0 -999.0 -999.0 -999.0 -999.0 -999.0 -999.0 -999.0 -999.0 208.3 189.5 202.6 159.8 98.5 87.1 97.8 161.8 191.0 152.7 137.4 155.6 137.4 124.2 95.8 75.5 52.8 51.8 50.2 51.7 52.0 56.8 68.3 74.5 73.1 73.4 63.4 71.2 71.7 67.0 66.2 71.2 73.9 75.5 81.8 78.7 86.0 87.4 90.2 91.5 90.9 85.7 95.0 97.8 103.1 103.0 97.1 103.5 107.6 119.8 123.4 107.2 131.7 127.5 223.8 211.6 204.5 306.6 394.0 394.4 404.8 307.6 276.1
-999.0 -999.0 -999.0 -999.0 -999.0 -999.0 -999.0 -999.0 -999.0 -999.0 -999.0 -999.0 -999.0 -999.0 236.4 209.3 159.2 94.4 90.9 89.8 152.6 185.4 130.8 114.4 128.8 151.9 122.3 103.7 92.4 71.9 57.9 54.7 52.2 53.5 82.3 77.7 76.9 72.9 63.2 67.4 61.9 63.7 74.2 73.2 72.6 75.9 75.0 77.4 77.1 78.5 80.1 86.8 90.5 90.6 91.6 91.0 96.7 95.9 101.7 96.1 102.0 101.8 105.4 119.1 111.9 121.9 159.4 237.0 302.7 335.3 319.5 393.4 394.4 392.4 393.1 400.2
-999.0 -999.0 -999.0 -999.0 -999.0 -999.0 -999.0 -999.0 -999.0 -999.0 -999.0 -999.0 -999.0 -999.0 -999.0 203.2 204.8 153.6 103.4 93.6 98.7 176.1 103.5 127.9 148.0 159.9 149.2 112.4 99.4 81.6 61.2 56.9 53.5 53.9 67.6 70.4 66.7 59.7 59.7 63.6 74.4 72.2 71.9 74.1 75.8 76.2 76.5 77.9 77.6 80.4 80.8 81.3 86.4 88.6 89.9 89.3 91.8 90.1 99.6 97.7 103.9 101.7 102.2 102.7 106.2 109.6 170.8 220.8 389.1 403.7 393.4 393.4 395.5 392.6 390.9 397.4
-999.0 -999.0 -999.0 -999.0 -999.0 -999.0 -999.0 -999.0 -999.0 -999.0 -999.0 -999.0 -999.0 -999.0 -999.0 223.0 221.7 190.8 119.1 91.6 98.4 96.4 91.0 155.7 157.9 157.3 148.2 105.3 102.2 98.5 72.1 51.7 57.5 58.3 61.0 55.5 55.2 51.3 90.9 74.0 70.2 67.1 71.1 75.9 74.8 75.5 75.8 77.9 78.0 79.5 80.6 80.1 81.9 87.5 90.1 89.5 91.6 96.7 97.1 95.8 103.7 104.0 101.4 101.3 102.3 107.3 172.3 307.4 352.9 401.0 392.3 393.4 399.8 393.8 393.1 393.1
-999.0 -999.0 -999.0 -999.0 -999.0 -999.0 -999.0 -999.0 -999.0 -999.0 -999.0 -999.0 -999.0 -999.0 -999.0 212.3 170.6 169.8 100.3 93.1 92.8 97.1 96.5 127.3 157.7 147.2 106.6 107.0 98.0 76.0 64.0 61.8 57.5 57.0 56.9 54.8 64.3 70.6 74.7 63.7 60.4 66.0 71.7 74.3 75.7 75.5 75.9 75.7 77.2 77.8 79.6 80.4 80.8 83.1 90.5 90.2 91.5 90.7 95.5 92.9 98.3 101.8 100.0 104.4 101.2 118.8 179.0 334.3 400.4 391.8 393.4 393.4 395.5 397.6 392.0 403.9
-999.0 -999.0 -999.0 -999.0 -999.0 -999.0 -999.0 -999.0 -999.0 -999.0 -999.0 -999.0 -999.0 -999.0 -999.0 129.3 150.9 106.7 101.4 169.1 177.0 118.4 98.7 108.1 114.7 136.4 157.0 111.3 98.0 75.7 67.7 57.8 51.8 57.0 56.8 55.5 55.3 62.8 63.5 61.5 75.3 74.2 75.1 75.5 75.5 74.7 67.2 75.5 76.7 75.5 76.1 77.9 80.6 87.0 90.2 90.1 90.4 89.9 91.6 92.4 96.6 96.2 97.2 97.2 101.7 105.8 126.0 292.5 400.4 390.8 393.4 393.4 393.4 393.9 392.8 400.2
-999.0 -999.0 -999.0 -999.0 -999.0 -999.0 -999.0 -999.0 -999.0 -999.0 -999.0 -999.0 -999.0 -999.0 -999.0 171.6 98.6 100.6 167.7 206.8 200.2 155.5 96.6 99.3 111.4 176.1 163.6 108.3 102.0 122.3 77.1 76.4 54.4 55.0 54.3 53.8 54.5 57.9 54.3 60.1 76.1 74.7 75.9 74.4 74.9 73.1 75.0 75.5 75.2 75.0 77.9 79.6 78.7 81.3 82.3 88.4 90.2 89.7 92.0 91.4 91.1 95.6 96.6 94.8 101.9 105.5 127.2 224.1 354.2 402.9 403.1 393.4 392.3 403.5 396.7 400.2
-999.0 -999.0 -999.0 -999.0 -999.0 -999.0 -999.0 -999.0 -999.0 -999.0 -999.0 -999.0 -999.0 -999.0 -999.0 95.0 98.7 144.1 165.9 222.1 228.7 192.1 111.0 99.8 153.6 225.0 188.4 134.3 101.4 132.9 120.6 89.8 63.1 54.7 55.3 56.0 51.3 52.5 55.4 60.8 63.1 72.1 74.6 71.0 60.0 60.9 75.8 75.5 71.0 72.3 76.9 78.2 77.7 77.9 80.8 84.8 87.5 89.6 89.8 86.7 91.3 91.6 91.6 94.7 103.2 103.5 101.1 170.7 262.1 394.2 403.1 398.4 393.4 400.5 392.5 393.8
-999.0 -999.0 -999.0 -999.0 -999.0 -999.0 -999.0 -999.0 -999.0 -999.0 -999.0 -999.0 -999.0 -999.0 -999.0 -999.0 168.6 200.7 211.0 207.5 214.9 163.6 113.2 97.1 180.6 217.3 173.6 121.6 151.6 155.2 118.5 100.2 84.9 62.5 56.3 55.8 54.7 53.2 52.1 53.9 61.9 62.8 69.4 66.9 73.8 74.6 72.9 73.9 72.3 75.2 75.3 76.1 78.2 77.5 72.9 80.7 82.1 88.1 86.8 90.3 89.7 91.2 91.2 93.8 102.4 114.6 117.9 154.3 225.9 274.3 393.4 393.4 403.1 406.1 391.8 393.3
-999.0 -999.0 -999.0 -999.0 -999.0 -999.0 -999.0 -999.0 -999.0 -999.0 -999.0 -999.0 -999.0 -999.0 -999.0 -999.0 200.2 310.7 315.7 261.1 209.8 192.8 154.0 98.5 130.4 193.1 159.3 169.4 163.7 145.0 184.2 122.1 97.6 77.1 64.0 61.3 59.3 55.2 51.6 53.0 63.3 61.7 62.7 62.9 72.5 72.5 66.3 67.4 73.9 74.2 72.9 75.2 75.4 75.8 76.3 79.3 79.4 81.0 87.5 84.4 90.1 90.4 90.8 91.6 101.8 108.5 114.0 131.1 185.0 306.1 391.8 393.4 403.4 403.7 408.1 393.0
-999.0 -999.0 -999.0 -999.0 -999.0 -999.0 -999.0 -999.0 -999.0 -999.0 -999.0 -999.0 -999.0 -999.0 -999.0 -999.0 200.0 313.4 348.2 332.3 244.5 209.1 180.1 102.5 145.2 196.3 211.4 222.0 155.2 147.3 123.1 112.8 100.7 96.4 95.8 65.9 57.9 55.4 54.4 61.7 59.7 58.5 62.9 66.3 70.7 63.1 71.3 73.8 74.5 73.1 73.2 75.9 75.6 75.5 77.1 77.9 77.9 79.4 80.1 79.1 82.3 81.9 90.1 91.4 96.3 102.0 110.5 122.0 137.0 267.1 318.1 393.4 393.4 405.6 392.8 392.3
-999.0 -999.0 -999.0 -999.0 -999.0 -999.0 -999.0 -999.0 -999.0 -999.0 -999.0 -999.0 -999.0 -999.0 -999.0 -999.0 200.5 213.3 350.1 333.6 316.4 230.1 207.1 147.3 149.4 226.1 224.7 207.9 218.0 164.3 171.5 107.8 112.3 96.6 98.2 71.0 56.7 52.6 57.7 51.5 54.7 53.9 58.0 61.3 62.8 74.4 72.4 72.9 73.5 72.9 72.9 74.5 73.9 73.8 75.5 76.9 77.4 78.0 77.7 81.3 80.2 82.0 83.5 90.2 91.7 94.9 100.9 103.2 105.4 156.5 216.2 403.1 393.4 393.9 395.0 395.0
-999.0 -999.0 -999.0 -999.0 -999.0 -999.0 -999.0 -999.0 -999.0 -999.0 -999.0 -999.0 -999.0 -999.0 -999.0 -999.0 275.5 310.6 346.5 267.8 264.6 209.2 166.0 103.2 139.9 196.8 210.8 224.2 250.8 215.7 161.1 121.1 98.6 86.8 97.3 83.6 64.0 58.6 54.6 51.6 57.3 60.1 63.4 64.1 68.1 69.9 67.7 70.8 73.7 74.5 71.2 70.5 73.8 74.4 75.5 76.2 76.2 75.9 76.7 76.8 78.0 81.0 85.2 82.1 89.1 91.1 96.2 101.4 122.0 124.1 211.4 287.2 403.1 403.7 404.7 403.0
-999.0 -999.0 -999.0 -999.0 -999.0 -999.0 -999.0 -999.0 -999.0 -999.0 -999.0 -999.0 -999.0 -999.0 -999.0 -999.0 269.3 363.5 367.4 270.7 196.6 192.9 128.5 100.7 125.5 174.3 225.3 245.8 213.5 231.3 160.3 110.0 110.3 115.8 101.9 98.5 72.9 63.8 62.4 58.1 52.1 58.0 62.4 63.7 71.2 67.8 69.3 68.6 72.6 65.5 69.3 74.1 74.6 73.9 75.4 75.5 74.6 75.2 76.2 77.2 77.8 79.6 77.8 79.6 83.1 89.0 90.1 92.1 101.0 104.9 103.6 185.7 230.4 406.1 404.3 404.0
-999.0 -999.0 -999.0 -999.0 -999.0 -999.0 -999.0 -999.0 -999.0 -999.0 -999.0 -999.0 -999.0 -999.0 -999.0 -999.0 258.6 361.7 369.6 267.5 201.3 157.8 136.3 209.2 170.8 151.6 204.5 256.8 209.4 168.1 121.0 153.3 133.8 148.8 108.9 121.9 93.7 83.1 89.3 76.3 61.8 54.3 65.4 62.3 63.3 67.1 63.9 65.1 65.4 71.8 73.0 73.5 74.5 75.7 74.9 75.5 75.5 75.9 75.5 75.8 77.3 78.2 77.0 78.2 79.6 81.0 86.0 90.2 93.8 100.7 120.0 156.1 178.6 225.0 316.4 394.7
-999.0 -999.0 -999.0 -999.0 -999.0 -999.0 -999.0 -999.0 -999.0 -999.0 -999.0 -999.0 -999.0 -999.0 -999.0 212.3 356.6 306.7 315.6 264.8 194.2 162.9 182.5 214.0 224.6 168.5 208.5 234.5 217.8 197.7 170.5 195.5 184.2 180.0 150.2 112.2 124.5 104.3 97.8 78.3 61.5 58.9 53.6 57.5 61.3 55.3 62.3 68.1 67.4 73.6 72.5 71.2 71.4 75.6 75.4 74.2 75.5 74.6 75.5 75.5 61.3 78.0 78.0 78.1 77.9 80.6 79.7 88.2 91.4 98.2 109.5 99.5 123.4 161.2 220.9 274.1
-999.0 -999.0 -999.0 -999.0 -999.0 -999.0 -999.0 -999.0 -999.0 -999.0 -999.0 -999.0 -999.0 -999.0 -999.0 241.4 338.5 334.0 250.7 265.5 204.8 158.9 245.6 287.1 206.6 194.6 210.5 227.2 215.9 151.9 165.0 199.8 197.3 202.7 191.2 153.6 139.1 122.1 96.2 80.1 62.8 59.4 55.6 63.6 60.2 53.3 72.4 65.6 64.5 66.3 73.1 70.8 73.3 74.6 74.6 72.8 74.6 73.9 73.2 56.4 75.0 77.5 75.5 77.2 68.4 76.4 78.8 86.8 90.7 91.1 100.9 105.8 114.4 149.4 168.9 200.2
-999.0 -999.0 -999.0 -999.0 -999.0 -999.0 -999.0 -999.0 -999.0 -999.0 -999.0 -999.0 -999.0 -999.0 173.6 332.8 340.6 173.8 174.1 166.7 164.9 181.8 285.9 332.9 285.5 202.1 225.4 223.1 220.0 212.4 175.0 211.0 214.9 200.3 186.1 197.9 155.9 101.0 110.6 114.5 58.3 68.0 64.6 59.8 59.7 57.1 67.5 72.0 71.8 72.4 73.7 71.2 72.0 74.5 74.6 73.8 73.5 74.6 54.7 74.6 75.5 75.5 77.9 77.8 80.8 79.7 74.7 85.4 89.4 92.3 94.5 101.9 114.3 125.9 158.5 193.3
-999.0 -999.0 -999.0 -999.0 -999.0 -999.0 -999.0 -999.0 -999.0 -999.0 -999.0 -999.0 -999.0 -999.0 357.5 359.8 271.1 337.6 197.2 182.2 271.7 167.9 279.5 333.8 341.2 281.4 224.4 240.0 246.8 219.8 208.8 224.1 218.3 213.8 168.6 151.8 154.4 104.9 93.8 69.3 74.3 71.6 76.4 64.2 54.2 62.4 63.2 67.1 68.1 71.5 73.1 72.9 74.1 74.0 74.6 73.7 74.3 73.5 74.4 75.7 75.9 76.0 78.2 75.9 76.2 79.4 87.2 89.3 89.7 91.8 93.8 101.7 106.4 119.0 155.7 168.8
-999.0 -999.0 -999.0 -999.0 -999.0 -999.0 -999.0 -999.0 -999.0 -999.0 -999.0 -999.0 -999.0 349.1 363.0 359.1 360.0 354.7 175.6 316.8 265.3 192.8 249.2 286.6 362.6 308.7 280.0 288.7 271.7 269.3 223.0 223.7 205.9 208.5 205.4 123.7 139.7 137.3 104.1 76.3 72.6 89.3 83.9 90.8 64.2 88.8 54.6 55.9 67.7 72.0 71.7 71.1 73.9 74.4 71.5 70.0 72.3 73.5 74.4 73.8 75.4 75.8 78.2 77.6 81.8 83.7 90.2 89.2 91.8 91.5 103.1 102.8 104.8 122.2 99.9 149.4
-999.0 -999.0 -999.0 -999.0 -999.0 -999.0 -999.0 -999.0 -999.0 -999.0 -999.0 -999.0 -999.0 243.8 357.3 364.6 352.3 337.8 225.2 354.7 350.8 215.7 226.1 368.1 370.7 219.1 209.4 236.9 298.2 213.2 209.3 221.9 173.3 169.2 166.3 129.0 105.7 103.6 85.1 79.9 104.5 116.6 97.4 94.8 94.2 67.6 104.8 121.5 63.5 67.5 62.1 66.7 73.1 72.2 71.8 61.0 72.0 71.7 75.7 75.2 75.1 78.2 79.2 79.3 80.0 84.1 88.4 88.9 90.7 94.7 97.4 103.3 104.4 116.5 119.2 102.3
-999.0 -999.0 -999.0 -999.0 -999.0 -999.0 -999.0 -999.0 -999.0 -999.0 -999.0 -999.0 -999.0 212.0 310.7 355.7 352.1 280.1 327.3 338.2 364.5 222.1 293.8 359.0 368.1 277.8 206.5 205.2 260.0 225.1 208.5 216.6 186.2 164.1 115.8 121.9 109.1 89.0 98.7 115.4 133.3 114.8 105.7 100.0 97.8 81.5 103.4 122.2 62.2 64.5 71.0 73.2 72.8 70.2 71.8 70.8 72.1 71.4 75.6 74.8 74.8 74.9 78.0 79.6 81.3 81.9 90.3 88.8 91.5 95.2 97.9 104.8 102.4 111.0 122.8 102.1
-999.0 -999.0 -999.0 -999.0 -999.0 -999.0 -999.0 -999.0 -999.0 -999.0 -999.0 -999.0 -999.0 348.7 348.2 350.2 350.9 352.2 352.6 354.7 298.2 220.8 358.4 352.8 310.8 192.6 171.2 157.6 202.5 247.1 218.0 148.5 169.4 172.9 147.7 101.3 97.8 98.8 119.4 157.7 174.2 121.1 103.5 98.6 97.9 89.0 120.4 108.2 92.2 67.8 55.8 66.6 74.7 74.7 55.9 70.8 71.7 71.4 71.4 75.5 70.3 76.9 81.0 80.6 81.2 88.2 89.3 88.6 86.4 96.9 90.4 102.0 99.1 111.5 120.9 129.1
-999.0 -999.0 -999.0 -999.0 -999.0 -999.0 -999.0 -999.0 -999.0 -999.0 -999.0 -999.0 -999.0 344.9 348.5 343.1 347.9 349.7 352.5 347.7 354.7 352.1 368.4 355.2 262.8 302.6 252.5 160.4 102.1 144.1 135.6 115.8 110.2 102.0 93.2 92.2 120.7 101.0 106.6 122.6 161.9 143.1 151.2 113.9 108.4 99.1 99.0 139.2 105.2 65.2 72.1 73.4 61.4 62.3 54.4 72.0 73.6 73.0 75.4 75.5 76.0 77.6 77.9 77.6 79.5 82.0 88.1 88.1 89.1 95.5 99.3 104.5 101.5 107.6 122.3 108.9
