GSP_annual_reports_PET_2024_v1/GIS/PET_2023_Spring_Shallow.tif
NCOLS 191
NROWS  209
XLLCORNER 6295515.91401
YLLCORNER 1783415.49397
CELLSIZE 1000.0
NODATA_VALUE -999
[rows 34 to 67 of 209, columns 0 to 75 of 191]
-999.0 -999.0 -999.0 -999.0 -999.0 -999.0 -999.0 -999.0 -999.0 -999.0 -999.0 -999.0 -999.0 133.1 135.6 158.0 113.0 89.8 56.2 48.1 49.4 59.2 55.8 55.1 127.9 185.8 159.1 108.9 88.2 81.7 79.6 76.3 71.8 75.1 87.2 91.4 91.5 93.7 95.1 103.1 101.3 103.9 106.9 108.2 120.1 116.7 166.1 235.4 304.0 231.7 235.8 295.9 312.7 369.0 410.2 418.4 407.4 396.6 343.9 396.1 399.1 407.0 395.8 396.0 397.1 397.9 400.9 399.0 399.0 403.1 402.1 402.1 402.9 402.6 405.0 415.8
-999.0 -999.0 -999.0 -999.0 -999.0 -999.0 -999.0 -999.0 -999.0 -999.0 -999.0 -999.0 -999.0 237.1 118.1 134.4 109.4 95.9 56.3 55.1 41.4 58.7 55.4 57.5 202.5 141.2 172.9 131.0 72.9 80.2 82.9 55.6 71.8 73.8 84.9 83.3 92.8 90.9 89.6 95.6 96.6 104.2 103.3 109.5 124.7 117.2 141.0 234.5 223.0 193.9 400.8 379.6 362.8 311.3 410.2 365.5 347.2 381.1 285.6 396.1 407.2 407.9 395.7 396.0 397.1 397.9 401.6 399.0 399.0 403.1 402.1 402.1 402.1 402.6 413.4 405.0
-999.0 -999.0 -999.0 -999.0 -999.0 -999.0 -999.0 -999.0 -999.0 -999.0 -999.0 -999.0 -999.0 205.1 206.6 201.5 71.6 68.0 57.2 51.3 50.7 52.8 58.3 55.3 129.3 123.6 104.8 102.7 73.5 62.7 64.2 79.1 76.2 75.5 70.2 76.9 79.9 89.3 90.1 94.4 98.2 105.1 103.8 113.2 122.2 113.6 132.0 166.2 235.4 337.7 406.6 375.2 343.1 378.2 406.6 398.2 314.7 343.0 374.9 407.4 407.2 407.0 395.8 395.8 412.5 397.9 399.6 401.7 399.0 403.1 408.1 408.1 403.1 402.8 405.0 405.0
-999.0 -999.0 -999.0 -999.0 -999.0 -999.0 -999.0 -999.0 -999.0 -999.0 -999.0 317.4 303.5 262.3 181.6 132.5 117.8 107.2 59.6 42.4 58.1 57.9 57.0 55.8 164.6 91.5 90.4 81.8 70.5 63.4 63.7 61.7 68.0 72.4 73.6 72.3 77.8 85.0 90.6 89.0 97.8 103.3 102.0 110.4 117.9 122.8 136.0 168.7 314.1 350.4 406.6 406.6 406.6 407.5 407.5 387.8 344.7 262.4 317.4 401.6 407.2 407.0 407.9 395.8 397.1 397.9 399.4 397.5 404.3 403.1 403.1 404.3 402.1 403.8 405.2 405.0
-999.0 -999.0 -999.0 -999.0 -999.0 -999.0 -999.0 -999.0 -999.0 -999.0 114.7 203.5 204.9 273.8 190.8 203.0 118.6 104.4 59.9 60.7 57.5 43.9 57.8 55.8 138.7 107.5 73.1 66.8 72.3 62.4 63.9 62.2 88.9 87.7 90.5 82.7 90.0 91.9 90.4 91.4 94.8 98.1 103.3 104.6 113.3 121.1 112.1 165.6 236.2 406.6 406.6 406.6 409.6 406.6 406.6 410.2 412.0 347.9 375.1 407.4 408.8 409.1 407.0 407.9 397.0 397.9 399.5 403.2 399.9 401.6 403.1 403.1 408.1 414.0 405.2 405.0
-999.0 -999.0 -999.0 -999.0 -999.0 -999.0 -999.0 396.4 182.5 76.2 92.1 83.4 139.7 78.1 75.8 63.8 148.4 121.0 63.9 45.2 48.9 58.5 56.7 126.3 95.5 92.8 64.6 58.9 51.2 60.1 58.2 74.3 79.6 79.7 91.3 91.4 90.2 89.4 91.6 92.3 96.1 97.7 99.7 104.6 103.9 106.2 116.0 113.6 158.2 278.0 360.1 406.6 370.1 408.2 407.5 412.0 410.2 306.0 408.6 409.2 412.0 407.0 407.0 407.9 401.5 409.1 399.5 397.5 397.5 401.6 401.6 411.5 402.1 403.8 405.2 405.2
-999.0 -999.0 -999.0 -999.0 -999.0 395.2 114.7 396.4 280.2 91.4 60.1 59.3 58.1 55.2 55.8 55.9 58.2 59.7 59.3 40.4 46.4 44.7 94.0 92.3 67.4 88.0 64.3 55.6 64.8 64.8 67.7 73.2 69.5 84.9 91.9 92.3 88.2 87.0 94.1 92.2 94.3 97.3 99.4 105.3 104.8 104.5 103.9 115.9 147.4 189.1 322.7 324.0 286.7 336.9 407.5 406.6 410.2 389.1 396.4 376.0 407.2 315.5 407.6 407.0 408.1 409.8 399.2 397.3 397.5 401.6 410.0 415.2 401.2 402.8 404.1 405.2
-999.0 -999.0 -999.0 -999.0 394.6 395.9 198.8 206.2 332.8 200.7 286.9 166.5 140.5 38.7 55.4 52.0 49.0 59.7 43.1 42.5 56.8 91.4 112.5 80.5 79.8 55.6 54.9 56.3 76.8 88.6 65.7 83.4 68.1 87.1 72.6 77.7 89.1 86.9 91.2 90.5 95.7 97.4 101.4 104.0 103.3 104.1 104.4 118.1 108.7 153.4 236.6 297.3 230.2 406.6 406.6 407.5 397.9 352.4 333.3 397.4 377.9 296.1 322.3 377.3 408.1 414.1 413.5 402.6 397.3 400.4 401.0 401.4 411.5 405.0 404.1 405.2
-999.0 -999.0 -999.0 171.8 212.7 398.1 232.4 145.3 383.1 299.9 210.1 148.4 206.9 41.5 42.1 106.2 157.9 57.5 43.2 43.4 58.4 101.8 123.6 91.7 77.1 57.2 56.3 81.4 65.9 96.6 95.1 89.0 91.6 91.3 89.8 92.4 92.0 90.4 92.1 92.3 93.8 98.8 95.7 104.9 103.6 106.8 109.4 115.6 114.3 139.8 170.8 236.3 303.3 373.6 308.9 363.9 311.5 410.9 200.2 362.1 341.1 310.8 320.1 317.7 333.7 373.7 404.3 411.3 408.0 411.9 406.5 402.8 402.8 402.6 405.2 405.2
-999.0 -999.0 33.9 41.1 44.3 62.0 238.9 96.5 302.2 328.1 200.0 93.8 201.7 46.8 100.9 139.1 153.1 63.4 58.9 122.6 64.3 175.1 127.3 69.9 62.9 55.6 54.6 95.7 90.9 94.9 90.2 94.3 93.3 94.3 95.7 92.3 92.7 93.0 92.3 97.5 96.3 99.7 101.8 104.0 123.8 108.0 113.1 118.3 120.0 127.9 156.4 199.3 337.7 350.3 224.4 254.2 203.3 332.4 224.0 188.3 271.6 304.0 271.5 297.9 318.7 320.4 410.6 408.0 408.0 412.1 401.4 400.4 401.4 410.7 403.7 405.2
-999.0 -999.0 173.8 129.3 33.8 45.1 47.1 115.0 143.7 209.3 277.0 203.8 59.0 43.6 154.0 153.1 178.1 103.6 100.9 136.5 145.1 181.6 104.6 57.6 55.8 56.3 59.4 70.4 83.2 81.3 103.9 97.6 90.4 95.6 97.3 96.1 92.5 97.6 99.9 98.5 99.4 104.8 104.9 103.3 105.8 107.0 110.8 113.8 124.0 117.7 124.3 177.3 262.5 406.6 304.3 167.6 124.4 223.3 184.2 218.3 218.6 304.2 307.1 304.7 311.7 367.7 411.5 408.0 408.0 412.1 408.2 401.4 400.4 402.2 403.7 403.7
-999.0 147.0 367.1 287.9 115.2 48.7 44.8 50.5 65.2 178.0 209.1 156.9 59.6 58.2 189.3 182.1 178.4 161.2 115.8 113.6 174.9 144.2 59.8 59.6 54.8 60.3 56.3 93.8 55.1 88.5 99.8 96.8 91.4 90.1 95.6 96.2 102.2 97.8 99.4 100.1 104.2 104.5 102.3 104.4 103.4 107.0 111.5 112.6 121.3 122.6 118.3 125.6 169.7 237.4 247.3 141.5 142.0 129.2 175.8 218.5 260.4 287.2 309.8 332.2 334.8 409.8 410.6 377.5 340.6 416.2 412.1 412.7 401.4 402.2 408.5 412.1
-999.0 412.3 345.8 194.0 215.5 111.1 37.4 40.7 52.2 98.1 91.9 56.8 53.9 51.8 190.6 190.9 184.5 108.0 102.3 108.5 111.0 123.5 98.1 54.1 50.4 61.5 59.7 57.1 53.9 90.2 95.5 94.7 76.7 90.9 90.9 98.0 89.6 98.1 89.5 78.5 97.7 97.2 105.1 101.7 104.2 103.3 105.2 111.0 112.7 123.0 123.6 118.1 107.9 122.8 133.5 133.4 278.4 397.6 321.9 364.7 395.9 271.1 348.6 401.6 395.7 397.7 403.0 375.7 375.3 329.1 388.7 412.1 412.1 401.1 408.6 402.5
-999.0 410.6 286.5 216.7 100.9 43.2 86.0 80.6 44.2 62.5 56.5 43.5 40.7 51.8 112.5 188.0 184.8 109.4 87.2 98.1 102.8 105.8 123.2 52.2 65.3 80.2 81.4 56.4 72.4 101.2 98.9 97.0 75.6 76.6 89.2 88.0 91.8 85.7 90.5 90.7 92.1 95.7 96.7 104.0 104.8 103.9 104.7 106.9 113.4 121.2 123.3 119.1 113.3 112.9 130.0 187.1 261.6 397.6 395.4 396.1 409.9 333.5 395.8 398.8 397.3 397.5 399.2 397.3 385.5 313.8 332.0 373.5 411.5 402.2 403.5 402.5
-999.0 209.2 211.7 127.8 125.7 151.4 208.4 113.7 57.7 53.5 49.0 52.5 47.6 52.8 53.7 65.5 96.3 66.0 47.0 77.9 97.8 60.6 52.6 41.5 94.1 66.7 71.8 63.8 106.6 60.6 89.2 80.2 72.3 73.2 75.8 78.4 83.4 88.8 83.4 89.1 92.5 97.4 100.3 102.4 104.8 104.0 108.2 107.1 113.6 123.3 122.1 119.1 111.6 114.7 152.8 234.8 268.2 397.8 394.1 405.7 395.9 395.8 395.8 402.8 405.1 397.6 405.2 403.1 329.3 296.0 332.7 357.7 309.0 332.5 414.1 414.1
402.0 402.0 209.7 211.8 135.5 246.1 207.1 156.2 98.9 50.8 44.8 38.9 50.0 53.1 52.2 49.0 49.7 55.1 60.1 43.4 51.0 50.0 61.0 90.0 54.5 56.1 57.5 79.9 57.2 62.6 57.8 62.1 59.2 75.9 76.1 77.1 76.3 79.4 81.5 91.0 91.3 94.7 97.6 100.6 104.9 104.0 108.9 108.0 113.3 128.9 121.5 124.4 120.6 117.7 135.2 206.4 242.6 338.9 395.4 395.1 407.6 394.8 395.7 404.8 399.9 397.6 402.4 402.6 373.3 412.1 280.4 301.2 312.7 275.5 303.7 321.3
211.0 211.1 113.3 46.0 155.1 210.4 155.0 152.3 102.8 81.3 97.3 63.4 47.5 49.2 47.2 48.1 48.9 51.2 59.9 47.1 48.0 59.9 182.3 153.6 42.4 55.8 57.5 59.9 57.7 64.3 67.3 68.8 69.9 72.7 76.1 74.1 74.0 76.3 84.4 89.8 92.3 92.4 97.3 101.4 104.4 104.6 105.9 107.2 118.5 119.9 121.2 122.3 122.2 120.8 119.0 163.9 307.9 307.1 379.7 396.1 396.0 399.4 398.4 395.4 396.9 406.0 399.2 396.3 399.7 401.4 314.6 241.7 308.7 240.8 245.9 323.5
210.3 106.2 59.6 124.6 167.6 167.6 215.0 210.5 210.4 122.3 142.7 149.2 154.1 131.7 188.4 216.2 127.2 64.5 59.4 59.3 96.7 93.3 218.3 181.5 63.8 51.6 57.6 58.9 57.2 67.4 68.4 68.1 69.5 67.9 72.9 72.4 72.0 74.3 80.8 99.3 91.1 91.3 104.5 104.3 104.9 104.0 104.3 106.9 110.7 113.5 113.5 123.0 123.1 125.1 121.9 147.7 191.0 260.3 377.7 395.1 395.9 395.7 395.8 395.7 396.9 397.6 399.2 397.2 398.8 401.4 308.8 244.0 279.9 271.0 270.7 266.1
-999.0 245.7 158.0 46.5 160.8 209.9 142.0 211.0 167.8 111.8 154.5 198.3 180.5 177.7 331.6 364.0 338.9 215.5 113.9 76.9 93.7 108.3 124.2 217.2 114.6 55.6 53.7 54.9 59.2 62.3 66.7 66.4 91.1 78.2 93.6 93.6 95.0 101.3 102.7 102.3 104.3 101.6 103.3 106.4 103.4 104.7 106.3 108.3 107.4 111.0 113.5 120.9 121.2 123.9 119.0 119.1 189.4 315.8 315.8 381.2 371.2 384.1 383.4 353.8 396.8 398.1 399.2 397.3 397.2 400.4 339.5 233.2 234.6 233.7 247.3 245.5
-999.0 300.8 217.3 55.5 60.9 49.4 62.1 165.9 188.6 149.1 154.6 189.8 217.4 211.2 204.9 214.9 321.3 192.6 194.4 156.0 93.8 107.8 92.3 64.9 48.8 54.3 53.5 65.5 64.5 58.5 63.3 87.9 105.5 91.3 83.9 93.4 105.3 90.7 95.4 104.0 106.4 104.6 104.6 104.5 103.8 104.1 108.6 107.0 107.1 108.0 111.5 112.4 113.7 117.1 109.1 114.7 166.0 190.9 276.1 312.9 368.5 371.2 395.7 406.7 331.2 397.7 399.4 397.3 395.4 401.4 330.7 234.6 247.7 247.3 245.2 247.8
-999.0 314.7 207.2 262.3 209.2 139.1 50.6 123.4 193.0 168.7 183.2 190.1 192.8 174.7 152.2 155.0 252.3 210.0 238.2 188.2 165.3 107.4 83.5 75.7 50.4 55.6 58.0 61.1 60.5 61.2 90.0 87.1 100.0 113.8 111.4 106.6 100.9 107.4 104.6 101.6 100.1 103.7 103.9 104.7 104.7 106.9 106.6 107.6 106.9 109.2 109.2 109.4 109.9 107.3 104.6 107.4 119.5 191.3 247.7 296.7 322.5 406.3 394.8 370.3 228.1 289.5 311.8 402.6 397.3 401.4 298.3 241.4 242.5 230.5 242.7 243.2
-999.0 208.2 238.6 287.6 207.0 221.3 70.6 137.5 154.8 162.7 174.7 151.4 159.0 101.6 107.5 138.3 216.3 258.8 231.4 215.7 194.0 206.3 104.2 94.5 52.5 52.8 57.0 66.1 60.9 76.7 66.1 91.7 93.0 104.9 107.7 110.1 111.2 109.2 109.2 108.6 105.5 105.3 104.0 107.9 105.5 106.3 109.1 107.2 107.9 107.0 105.6 106.8 106.4 103.9 103.4 103.4 105.6 206.8 229.0 230.5 332.0 338.1 402.4 292.4 232.7 239.7 310.4 397.2 403.3 403.6 292.8 226.0 237.3 240.0 240.8 241.7
-999.0 288.1 169.6 98.4 136.6 77.7 66.0 145.0 96.0 154.5 134.9 130.1 106.2 98.9 122.6 155.5 165.7 223.2 231.3 229.4 170.8 99.1 78.8 79.3 51.6 52.0 47.9 57.1 97.1 83.1 90.3 99.6 97.3 101.4 100.4 107.5 105.5 109.6 101.8 106.2 107.2 107.3 102.9 100.9 104.1 105.2 105.8 106.3 105.4 105.8 103.9 106.0 106.3 104.0 103.3 102.5 103.7 116.0 136.7 228.1 231.2 312.0 295.1 398.0 232.7 226.6 271.1 397.1 404.2 400.4 313.6 208.9 223.5 224.0 230.6 235.6
-999.0 -999.0 311.0 304.8 99.0 148.0 91.1 154.5 138.6 154.0 99.5 95.6 88.8 101.3 116.8 176.9 215.8 229.0 226.1 216.1 157.9 140.3 125.1 96.5 61.4 57.8 67.5 55.0 88.2 88.9 86.6 89.2 92.0 100.8 100.9 100.1 100.0 111.8 104.1 103.1 107.6 96.2 107.2 108.3 105.3 106.3 103.5 105.7 104.4 104.7 104.0 104.7 103.7 103.4 103.3 103.3 106.4 106.9 115.0 207.8 175.4 223.3 241.9 309.8 228.8 235.0 235.1 309.8 382.8 343.2 232.8 221.1 209.4 218.0 218.9 228.8
-999.0 -999.0 -999.0 149.7 159.2 117.9 67.3 165.7 167.3 167.5 103.2 83.8 89.9 143.3 163.8 192.5 194.1 215.7 224.6 175.8 202.3 172.9 148.2 132.2 66.9 46.2 48.3 47.8 67.6 63.5 67.8 86.6 91.1 96.2 100.0 100.7 102.5 101.2 97.4 103.7 109.0 121.1 113.4 106.1 107.8 105.0 102.7 104.0 103.9 103.8 102.1 104.1 104.6 94.8 104.7 104.5 104.3 111.1 122.4 112.5 224.5 218.9 187.2 224.6 219.0 235.8 304.0 284.1 319.3 390.2 223.4 201.2 200.4 209.0 215.5 219.2
-999.0 -999.0 -999.0 -999.0 160.6 74.4 59.6 91.9 91.1 161.3 81.2 82.0 88.2 133.5 162.3 200.4 151.1 151.8 200.3 209.4 154.3 182.0 155.2 148.8 95.7 49.3 47.1 50.9 50.3 62.0 87.6 88.3 88.1 90.5 89.6 97.4 99.8 102.5 101.4 92.1 92.9 96.7 100.7 103.5 105.0 101.8 104.5 101.9 104.3 104.1 104.5 91.4 105.2 105.3 102.1 102.0 106.1 108.9 114.9 120.1 170.7 167.8 192.0 223.1 198.7 215.9 284.3 269.6 329.6 391.0 238.3 200.8 202.5 195.2 203.8 217.8
-999.0 -999.0 -999.0 -999.0 -999.0 155.2 63.8 62.2 89.4 66.7 103.1 126.9 96.6 104.6 163.9 186.6 158.4 130.3 150.2 188.0 111.9 145.2 160.4 103.6 116.1 57.6 47.5 43.7 78.0 70.6 61.9 65.2 86.8 86.6 92.2 96.1 99.5 99.1 98.1 90.6 87.6 85.0 91.8 105.9 103.6 102.2 100.8 104.3 104.4 103.7 100.2 93.9 100.8 104.5 101.4 103.2 106.7 108.8 115.1 119.4 114.1 121.7 247.4 224.8 204.8 202.1 221.9 345.7 376.8 249.0 230.5 195.2 195.2 199.3 203.5 217.4
-999.0 -999.0 -999.0 -999.0 -999.0 -999.0 118.0 209.6 100.2 64.3 131.8 138.0 101.4 135.6 178.5 179.5 132.1 104.1 102.3 170.2 165.7 92.8 105.6 98.2 86.1 48.6 45.5 45.9 47.4 51.9 67.6 87.5 92.3 90.6 90.0 95.4 97.2 98.9 93.4 91.4 85.1 85.1 80.7 82.6 100.1 92.3 102.1 100.7 104.4 101.2 94.9 94.4 104.5 104.0 101.4 101.8 106.1 109.6 117.7 121.4 122.4 117.5 119.4 193.6 158.6 130.9 312.9 212.0 384.0 217.2 206.3 191.0 193.9 198.9 231.1 203.9
-999.0 -999.0 -999.0 -999.0 -999.0 -999.0 -999.0 -999.0 112.9 66.6 94.0 101.3 125.1 101.5 133.0 161.1 110.7 99.9 132.2 159.0 132.2 83.4 89.1 60.4 90.9 63.2 42.7 45.5 45.6 53.4 49.1 57.0 66.2 88.2 88.1 95.2 98.1 101.1 91.4 79.5 82.6 86.5 76.6 76.8 78.0 101.0 103.9 96.6 102.4 96.5 92.7 95.7 99.5 102.7 104.5 103.0 106.9 110.7 115.8 122.8 122.6 120.5 106.9 157.4 123.9 185.9 235.7 221.3 365.0 301.5 187.9 190.7 188.0 208.5 196.8 206.9
-999.0 -999.0 -999.0 -999.0 -999.0 -999.0 -999.0 -999.0 -999.0 104.0 67.9 103.8 95.7 95.8 96.6 106.8 103.0 92.5 150.1 157.4 95.5 95.8 98.9 90.0 88.2 87.9 42.2 45.7 45.6 50.2 62.8 91.1 87.1 91.8 96.3 98.0 89.8 90.6 87.7 82.3 79.5 82.2 76.9 74.7 77.1 88.8 88.0 98.2 91.0 90.8 97.1 99.8 104.4 101.4 105.5 102.7 106.9 109.3 120.8 121.9 122.9 119.2 106.3 109.7 127.8 134.9 148.3 167.9 257.5 286.7 170.3 180.4 190.1 193.7 252.8 243.4
-999.0 -999.0 -999.0 -999.0 -999.0 -999.0 -999.0 -999.0 -999.0 95.1 77.8 91.0 104.0 94.9 90.2 83.9 90.3 150.5 97.3 166.1 152.0 134.7 89.0 82.0 90.5 84.9 63.5 45.8 50.1 66.0 62.6 87.0 85.7 82.5 80.5 89.3 84.7 91.4 77.3 76.9 76.7 79.2 77.3 75.5 75.1 77.6 78.0 90.0 69.8 91.4 97.9 101.3 105.3 104.8 103.8 99.7 105.6 112.3 120.3 122.8 122.0 116.5 112.3 118.2 133.1 144.1 150.3 167.5 168.2 269.8 221.4 150.6 186.7 194.1 158.4 177.5
-999.0 -999.0 -999.0 -999.0 -999.0 -999.0 -999.0 -999.0 -999.0 111.9 82.7 82.6 99.6 87.1 83.8 83.5 93.3 160.5 156.4 163.7 167.4 148.5 97.9 90.4 82.6 48.4 46.6 43.2 49.0 55.2 57.9 63.6 55.6 58.9 64.7 64.2 69.1 68.7 69.6 88.3 68.9 69.3 68.4 72.0 73.9 76.6 86.7 79.3 84.1 84.8 93.0 94.4 94.6 101.8 104.2 102.9 103.2 108.2 121.2 125.6 120.4 115.7 109.9 122.8 135.4 139.3 166.8 169.0 167.4 158.3 187.6 151.5 182.9 185.0 181.4 221.9
-999.0 -999.0 -999.0 -999.0 -999.0 -999.0 -999.0 -999.0 -999.0 98.1 85.1 84.5 77.8 74.0 75.5 91.3 102.3 169.8 197.6 159.5 168.0 143.7 104.7 84.9 58.5 49.9 45.2 45.6 46.0 46.8 52.7 53.7 53.4 56.3 61.9 59.9 63.2 64.9 68.1 67.9 67.0 65.6 68.4 74.3 73.8 64.0 76.6 77.8 89.2 88.6 93.8 99.9 97.2 101.2 104.5 104.2 104.3 112.1 118.6 125.6 123.5 116.6 111.3 121.8 138.6 146.2 145.8 169.4 169.5 168.5 170.2 176.8 172.7 173.2 176.4 163.4
-999.0 -999.0 -999.0 -999.0 -999.0 -999.0 -999.0 -999.0 -999.0 -999.0 102.5 83.6 81.9 82.3 74.8 84.6 89.6 125.2 183.3 183.8 183.9 162.6 107.8 80.6 63.4 44.9 45.1 48.3 43.2 48.0 53.1 53.8 55.4 59.6 60.3 69.1 60.0 59.6 62.8 66.6 65.1 64.5 70.5 71.7 74.7 71.6 76.2 78.6 82.4 90.8 90.7 92.4 103.5 99.8 104.0 104.1 105.7 113.5 120.8 124.0 123.2 117.1 111.5 126.5 135.7 145.5 146.2 166.6 169.6 167.1 166.6 165.5 164.9 166.8 162.0 168.4
