GSP_annual_reports_PET_2024_v1/GIS/PET_2023_Spring_Deep.tif
NCOLS 191
NROWS  209
XLLCORNER 6295515.91401
YLLCORNER 1783415.49397
CELLSIZE 1000.0
NODATA_VALUE -999
[rows 165 to 197 of 209, columns 76 to 151 of 191]
-999.0 -999.0 -999.0 -999.0 -999.0 -999.0 -999.0 93.9 62.4 52.9 115.4 164.9 194.8 135.0 122.1 122.0 99.5 98.4 65.1 116.8 52.7 63.8 126.5 135.6 40.6 16.1 2.8 2.9 2.8 2.8 3.1 3.1 3.1 3.1 3.7 3.2 10.7 12.9 17.1 67.4 66.2 52.2 135.3 80.9 93.0 128.0 212.5 400.0 455.8 423.8 313.5 220.6 213.4 117.5 43.5 43.6 88.7 45.8 19.0 32.5 32.4 33.4 6.3 6.4 5.8 5.9 6.1 6.1 5.8 6.0 8.0 6.2 6.1 5.9 6.1 6.1
-999.0 -999.0 -999.0 -999.0 -999.0 -999.0 -999.0 -999.0 93.6 69.4 59.5 89.8 126.1 124.5 217.9 212.4 171.7 246.7 196.9 120.6 55.8 55.7 128.5 89.5 28.7 5.7 28.7 17.0 2.8 2.8 3.0 3.1 3.1 3.1 3.2 3.3 3.5 11.5 19.7 25.7 69.8 76.1 72.7 92.0 108.1 186.3 279.7 308.3 428.3 470.2 342.8 286.5 213.4 119.3 69.0 38.0 33.8 29.7 15.9 11.5 37.6 14.7 6.3 6.1 6.2 5.9 5.2 6.0 6.6 6.1 5.8 6.1 6.2 6.1 6.2 6.2
-999.0 -999.0 -999.0 -999.0 -999.0 -999.0 -999.0 -999.0 81.9 128.0 130.0 83.2 88.3 103.8 121.3 192.9 313.5 340.2 146.7 121.8 64.2 44.9 32.7 9.1 8.3 3.0 41.7 21.7 2.8 3.0 3.0 3.1 3.0 3.1 3.1 3.4 4.0 8.5 19.4 40.3 18.4 60.3 59.7 74.4 76.3 133.4 150.1 271.5 358.6 453.1 395.3 342.9 211.2 134.7 197.0 101.4 37.5 17.2 17.1 9.1 14.1 22.8 5.1 5.0 5.1 5.2 5.1 5.2 5.3 5.3 4.6 5.3 5.3 5.1 5.2 5.5
-999.0 -999.0 -999.0 -999.0 -999.0 -999.0 -999.0 -999.0 -999.0 123.2 208.1 126.6 125.0 197.6 275.4 164.2 174.3 204.8 190.4 128.3 131.2 58.6 38.2 9.9 8.4 2.8 18.3 44.5 2.9 3.2 2.9 3.2 3.2 3.1 3.3 3.3 3.6 5.0 7.0 13.6 30.5 33.1 43.3 61.9 72.6 75.9 164.0 191.7 224.0 344.2 305.6 357.5 236.1 209.8 210.4 188.2 98.6 38.4 12.7 10.6 10.5 5.5 7.5 4.5 5.0 4.7 4.8 4.7 5.5 5.0 4.4 5.2 5.2 4.9 5.0 5.2
-999.0 -999.0 -999.0 -999.0 -999.0 -999.0 -999.0 -999.0 -999.0 -999.0 215.2 131.7 133.1 339.2 339.2 339.2 343.4 342.8 321.9 319.0 341.8 130.2 102.5 37.9 8.2 16.0 3.2 38.5 47.8 3.0 6.1 3.0 3.0 3.0 3.6 3.2 3.2 3.2 3.7 4.5 18.3 16.7 18.4 28.1 52.0 83.1 131.9 123.9 183.3 214.5 258.8 275.2 237.2 211.7 198.1 84.0 67.6 49.3 28.9 7.4 6.6 5.3 4.9 4.1 4.7 4.5 4.8 4.8 4.9 4.8 4.4 4.9 5.0 5.2 4.9 4.8
-999.0 -999.0 -999.0 -999.0 -999.0 -999.0 -999.0 -999.0 -999.0 -999.0 -999.0 127.0 135.7 340.2 339.2 342.5 343.4 344.7 342.8 341.8 341.8 343.8 140.2 97.9 35.2 63.4 13.3 26.6 36.8 3.1 2.9 3.0 3.0 3.3 2.9 2.4 1.9 1.8 1.8 2.5 11.6 12.7 13.8 19.0 24.1 33.6 82.7 99.0 126.8 142.4 210.9 197.4 151.9 211.6 223.0 218.7 36.9 60.2 28.7 11.2 5.3 4.4 4.9 4.6 4.7 4.4 4.5 4.4 5.1 4.3 4.9 4.8 4.8 5.1 4.9 4.9
-999.0 -999.0 -999.0 -999.0 -999.0 -999.0 -999.0 -999.0 -999.0 -999.0 -999.0 -999.0 -999.0 329.9 339.3 342.8 342.0 341.4 341.4 340.4 340.4 195.8 182.2 247.2 126.0 14.1 3.5 9.5 11.9 4.2 3.0 3.1 3.0 3.1 2.3 2.1 1.8 1.8 1.8 1.6 1.4 12.4 13.8 14.5 18.9 24.6 47.7 69.5 122.8 138.6 189.0 133.6 151.2 177.5 213.3 220.1 196.9 66.7 33.0 12.7 5.7 4.3 5.0 4.5 4.4 4.3 4.2 4.4 4.5 4.5 3.9 3.8 3.6 4.7 5.6 3.9
-999.0 -999.0 -999.0 -999.0 -999.0 -999.0 -999.0 -999.0 -999.0 -999.0 -999.0 -999.0 -999.0 -999.0 -999.0 341.1 342.7 341.4 341.4 341.4 340.4 340.9 116.9 122.6 126.2 54.4 15.1 7.4 13.3 3.6 6.6 3.3 3.0 3.1 2.2 2.1 1.8 1.7 1.7 1.6 1.2 1.3 6.4 13.3 14.6 18.4 31.3 43.6 68.6 135.1 166.1 119.5 139.4 139.6 135.7 169.1 301.0 347.5 77.7 23.2 10.7 4.1 4.6 4.1 4.1 4.0 3.8 3.8 4.2 4.7 4.2 4.4 3.7 3.7 4.4 4.3
-999.0 -999.0 -999.0 -999.0 -999.0 -999.0 -999.0 -999.0 -999.0 -999.0 -999.0 -999.0 -999.0 -999.0 -999.0 -999.0 -999.0 -999.0 -999.0 -999.0 340.4 340.9 208.3 124.8 121.6 47.0 29.1 13.5 2.2 2.7 3.1 2.5 2.1 2.1 3.1 2.1 1.7 1.6 1.8 1.7 1.3 1.0 2.8 5.4 9.2 15.2 23.7 33.2 47.9 134.8 131.9 97.7 124.7 100.9 98.4 133.0 300.2 426.0 377.7 82.4 55.4 4.2 4.4 3.6 3.6 3.6 3.5 3.4 3.4 3.5 3.6 4.3 5.1 3.7 3.2 3.2
-999.0 -999.0 -999.0 -999.0 -999.0 -999.0 -999.0 -999.0 -999.0 -999.0 -999.0 -999.0 -999.0 -999.0 -999.0 -999.0 -999.0 -999.0 -999.0 -999.0 340.4 340.7 341.9 200.5 117.8 89.6 44.4 10.1 2.6 2.5 2.5 1.9 3.3 3.0 3.3 3.5 1.7 1.6 1.7 1.6 1.4 1.0 1.7 4.1 13.4 14.2 15.5 15.6 27.6 54.3 95.7 92.5 111.6 60.2 102.2 191.1 202.2 393.5 392.3 157.1 71.3 3.7 3.6 6.2 3.1 2.9 2.9 2.7 2.7 2.8 2.8 3.0 4.3 3.5 3.6 6.1
-999.0 -999.0 -999.0 -999.0 -999.0 -999.0 -999.0 -999.0 -999.0 -999.0 -999.0 -999.0 -999.0 -999.0 -999.0 -999.0 -999.0 -999.0 -999.0 -999.0 -999.0 340.7 342.3 344.0 146.2 127.9 49.3 3.1 2.9 2.7 2.6 3.0 2.9 2.0 3.3 3.7 3.9 1.5 1.5 2.6 1.4 0.6 0.1 0.7 3.9 5.6 6.1 5.2 4.8 26.1 33.7 63.6 75.8 46.1 57.3 115.7 162.7 127.0 205.9 135.7 31.8 8.8 3.2 2.6 2.0 2.2 2.1 2.0 2.2 2.1 2.0 2.1 2.2 3.3 3.6 3.2
-999.0 -999.0 -999.0 -999.0 -999.0 -999.0 -999.0 -999.0 -999.0 -999.0 -999.0 -999.0 -999.0 -999.0 -999.0 -999.0 -999.0 -999.0 -999.0 -999.0 -999.0 342.4 344.0 344.0 348.6 351.3 121.0 11.3 1.9 3.0 3.4 2.7 2.0 2.2 4.7 3.8 3.6 1.5 1.4 1.3 2.5 1.1 0.2 3.1 0.2 1.2 1.3 1.3 2.9 12.0 18.5 32.3 37.2 29.0 34.3 62.0 94.4 84.4 77.5 68.3 92.2 68.0 3.1 2.3 4.6 1.8 1.8 1.7 1.8 1.8 1.8 1.8 1.8 3.9 2.9 2.8
-999.0 -999.0 -999.0 -999.0 -999.0 -999.0 -999.0 -999.0 -999.0 -999.0 -999.0 -999.0 -999.0 -999.0 -999.0 -999.0 -999.0 -999.0 -999.0 -999.0 -999.0 -999.0 345.2 347.1 347.2 354.3 118.4 37.7 3.1 2.6 2.2 1.9 2.5 1.8 1.8 3.6 4.2 3.8 3.9 3.7 1.4 1.1 0.7 -0.0 -0.3 1.1 1.2 0.8 2.5 4.2 11.9 13.2 11.4 18.3 27.6 30.8 28.8 37.3 33.9 70.6 49.5 20.1 1.8 1.1 1.3 2.3 0.9 1.0 1.2 1.1 1.1 1.1 1.2 2.5 2.4 1.7
-999.0 -999.0 -999.0 -999.0 -999.0 -999.0 -999.0 -999.0 -999.0 -999.0 -999.0 -999.0 -999.0 -999.0 -999.0 -999.0 -999.0 -999.0 -999.0 -999.0 -999.0 -999.0 -999.0 346.6 350.0 355.6 111.2 18.8 9.4 3.7 1.8 4.1 2.0 1.9 1.7 2.1 2.0 3.0 3.8 3.8 1.4 1.3 1.0 0.3 -0.4 -0.4 0.4 0.7 0.8 3.7 3.4 15.2 12.0 11.9 9.4 9.8 14.6 12.9 16.0 32.1 31.0 33.9 1.6 1.0 1.3 1.4 1.1 1.0 1.0 1.0 1.0 1.1 1.5 1.9 1.6 1.1
-999.0 -999.0 -999.0 -999.0 -999.0 -999.0 -999.0 -999.0 -999.0 -999.0 -999.0 -999.0 -999.0 -999.0 -999.0 -999.0 -999.0 -999.0 -999.0 -999.0 -999.0 -999.0 -999.0 346.1 215.8 104.4 58.7 16.3 4.6 2.4 3.7 2.1 1.8 1.8 3.3 3.6 7.5 1.5 1.5 3.5 3.9 1.2 2.1 0.3 -0.4 -0.5 -0.9 0.3 1.4 -0.2 0.1 2.4 0.8 2.8 2.6 3.3 2.5 3.0 2.1 13.3 15.0 14.9 1.2 1.7 0.8 0.8 0.8 0.9 0.8 0.8 1.3 0.9 2.4 2.2 2.3 1.5
-999.0 -999.0 -999.0 -999.0 -999.0 -999.0 -999.0 -999.0 -999.0 -999.0 -999.0 -999.0 -999.0 -999.0 -999.0 -999.0 -999.0 -999.0 -999.0 -999.0 -999.0 -999.0 -999.0 -999.0 214.3 109.2 117.2 12.3 3.7 13.6 4.0 3.9 3.5 2.9 2.3 2.2 3.1 3.0 3.2 3.2 3.4 3.4 1.0 0.7 0.4 -0.4 -1.0 -0.5 -0.8 -0.2 -0.2 -0.4 -0.5 0.1 0.6 0.7 0.6 0.4 0.5 0.5 4.0 0.8 1.0 0.5 0.5 0.5 0.5 0.5 0.5 0.5 0.5 1.8 1.2 1.7 1.3 1.2
-999.0 -999.0 -999.0 -999.0 -999.0 -999.0 -999.0 -999.0 -999.0 -999.0 -999.0 -999.0 -999.0 -999.0 -999.0 -999.0 -999.0 -999.0 -999.0 -999.0 -999.0 -999.0 -999.0 -999.0 -999.0 -999.0 64.0 8.1 1.6 1.6 1.6 1.5 3.0 9.0 2.2 2.2 2.8 2.7 2.6 2.8 3.3 3.4 1.0 0.9 0.2 0.2 -0.8 -0.5 -0.6 -0.8 -0.3 -0.5 -0.4 0.2 0.5 0.6 0.3 0.2 0.9 0.3 0.6 0.7 0.4 1.3 0.3 0.3 0.2 0.2 0.5 0.3 0.8 1.6 1.8 0.7 1.0 0.5
-999.0 -999.0 -999.0 -999.0 -999.0 -999.0 -999.0 -999.0 -999.0 -999.0 -999.0 -999.0 -999.0 -999.0 -999.0 -999.0 -999.0 -999.0 -999.0 -999.0 -999.0 -999.0 -999.0 -999.0 -999.0 -999.0 -999.0 -999.0 3.3 2.6 3.3 3.4 3.4 25.2 26.2 2.2 2.7 2.9 2.7 2.9 3.2 3.7 3.0 2.7 0.8 -0.3 0.1 -0.0 -0.5 -0.9 -0.7 -0.4 -0.7 -0.3 0.5 0.5 0.1 0.4 0.2 0.4 0.5 0.6 1.0 0.1 0.4 0.3 0.3 0.3 0.3 0.3 1.7 0.7 0.9 0.5 0.3 0.3
-999.0 -999.0 -999.0 -999.0 -999.0 -999.0 -999.0 -999.0 -999.0 -999.0 -999.0 -999.0 -999.0 -999.0 -999.0 -999.0 -999.0 -999.0 -999.0 -999.0 -999.0 -999.0 -999.0 -999.0 -999.0 -999.0 -999.0 -999.0 -999.0 2.4 3.4 75.5 41.1 3.3 129.8 58.1 38.0 20.6 2.8 3.1 3.5 3.3 3.5 4.9 0.2 0.8 0.1 2.1 0.2 -0.1 0.7 -0.3 -0.0 0.4 0.5 0.3 0.3 0.5 0.3 0.4 1.2 1.3 0.7 0.2 0.9 0.3 0.3 0.4 5.4 0.7 0.3 0.3 0.3 0.3 0.3 0.3
-999.0 -999.0 -999.0 -999.0 -999.0 -999.0 -999.0 -999.0 -999.0 -999.0 -999.0 -999.0 -999.0 -999.0 -999.0 -999.0 -999.0 -999.0 -999.0 -999.0 -999.0 -999.0 -999.0 -999.0 -999.0 -999.0 -999.0 -999.0 -999.0 -999.0 6.1 37.9 131.7 14.1 43.0 108.3 55.1 54.9 3.3 9.1 4.6 3.3 3.3 3.6 4.2 0.8 0.1 -0.5 2.5 0.4 0.3 0.1 0.3 2.1 0.6 0.5 0.6 0.7 0.7 0.6 1.6 1.2 0.5 1.2 1.8 0.4 0.5 1.2 0.8 0.5 0.5 0.5 0.5 0.5 0.5 0.5
-999.0 -999.0 -999.0 -999.0 -999.0 -999.0 -999.0 -999.0 -999.0 -999.0 -999.0 -999.0 -999.0 -999.0 -999.0 -999.0 -999.0 -999.0 -999.0 -999.0 -999.0 -999.0 -999.0 -999.0 -999.0 -999.0 -999.0 -999.0 -999.0 -999.0 -999.0 -999.0 50.2 9.2 52.6 97.2 120.6 53.4 12.4 10.0 10.3 3.5 3.5 1.5 2.2 0.7 0.7 0.9 10.4 0.6 1.8 2.1 2.3 2.2 0.8 0.8 0.8 0.8 0.9 2.3 1.9 1.5 1.4 0.8 1.3 0.5 1.3 0.8 0.7 0.7 0.7 0.7 0.7 0.7 0.7 0.7
-999.0 -999.0 -999.0 -999.0 -999.0 -999.0 -999.0 -999.0 -999.0 -999.0 -999.0 -999.0 -999.0 -999.0 -999.0 -999.0 -999.0 -999.0 -999.0 -999.0 -999.0 -999.0 -999.0 -999.0 -999.0 -999.0 -999.0 -999.0 -999.0 -999.0 -999.0 -999.0 -999.0 20.4 24.3 134.4 125.9 123.2 27.7 116.4 25.2 3.3 3.4 1.8 3.5 1.2 1.8 3.4 2.4 2.4 2.5 2.4 2.4 1.8 1.1 1.1 1.1 1.0 4.3 2.1 1.7 1.6 1.4 1.6 1.5 1.5 0.9 1.0 1.0 1.0 1.0 1.0 1.0 1.0 1.0 1.0
-999.0 -999.0 -999.0 -999.0 -999.0 -999.0 -999.0 -999.0 -999.0 -999.0 -999.0 -999.0 -999.0 -999.0 -999.0 -999.0 -999.0 -999.0 -999.0 -999.0 -999.0 -999.0 -999.0 -999.0 -999.0 -999.0 -999.0 -999.0 -999.0 -999.0 -999.0 -999.0 -999.0 52.5 122.1 59.9 133.4 131.5 123.2 65.5 118.8 25.3 3.5 3.4 1.6 1.7 3.4 8.4 2.7 2.7 2.8 2.7 2.5 3.0 1.3 2.8 2.6 2.6 2.7 2.0 3.6 1.2 1.4 1.7 1.6 1.1 1.1 1.1 1.1 1.1 1.1 1.1 1.1 1.1 1.1 1.1
-999.0 -999.0 -999.0 -999.0 -999.0 -999.0 -999.0 -999.0 -999.0 -999.0 -999.0 -999.0 -999.0 -999.0 -999.0 -999.0 -999.0 -999.0 -999.0 -999.0 -999.0 -999.0 -999.0 -999.0 -999.0 -999.0 -999.0 -999.0 -999.0 -999.0 -999.0 -999.0 -999.0 108.3 17.6 54.2 99.0 122.0 23.9 61.5 131.9 141.4 11.3 54.3 6.2 3.3 3.6 3.3 3.5 3.1 3.2 3.5 2.8 2.8 2.5 2.4 2.5 1.3 1.5 1.3 2.2 2.2 1.6 1.3 1.1 1.1 1.1 1.1 1.1 1.1 1.1 1.1 1.1 1.1 1.1 1.1
-999.0 -999.0 -999.0 -999.0 -999.0 -999.0 -999.0 -999.0 -999.0 -999.0 -999.0 -999.0 -999.0 -999.0 -999.0 -999.0 -999.0 -999.0 -999.0 -999.0 -999.0 -999.0 -999.0 -999.0 -999.0 -999.0 -999.0 -999.0 -999.0 -999.0 -999.0 -999.0 -999.0 124.9 18.6 3.2 10.5 19.1 52.9 138.3 135.4 62.7 140.6 74.0 34.7 3.8 3.4 3.2 3.9 2.7 3.1 1.6 1.5 1.5 1.5 1.4 1.4 1.4 1.5 1.5 1.5 1.4 1.1 1.2 1.1 1.1 1.1 1.1 1.1 1.1 1.1 1.1 1.1 1.1 1.1 1.1
-999.0 -999.0 -999.0 -999.0 -999.0 -999.0 -999.0 -999.0 -999.0 -999.0 -999.0 -999.0 -999.0 -999.0 -999.0 -999.0 -999.0 -999.0 -999.0 -999.0 -999.0 -999.0 -999.0 -999.0 -999.0 -999.0 -999.0 -999.0 -999.0 -999.0 -999.0 -999.0 -999.0 -999.0 10.4 2.8 3.0 3.7 56.9 137.1 73.4 71.3 25.3 75.1 9.9 62.6 77.9 3.3 3.6 1.7 1.5 1.5 1.5 1.5 1.4 1.4 1.4 1.4 1.5 1.5 1.5 1.4 1.1 1.2 1.1 1.1 1.1 1.1 1.1 1.1 1.1 1.1 1.1 1.1 1.1 1.1
-999.0 -999.0 -999.0 -999.0 -999.0 -999.0 -999.0 -999.0 -999.0 -999.0 -999.0 -999.0 -999.0 -999.0 -999.0 -999.0 -999.0 -999.0 -999.0 -999.0 -999.0 -999.0 -999.0 -999.0 -999.0 -999.0 -999.0 -999.0 -999.0 -999.0 -999.0 -999.0 -999.0 -999.0 16.9 2.9 2.6 2.5 2.8 10.6 9.7 41.9 6.9 3.6 37.8 73.2 49.7 6.6 1.2 4.1 2.5 1.9 1.5 1.5 1.4 1.4 1.4 1.5 1.5 1.5 1.5 1.3 1.1 1.2 1.1 1.1 1.1 1.1 1.1 1.1 1.1 1.1 1.1 1.1 1.1 1.1
-999.0 -999.0 -999.0 -999.0 -999.0 -999.0 -999.0 -999.0 -999.0 -999.0 -999.0 -999.0 -999.0 -999.0 -999.0 -999.0 -999.0 -999.0 -999.0 -999.0 -999.0 -999.0 -999.0 -999.0 -999.0 -999.0 -999.0 -999.0 -999.0 -999.0 -999.0 -999.0 -999.0 -999.0 -999.0 25.3 3.2 2.7 2.0 2.2 3.6 2.3 3.9 15.2 103.6 45.6 23.4 14.5 23.2 3.8 3.1 1.9 1.5 1.4 1.4 1.4 1.4 1.5 1.5 1.5 1.5 1.3 1.1 1.2 1.1 1.1 1.1 1.1 1.1 1.1 1.1 1.1 1.1 1.1 1.1 1.1
-999.0 -999.0 -999.0 -999.0 -999.0 -999.0 -999.0 -999.0 -999.0 -999.0 -999.0 -999.0 -999.0 -999.0 -999.0 -999.0 -999.0 -999.0 -999.0 -999.0 -999.0 -999.0 -999.0 -999.0 -999.0 -999.0 -999.0 -999.0 -999.0 -999.0 -999.0 -999.0 -999.0 -999.0 -999.0 96.2 1.9 1.9 4.0 2.0 3.6 2.3 1.6 10.5 13.9 60.2 16.0 6.2 29.1 3.9 3.1 1.9 1.5 1.5 1.4 1.4 1.4 1.5 1.5 1.5 1.5 1.3 1.1 1.2 1.1 1.1 1.1 1.1 1.1 1.1 1.1 1.1 1.1 1.1 1.1 1.1
-999.0 -999.0 -999.0 -999.0 -999.0 -999.0 -999.0 -999.0 -999.0 -999.0 -999.0 -999.0 -999.0 -999.0 -999.0 -999.0 -999.0 -999.0 -999.0 -999.0 -999.0 -999.0 -999.0 -999.0 -999.0 -999.0 -999.0 -999.0 -999.0 -999.0 -999.0 -999.0 -999.0 -999.0 -999.0 -999.0 15.1 2.3 1.9 2.0 2.0 2.5 2.2 2.7 20.1 1.9 1.1 1.3 3.3 3.8 3.3 2.1 1.5 1.5 1.4 1.4 1.4 1.5 1.5 1.5 1.5 1.3 1.1 1.2 1.1 1.1 1.1 1.1 1.1 1.1 1.1 1.1 1.1 1.1 1.1 1.1
-999.0 -999.0 -999.0 -999.0 -999.0 -999.0 -999.0 -999.0 -999.0 -999.0 -999.0 -999.0 -999.0 -999.0 -999.0 -999.0 -999.0 -999.0 -999.0 -999.0 -999.0 -999.0 -999.0 -999.0 -999.0 -999.0 -999.0 -999.0 -999.0 -999.0 -999.0 -999.0 -999.0 -999.0 -999.0 -999.0 -999.0 6.2 1.9 2.8 2.5 3.0 1.6 1.5 1.4 1.3 1.3 1.1 3.9 3.8 3.3 1.5 1.4 1.5 1.4 1.4 1.4 1.5 1.5 1.5 1.5 1.3 1.1 1.2 1.1 1.1 1.1 1.1 1.1 1.1 1.1 1.1 1.1 1.1 1.1 1.1
-999.0 -999.0 -999.0 -999.0 -999.0 -999.0 -999.0 -999.0 -999.0 -999.0 -999.0 -999.0 -999.0 -999.0 -999.0 -999.0 -999.0 -999.0 -999.0 -999.0 -999.0 -999.0 -999.0 -999.0 -999.0 -999.0 -999.0 -999.0 -999.0 -999.0 -999.0 -999.0 -999.0 -999.0 -999.0 -999.0 -999.0 1.8 3.7 2.0 1.9 2.0 1.6 1.4 1.4 1.4 1.4 3.4 3.9 4.1 3.3 1.5 1.4 1.5 1.4 1.4 1.4 1.5 1.5 1.5 1.5 1.3 1.1 1.2 1.1 1.1 1.1 1.1 1.1 1.1 1.1 1.1 1.1 1.1 1.1 1.1
-999.0 -999.0 -999.0 -999.0 -999.0 -999.0 -999.0 -999.0 -999.0 -999.0 -999.0 -999.0 -999.0 -999.0 -999.0 -999.0 -999.0 -999.0 -999.0 -999.0 -999.0 -999.0 -999.0 -999.0 -999.0 -999.0 -999.0 -999.0 -999.0 -999.0 -999.0 -999.0 -999.0 -999.0 -999.0 -999.0 -999.0 -999.0 -999.0 2.7 3.6 4.1 1.7 1.5 2.4 1.5 3.4 1.3 1.9 4.1 3.3 1.5 1.4 1.4 1.4 1.4 1.4 1.5 1.5 1.5 1.5 1.2 1.1 1.2 1.1 1.1 1.1 1.1 1.1 1.1 1.1 1.1 1.1 1.1 1.1 1.1
