GSP_annual_reports_PET_2024_v1/GIS/PET_2023_Fall_Shallow.tif
NCOLS 191
NROWS  209
XLLCORNER 6295515.91401
YLLCORNER 1783415.49397
CELLSIZE 1000.0
NODATA_VALUE -999
[rows 102 to 135 of 209, columns 0 to 75 of 191]
-999.0 -999.0 -999.0 -999.0 -999.0 -999.0 -999.0 -999.0 -999.0 -999.0 -999.0 -999.0 -999.0 271.9 349.0 348.7 348.7 353.5 349.7 350.3 352.1 357.5 360.0 358.9 358.7 327.5 233.9 228.1 158.1 159.6 100.9 92.3 91.5 89.1 106.5 130.0 164.3 176.9 129.3 151.7 152.7 130.2 117.8 105.2 98.9 98.3 96.3 107.3 161.8 105.6 74.9 70.2 68.4 64.8 73.2 72.6 54.8 75.3 74.5 75.8 74.6 74.1 80.6 77.0 82.1 88.4 89.4 91.3 89.7 96.6 94.8 104.1 103.2 106.2 120.2 119.2
-999.0 -999.0 -999.0 -999.0 -999.0 -999.0 -999.0 -999.0 -999.0 -999.0 -999.0 -999.0 -999.0 190.0 346.7 270.7 348.7 348.2 332.8 352.0 358.9 351.5 352.5 364.1 358.1 360.1 359.6 245.6 216.2 154.0 96.9 208.3 103.8 100.9 157.8 227.9 207.6 190.2 147.3 167.1 194.2 158.0 125.2 121.4 111.6 105.6 104.4 96.8 119.9 163.3 125.1 84.7 72.2 74.3 67.8 74.9 73.8 75.5 77.3 77.3 74.5 75.4 77.6 79.4 87.6 86.9 89.2 91.8 92.0 95.9 96.8 104.8 103.2 109.2 123.6 108.5
-999.0 -999.0 -999.0 -999.0 -999.0 -999.0 -999.0 -999.0 -999.0 -999.0 -999.0 -999.0 -999.0 159.6 178.5 191.9 346.7 346.2 348.2 345.7 349.0 350.7 350.3 352.2 354.6 356.1 359.0 293.7 188.4 160.6 107.5 195.7 196.3 99.6 146.8 167.5 214.7 221.0 187.2 165.6 174.5 154.4 104.3 169.4 158.7 132.5 107.2 113.8 109.1 149.3 148.4 123.0 105.6 80.5 81.2 77.9 76.7 74.5 76.2 76.0 77.0 78.1 79.6 78.0 87.6 86.6 89.9 89.5 90.3 92.5 97.5 103.2 108.1 122.9 123.6 115.8
-999.0 -999.0 -999.0 -999.0 -999.0 -999.0 -999.0 -999.0 -999.0 -999.0 -999.0 -999.0 -999.0 150.5 149.4 161.4 162.8 246.9 346.2 348.7 348.7 348.7 247.9 167.2 178.8 234.6 265.0 325.4 181.4 263.2 146.8 162.9 234.6 199.8 98.4 157.0 172.1 177.3 231.1 215.8 231.4 216.3 147.4 145.3 174.5 197.9 164.3 151.5 119.7 115.9 116.5 125.2 119.9 93.9 87.0 85.3 81.7 77.1 76.7 75.6 75.1 78.0 79.2 81.0 79.1 87.5 90.1 91.6 91.0 95.7 101.5 102.7 117.2 115.1 106.3 133.3
-999.0 -999.0 -999.0 -999.0 -999.0 -999.0 -999.0 -999.0 -999.0 -999.0 -999.0 -999.0 -999.0 103.5 138.0 157.8 203.7 157.9 159.6 162.6 268.1 348.7 274.7 158.3 154.0 173.7 249.1 230.2 205.7 198.6 182.0 149.9 246.1 190.5 194.7 132.0 193.4 216.0 224.6 203.1 201.8 192.9 160.2 154.9 165.3 151.6 153.2 150.0 154.8 154.4 152.0 132.9 102.2 102.0 92.2 91.5 90.6 85.0 81.7 78.3 78.1 77.0 76.7 80.3 88.4 88.5 88.3 91.5 91.5 96.7 101.9 103.6 109.2 120.7 106.0 145.0
-999.0 -999.0 -999.0 -999.0 -999.0 -999.0 -999.0 -999.0 -999.0 -999.0 -999.0 -999.0 -999.0 -999.0 149.5 166.4 281.8 165.4 154.1 149.7 181.5 162.7 189.2 150.1 151.7 165.4 241.5 349.6 353.7 174.4 266.5 173.3 178.6 258.8 179.8 143.0 186.6 221.9 311.2 198.1 208.8 162.0 170.1 174.4 168.1 134.9 126.3 110.4 103.7 112.8 110.5 125.4 110.3 97.2 97.6 98.8 97.4 88.0 86.9 84.3 81.0 80.7 80.6 79.2 87.6 87.4 91.0 91.7 93.8 99.8 101.1 105.7 122.6 118.9 123.2 148.5
-999.0 -999.0 -999.0 -999.0 -999.0 -999.0 -999.0 -999.0 -999.0 -999.0 -999.0 -999.0 -999.0 -999.0 150.0 174.0 201.4 164.8 104.8 147.6 203.6 152.6 113.1 138.4 205.1 146.2 162.4 227.7 329.5 302.4 180.7 247.2 169.2 174.8 175.0 164.2 167.0 193.1 270.4 268.3 251.4 202.9 206.8 199.9 183.0 173.6 101.1 100.8 102.8 157.6 110.6 99.3 101.5 101.4 102.0 100.3 115.9 98.6 93.0 89.9 92.4 86.2 83.0 86.4 88.4 88.0 91.4 91.5 96.5 102.9 104.6 111.2 123.2 113.4 125.5 148.6
-999.0 -999.0 -999.0 -999.0 -999.0 -999.0 -999.0 -999.0 -999.0 -999.0 -999.0 -999.0 -999.0 -999.0 -999.0 158.9 159.1 139.0 131.1 166.6 299.9 201.4 163.9 80.9 109.9 138.0 134.1 146.0 231.3 255.8 344.8 347.6 266.9 174.1 189.1 173.1 173.8 176.7 274.3 357.7 296.3 211.0 280.9 268.4 202.0 211.0 201.3 103.4 154.3 202.6 146.3 200.4 177.4 115.4 99.9 98.6 123.5 102.1 111.0 98.3 101.2 97.5 94.2 92.3 93.3 90.5 89.0 88.9 99.3 102.7 102.7 109.0 124.2 118.8 110.8 145.1
-999.0 -999.0 -999.0 -999.0 -999.0 -999.0 -999.0 -999.0 -999.0 -999.0 -999.0 -999.0 -999.0 -999.0 -999.0 -999.0 149.5 77.7 111.2 156.7 274.3 239.2 156.5 75.4 83.2 79.7 81.3 117.1 146.5 147.5 163.9 352.1 353.0 279.6 237.3 230.7 166.4 171.6 183.8 262.6 284.4 301.1 299.6 248.3 258.2 246.8 172.0 128.8 159.9 224.1 202.5 234.9 222.9 180.6 114.6 98.1 145.4 166.9 106.2 105.0 118.9 97.1 99.1 99.3 97.6 94.5 93.6 93.2 95.6 99.7 101.8 105.7 116.8 122.7 105.8 133.4
-999.0 -999.0 -999.0 -999.0 -999.0 -999.0 -999.0 -999.0 -999.0 -999.0 -999.0 -999.0 -999.0 -999.0 -999.0 -999.0 -999.0 82.0 160.4 141.2 146.6 151.5 110.4 70.3 74.4 74.7 74.4 82.3 101.6 118.9 164.2 160.1 349.0 312.3 167.7 148.2 94.2 103.1 143.1 160.3 167.4 182.9 256.2 240.0 175.6 181.8 173.5 130.8 153.9 200.0 274.7 222.2 204.6 169.0 58.7 101.0 138.4 147.0 116.1 119.7 125.7 107.7 99.4 98.2 99.1 96.8 96.8 95.3 95.4 99.4 103.7 108.6 109.0 125.4 112.8 111.1
-999.0 -999.0 -999.0 -999.0 -999.0 -999.0 -999.0 -999.0 -999.0 -999.0 -999.0 -999.0 -999.0 -999.0 -999.0 -999.0 -999.0 -999.0 85.4 149.3 142.3 108.5 56.0 51.9 95.9 164.3 146.9 81.6 149.0 149.1 160.7 207.1 190.1 207.7 138.6 111.5 157.2 155.5 159.9 149.4 154.9 160.4 169.6 155.5 169.7 185.2 154.7 131.7 163.5 173.2 187.1 255.4 266.7 203.1 158.4 102.5 135.7 155.7 187.6 125.5 108.3 115.9 105.3 98.6 104.3 99.4 97.9 98.5 98.4 100.9 108.1 105.3 107.1 115.3 126.1 120.2
-999.0 -999.0 -999.0 -999.0 -999.0 -999.0 -999.0 -999.0 -999.0 -999.0 -999.0 -999.0 -999.0 -999.0 -999.0 -999.0 -999.0 -999.0 -999.0 -999.0 143.4 76.2 45.5 78.1 97.5 147.0 168.2 147.3 154.3 153.8 161.3 143.8 155.0 151.6 83.7 164.3 195.2 349.5 225.9 239.0 221.6 232.7 146.6 159.8 153.6 148.8 144.8 145.2 148.9 157.3 168.9 196.6 184.2 171.9 146.6 135.7 215.8 210.0 184.2 134.9 108.4 102.4 123.5 101.9 106.9 101.9 98.0 100.7 99.8 99.5 105.8 110.8 105.5 105.8 108.2 117.4
-999.0 -999.0 -999.0 -999.0 -999.0 -999.0 -999.0 -999.0 -999.0 -999.0 -999.0 -999.0 -999.0 -999.0 -999.0 -999.0 -999.0 -999.0 -999.0 -999.0 77.8 57.6 42.1 82.8 109.7 149.0 215.1 160.2 139.8 125.3 90.1 112.2 146.2 111.9 118.9 152.1 263.5 345.5 343.9 344.2 344.0 263.3 344.0 343.1 232.8 167.2 148.8 148.0 142.1 151.3 173.2 164.0 163.6 149.3 130.1 146.6 187.1 196.5 202.4 208.4 209.2 94.5 197.4 129.8 147.5 109.7 103.4 102.2 101.7 101.5 108.2 106.8 113.5 107.8 105.0 106.1
-999.0 -999.0 -999.0 -999.0 -999.0 -999.0 -999.0 -999.0 -999.0 -999.0 -999.0 -999.0 -999.0 -999.0 -999.0 -999.0 -999.0 -999.0 -999.0 -999.0 -999.0 39.1 56.5 111.1 154.9 147.7 160.9 234.7 157.0 78.4 84.5 84.1 78.1 87.6 153.5 160.1 221.7 341.9 330.6 341.0 327.9 337.7 337.7 337.2 341.0 339.8 227.8 139.6 162.0 191.3 176.9 140.4 150.8 139.6 147.5 150.1 166.2 257.0 197.5 204.1 163.3 151.4 180.8 145.7 92.9 98.5 102.7 105.4 105.7 102.9 101.9 100.7 100.2 107.8 108.9 108.2
-999.0 -999.0 -999.0 -999.0 -999.0 -999.0 -999.0 -999.0 -999.0 -999.0 -999.0 -999.0 -999.0 -999.0 -999.0 -999.0 -999.0 -999.0 -999.0 -999.0 -999.0 -999.0 64.5 112.2 110.4 95.6 138.8 143.1 150.0 75.5 64.6 69.3 80.5 74.3 150.9 215.2 322.2 319.6 339.2 292.9 297.3 223.5 233.4 214.0 315.5 314.7 314.3 248.6 184.9 189.3 228.1 127.1 139.9 147.5 151.0 150.3 151.1 169.8 261.0 185.9 203.4 165.3 210.5 211.5 163.5 95.9 97.8 100.0 103.3 102.4 104.0 99.6 98.2 91.9 96.3 106.0
-999.0 -999.0 -999.0 -999.0 -999.0 -999.0 -999.0 -999.0 -999.0 -999.0 -999.0 -999.0 -999.0 -999.0 -999.0 -999.0 -999.0 -999.0 -999.0 -999.0 -999.0 -999.0 -999.0 -999.0 77.1 82.9 75.6 75.1 65.1 56.6 77.2 75.6 110.6 144.3 106.8 150.3 182.6 321.2 329.7 318.1 150.5 153.3 207.8 175.6 212.9 181.3 244.4 315.5 244.2 250.9 220.9 133.8 143.4 158.9 147.4 155.4 149.5 159.1 181.3 245.8 182.4 170.1 203.8 167.7 81.3 155.9 132.2 92.8 97.5 97.8 90.3 88.3 98.7 100.3 102.6 111.4
-999.0 -999.0 -999.0 -999.0 -999.0 -999.0 -999.0 -999.0 -999.0 -999.0 -999.0 -999.0 -999.0 -999.0 -999.0 -999.0 -999.0 -999.0 -999.0 -999.0 -999.0 -999.0 -999.0 -999.0 -999.0 -999.0 49.9 48.6 46.9 80.1 123.9 150.0 147.3 187.4 154.0 138.6 151.4 325.6 153.8 227.7 179.2 240.3 205.5 208.8 133.0 140.6 171.3 315.4 311.4 310.9 311.4 216.8 151.2 142.2 151.9 143.0 136.8 143.7 136.5 144.8 205.6 143.1 158.2 122.5 157.0 220.5 154.3 93.8 93.8 92.7 93.3 68.0 97.6 101.3 113.8 116.5
-999.0 -999.0 -999.0 -999.0 -999.0 -999.0 -999.0 -999.0 -999.0 -999.0 -999.0 -999.0 -999.0 -999.0 -999.0 -999.0 -999.0 -999.0 -999.0 -999.0 -999.0 -999.0 -999.0 -999.0 -999.0 -999.0 -999.0 45.9 49.6 70.9 146.9 152.1 187.5 203.5 154.1 218.4 181.2 140.7 243.4 141.4 146.1 143.2 158.0 143.3 161.0 139.0 144.9 190.5 314.8 293.4 277.8 268.8 175.5 156.1 154.5 145.5 142.6 146.0 138.1 139.4 119.9 130.2 133.9 131.4 193.7 195.7 183.1 154.5 107.6 95.7 88.1 94.5 57.2 90.5 112.3 89.0
-999.0 -999.0 -999.0 -999.0 -999.0 -999.0 -999.0 -999.0 -999.0 -999.0 -999.0 -999.0 -999.0 -999.0 -999.0 -999.0 -999.0 -999.0 -999.0 -999.0 -999.0 -999.0 -999.0 -999.0 -999.0 -999.0 -999.0 -999.0 -999.0 64.0 76.0 140.7 149.7 140.5 147.4 146.1 197.4 137.2 142.0 138.1 142.5 205.8 233.1 141.4 238.5 173.5 171.4 199.6 208.4 199.5 305.5 164.9 170.9 136.0 144.0 149.4 137.1 132.9 126.0 116.7 132.7 133.7 122.6 121.0 155.2 176.6 147.0 135.9 107.3 98.1 89.0 90.9 80.7 54.5 94.8 85.0
-999.0 -999.0 -999.0 -999.0 -999.0 -999.0 -999.0 -999.0 -999.0 -999.0 -999.0 -999.0 -999.0 -999.0 -999.0 -999.0 -999.0 -999.0 -999.0 -999.0 -999.0 -999.0 -999.0 -999.0 -999.0 -999.0 -999.0 -999.0 -999.0 -999.0 -999.0 -999.0 122.2 148.1 118.2 151.8 147.3 139.0 108.5 94.0 142.3 206.2 294.9 303.7 231.2 196.4 138.4 190.5 138.4 177.9 142.3 144.5 141.3 141.1 141.4 138.2 143.0 131.9 103.3 139.4 112.1 96.5 111.1 126.0 130.0 289.6 188.4 144.6 147.3 88.3 94.2 77.5 104.0 74.6 48.5 97.8
-999.0 -999.0 -999.0 -999.0 -999.0 -999.0 -999.0 -999.0 -999.0 -999.0 -999.0 -999.0 -999.0 -999.0 -999.0 -999.0 -999.0 -999.0 -999.0 -999.0 -999.0 -999.0 -999.0 -999.0 -999.0 -999.0 -999.0 -999.0 -999.0 -999.0 -999.0 -999.0 -999.0 145.1 99.1 96.1 144.1 152.7 107.7 83.0 135.1 142.1 143.4 301.6 300.7 145.8 145.0 154.3 137.5 147.7 148.6 146.5 140.3 147.6 113.7 84.4 74.5 110.3 135.9 144.1 138.4 122.6 79.2 78.6 100.1 128.7 125.5 123.8 141.7 126.1 103.6 91.0 91.0 87.4 74.1 53.7
-999.0 -999.0 -999.0 -999.0 -999.0 -999.0 -999.0 -999.0 -999.0 -999.0 -999.0 -999.0 -999.0 -999.0 -999.0 -999.0 -999.0 -999.0 -999.0 -999.0 -999.0 -999.0 -999.0 -999.0 -999.0 -999.0 -999.0 -999.0 -999.0 -999.0 -999.0 -999.0 -999.0 -999.0 139.4 76.5 143.9 145.2 76.5 75.6 95.2 145.2 144.5 225.9 143.4 143.1 149.3 141.3 147.6 149.6 141.7 155.8 108.2 94.3 80.0 80.7 102.8 146.9 140.8 138.9 145.9 97.7 76.2 75.4 71.1 99.6 128.7 206.2 141.4 134.1 120.6 90.8 91.2 77.5 59.9 44.0
-999.0 -999.0 -999.0 -999.0 -999.0 -999.0 -999.0 -999.0 -999.0 -999.0 -999.0 -999.0 -999.0 -999.0 -999.0 -999.0 -999.0 -999.0 -999.0 -999.0 -999.0 -999.0 -999.0 -999.0 -999.0 -999.0 -999.0 -999.0 -999.0 -999.0 -999.0 -999.0 -999.0 -999.0 -999.0 -999.0 73.4 76.0 78.1 114.0 138.8 141.2 160.2 206.3 139.6 146.0 106.8 142.4 161.3 126.5 121.9 112.5 82.8 79.1 83.3 76.4 116.7 155.8 146.3 142.3 139.8 122.0 76.9 69.6 56.1 63.1 59.3 101.9 126.8 116.7 105.0 88.5 55.3 59.2 58.6 40.4
-999.0 -999.0 -999.0 -999.0 -999.0 -999.0 -999.0 -999.0 -999.0 -999.0 -999.0 -999.0 -999.0 -999.0 -999.0 -999.0 -999.0 -999.0 -999.0 -999.0 -999.0 -999.0 -999.0 -999.0 -999.0 -999.0 -999.0 -999.0 -999.0 -999.0 -999.0 -999.0 -999.0 -999.0 -999.0 -999.0 -999.0 -999.0 -999.0 141.3 145.8 159.2 141.0 140.3 178.3 143.5 85.2 127.0 147.1 89.9 111.3 94.5 93.2 85.3 83.9 79.4 79.5 135.8 151.0 147.8 110.5 108.2 74.9 65.5 74.3 42.3 40.9 39.6 55.9 99.9 95.9 79.5 96.0 46.2 53.6 32.7
-999.0 -999.0 -999.0 -999.0 -999.0 -999.0 -999.0 -999.0 -999.0 -999.0 -999.0 -999.0 -999.0 -999.0 -999.0 -999.0 -999.0 -999.0 -999.0 -999.0 -999.0 -999.0 -999.0 -999.0 -999.0 -999.0 -999.0 -999.0 -999.0 -999.0 -999.0 -999.0 -999.0 -999.0 -999.0 -999.0 -999.0 -999.0 -999.0 -999.0 -999.0 -999.0 147.9 145.1 160.1 140.6 90.1 83.7 92.6 82.6 123.7 149.8 144.4 81.5 81.4 79.9 89.7 154.5 125.7 108.1 84.6 75.9 88.0 79.9 44.6 40.2 39.5 36.4 34.0 33.0 47.4 51.5 50.4 53.9 29.4 31.7
-999.0 -999.0 -999.0 -999.0 -999.0 -999.0 -999.0 -999.0 -999.0 -999.0 -999.0 -999.0 -999.0 -999.0 -999.0 -999.0 -999.0 -999.0 -999.0 -999.0 -999.0 -999.0 -999.0 -999.0 -999.0 -999.0 -999.0 -999.0 -999.0 -999.0 -999.0 -999.0 -999.0 -999.0 -999.0 -999.0 -999.0 -999.0 -999.0 -999.0 -999.0 -999.0 -999.0 -999.0 142.5 139.9 78.3 84.2 82.6 84.9 82.9 130.4 151.4 118.1 94.0 128.6 113.1 150.1 152.9 150.5 146.6 97.1 79.0 73.0 54.1 41.3 37.7 34.7 28.3 32.9 32.0 30.8 26.7 15.6 30.7 32.4
-999.0 -999.0 -999.0 -999.0 -999.0 -999.0 -999.0 -999.0 -999.0 -999.0 -999.0 -999.0 -999.0 -999.0 -999.0 -999.0 -999.0 -999.0 -999.0 -999.0 -999.0 -999.0 -999.0 -999.0 -999.0 -999.0 -999.0 -999.0 -999.0 -999.0 -999.0 -999.0 -999.0 -999.0 -999.0 -999.0 -999.0 -999.0 -999.0 -999.0 -999.0 -999.0 -999.0 -999.0 -999.0 112.3 80.4 80.8 83.4 80.0 144.2 140.2 144.4 87.1 82.8 145.3 147.3 142.8 144.2 144.6 140.7 141.2 87.2 71.0 70.5 53.2 36.2 26.2 25.3 22.7 21.7 26.9 21.9 24.0 22.2 28.6
-999.0 -999.0 -999.0 -999.0 -999.0 -999.0 -999.0 -999.0 -999.0 -999.0 -999.0 -999.0 -999.0 -999.0 -999.0 -999.0 -999.0 -999.0 -999.0 -999.0 -999.0 -999.0 -999.0 -999.0 -999.0 -999.0 -999.0 -999.0 -999.0 -999.0 -999.0 -999.0 -999.0 -999.0 -999.0 -999.0 -999.0 -999.0 -999.0 -999.0 -999.0 -999.0 -999.0 -999.0 -999.0 69.4 74.2 75.5 74.9 115.8 145.6 134.1 143.2 91.1 151.2 141.2 155.6 147.3 154.6 122.3 108.2 129.6 128.8 84.6 72.4 64.8 44.2 30.1 23.6 19.2 20.6 19.7 24.6 21.8 17.5 14.8
-999.0 -999.0 -999.0 -999.0 -999.0 -999.0 -999.0 -999.0 -999.0 -999.0 -999.0 -999.0 -999.0 -999.0 -999.0 -999.0 -999.0 -999.0 -999.0 -999.0 -999.0 -999.0 -999.0 -999.0 -999.0 -999.0 -999.0 -999.0 -999.0 -999.0 -999.0 -999.0 -999.0 -999.0 -999.0 -999.0 -999.0 -999.0 -999.0 -999.0 -999.0 -999.0 -999.0 -999.0 68.9 74.4 71.0 120.9 144.6 111.8 147.9 144.2 142.4 143.9 146.6 144.8 178.1 148.5 150.6 143.8 112.4 70.8 122.0 117.8 68.3 69.7 51.1 43.2 25.1 18.9 32.4 26.6 21.1 20.8 18.5 17.2
-999.0 -999.0 -999.0 -999.0 -999.0 -999.0 -999.0 -999.0 -999.0 -999.0 -999.0 -999.0 -999.0 -999.0 -999.0 -999.0 -999.0 -999.0 -999.0 -999.0 -999.0 -999.0 -999.0 -999.0 -999.0 -999.0 -999.0 -999.0 -999.0 -999.0 -999.0 -999.0 -999.0 -999.0 -999.0 -999.0 -999.0 -999.0 -999.0 -999.0 -999.0 -999.0 -999.0 -999.0 69.6 110.5 139.6 149.1 141.1 142.8 154.4 139.2 144.0 151.0 144.8 177.7 137.7 144.4 142.4 140.0 141.3 130.6 73.9 70.4 66.6 62.6 40.7 37.9 23.7 22.5 32.9 37.9 22.2 17.6 17.9 18.4
-999.0 -999.0 -999.0 -999.0 -999.0 -999.0 -999.0 -999.0 -999.0 -999.0 -999.0 -999.0 -999.0 -999.0 -999.0 -999.0 -999.0 -999.0 -999.0 -999.0 -999.0 -999.0 -999.0 -999.0 -999.0 -999.0 -999.0 -999.0 -999.0 -999.0 -999.0 -999.0 -999.0 -999.0 -999.0 -999.0 -999.0 -999.0 -999.0 -999.0 -999.0 -999.0 -999.0 -999.0 97.4 141.8 147.8 137.4 138.9 145.4 136.6 134.2 136.7 142.8 141.6 169.5 141.0 133.7 112.9 111.3 127.9 94.5 68.5 68.7 64.5 66.6 51.7 32.7 33.8 25.1 30.8 30.8 25.8 20.8 16.0 15.3
-999.0 -999.0 -999.0 -999.0 -999.0 -999.0 -999.0 -999.0 -999.0 -999.0 -999.0 -999.0 -999.0 -999.0 -999.0 -999.0 -999.0 -999.0 -999.0 -999.0 -999.0 -999.0 -999.0 -999.0 -999.0 -999.0 -999.0 -999.0 -999.0 -999.0 -999.0 -999.0 -999.0 -999.0 -999.0 -999.0 -999.0 -999.0 -999.0 -999.0 -999.0 -999.0 -999.0 -999.0 116.4 153.5 141.6 139.5 119.6 136.4 137.5 134.7 104.9 131.7 136.5 137.7 135.1 115.0 71.7 68.3 70.3 68.4 66.6 64.9 65.5 53.0 36.2 35.4 35.0 29.2 33.5 42.7 29.9 35.9 19.5 12.9
-999.0 -999.0 -999.0 -999.0 -999.0 -999.0 -999.0 -999.0 -999.0 -999.0 -999.0 -999.0 -999.0 -999.0 -999.0 -999.0 -999.0 -999.0 -999.0 -999.0 -999.0 -999.0 -999.0 -999.0 -999.0 -999.0 -999.0 -999.0 -999.0 -999.0 -999.0 -999.0 -999.0 -999.0 -999.0 -999.0 -999.0 -999.0 -999.0 -999.0 -999.0 -999.0 -999.0 -999.0 86.2 141.0 132.0 101.0 100.4 109.2 107.7 104.3 134.0 142.1 200.4 130.7 129.8 124.5 88.1 113.8 68.9 57.0 53.3 55.5 56.9 45.7 39.8 37.0 37.1 36.7 34.2 44.9 40.8 43.9 27.1 12.1
-999.0 -999.0 -999.0 -999.0 -999.0 -999.0 -999.0 -999.0 -999.0 -999.0 -999.0 -999.0 -999.0 -999.0 -999.0 -999.0 -999.0 -999.0 -999.0 -999.0 -999.0 -999.0 -999.0 -999.0 -999.0 -999.0 -999.0 -999.0 -999.0 -999.0 -999.0 -999.0 -999.0 -999.0 -999.0 -999.0 -999.0 -999.0 -999.0 -999.0 -999.0 -999.0 -999.0 -999.0 77.3 112.9 82.6 82.1 85.0 85.8 89.4 89.6 126.0 129.0 161.9 251.4 184.8 127.7 128.2 131.3 118.8 103.1 54.5 48.4 47.3 42.5 39.3 41.8 39.2 34.2 37.5 43.6 53.2 45.2 26.7 29.5
