GSP_annual_reports_PET_2024_v1/GIS/PET_2023_Fall_Deep.tif
NCOLS 191
NROWS  209
XLLCORNER 6295515.91401
YLLCORNER 1783415.49397
CELLSIZE 1000.0
NODATA_VALUE -999
[rows 34 to 67 of 209, columns 76 to 151 of 191]
397.0 406.1 405.5 405.5 405.5 395.4 402.7 402.3 405.8 419.2 409.7 423.3 411.5 414.7 415.4 431.2 418.0 426.8 428.7 428.5 427.0 425.2 424.6 424.6 424.9 424.9 424.9 424.9 424.9 427.6 427.6 427.6 428.6 424.9 423.9 425.5 426.7 434.6 425.7 424.7 424.7 429.2 -999.0 -999.0 -999.0 -999.0 -999.0 -999.0 -999.0 -999.0 -999.0 -999.0 -999.0 -999.0 -999.0 -999.0 -999.0 -999.0 -999.0 -999.0 -999.0 -999.0 -999.0 -999.0 -999.0 -999.0 -999.0 -999.0 -999.0 -999.0 -999.0 -999.0 -999.0 -999.0 -999.0 -999.0
397.0 397.0 405.5 405.5 410.8 395.4 402.7 403.3 404.7 406.2 413.4 423.2 412.5 425.6 415.4 418.6 418.1 427.9 428.7 428.5 442.9 428.9 426.2 427.2 449.1 426.3 425.5 425.5 425.5 428.2 428.2 427.6 427.6 428.9 427.6 427.6 426.4 425.2 424.6 425.7 424.6 425.7 424.6 -999.0 -999.0 -999.0 -999.0 -999.0 -999.0 -999.0 -999.0 -999.0 -999.0 -999.0 -999.0 -999.0 -999.0 -999.0 -999.0 -999.0 -999.0 -999.0 -999.0 -999.0 -999.0 -999.0 -999.0 -999.0 -999.0 -999.0 -999.0 -999.0 -999.0 -999.0 -999.0 -999.0
387.5 397.0 405.5 405.5 405.5 403.5 402.7 403.3 405.8 407.2 408.6 411.3 419.6 418.5 414.3 419.0 420.2 426.9 428.7 428.5 427.3 428.9 428.9 428.9 429.2 429.2 429.2 429.2 429.2 442.6 431.8 439.8 431.8 430.3 443.8 430.2 427.6 427.9 427.9 427.9 426.5 436.4 425.7 -999.0 -999.0 -999.0 -999.0 -999.0 -999.0 -999.0 -999.0 -999.0 -999.0 -999.0 -999.0 -999.0 -999.0 -999.0 -999.0 -999.0 -999.0 -999.0 -999.0 -999.0 -999.0 -999.0 -999.0 -999.0 -999.0 -999.0 -999.0 -999.0 -999.0 -999.0 -999.0 -999.0
387.5 387.5 405.5 405.5 395.4 405.5 411.8 412.4 405.8 418.1 409.7 412.3 412.3 425.6 414.3 417.9 419.6 439.3 443.3 428.6 428.6 430.3 428.9 428.9 429.2 428.2 429.2 428.1 429.2 440.4 431.8 430.8 431.8 431.8 431.8 430.8 431.8 430.6 430.5 427.9 427.9 427.9 435.6 425.7 -999.0 -999.0 -999.0 -999.0 -999.0 -999.0 -999.0 -999.0 -999.0 -999.0 -999.0 -999.0 -999.0 -999.0 -999.0 -999.0 -999.0 -999.0 -999.0 -999.0 -999.0 -999.0 -999.0 -999.0 -999.0 -999.0 -999.0 -999.0 -999.0 -999.0 -999.0 -999.0
386.5 387.5 405.5 405.5 405.5 405.5 411.8 403.3 405.8 407.2 409.7 412.3 412.3 413.5 414.1 417.9 426.7 428.3 428.1 428.0 429.0 429.4 429.0 428.9 429.2 429.3 429.3 428.1 430.6 443.5 430.9 446.8 430.7 440.4 430.8 433.2 443.9 432.1 432.1 430.6 429.4 427.9 436.4 428.9 -999.0 -999.0 -999.0 -999.0 -999.0 -999.0 -999.0 -999.0 -999.0 -999.0 -999.0 -999.0 -999.0 -999.0 -999.0 -999.0 -999.0 -999.0 -999.0 -999.0 -999.0 -999.0 -999.0 -999.0 -999.0 -999.0 -999.0 -999.0 -999.0 -999.0 -999.0 -999.0
395.7 386.5 405.5 405.5 405.5 405.5 402.7 403.3 404.7 407.2 409.7 411.3 412.3 413.5 415.2 417.7 420.4 428.3 429.1 427.8 429.0 428.2 445.9 429.4 429.7 429.7 429.7 429.7 431.0 431.3 431.3 432.3 432.3 432.3 432.3 431.9 446.9 430.9 432.1 432.1 432.1 429.5 428.4 426.8 -999.0 -999.0 -999.0 -999.0 -999.0 -999.0 -999.0 -999.0 -999.0 -999.0 -999.0 -999.0 -999.0 -999.0 -999.0 -999.0 -999.0 -999.0 -999.0 -999.0 -999.0 -999.0 -999.0 -999.0 -999.0 -999.0 -999.0 -999.0 -999.0 -999.0 -999.0 -999.0
387.7 389.0 414.5 405.5 405.5 405.5 401.7 402.3 413.3 418.2 412.1 412.3 421.4 413.5 426.1 418.8 420.4 439.1 428.9 428.8 428.8 429.4 428.2 429.4 428.6 429.7 428.5 429.7 429.5 430.9 432.1 432.3 440.8 432.3 432.3 432.3 440.8 432.6 432.1 432.1 431.1 431.1 432.1 430.5 427.9 -999.0 -999.0 -999.0 -999.0 -999.0 -999.0 -999.0 -999.0 -999.0 -999.0 -999.0 -999.0 -999.0 -999.0 -999.0 -999.0 -999.0 -999.0 -999.0 -999.0 -999.0 -999.0 -999.0 -999.0 -999.0 -999.0 -999.0 -999.0 -999.0 -999.0 -999.0
387.7 387.7 415.5 405.5 405.5 410.9 415.9 414.2 408.7 416.4 408.6 412.3 412.3 426.7 419.8 427.4 420.4 428.1 428.9 428.8 428.8 429.2 429.2 441.7 429.5 429.5 429.5 429.5 429.5 432.1 432.1 430.9 442.9 432.1 430.9 432.1 431.3 441.1 431.6 441.8 431.2 432.1 432.1 432.1 430.5 -999.0 -999.0 -999.0 -999.0 -999.0 -999.0 -999.0 -999.0 -999.0 -999.0 -999.0 -999.0 -999.0 -999.0 -999.0 -999.0 -999.0 -999.0 -999.0 -999.0 -999.0 -999.0 -999.0 -999.0 -999.0 -999.0 -999.0 -999.0 -999.0 -999.0 -999.0
387.7 387.7 395.4 405.5 395.4 408.5 402.7 402.3 405.8 418.1 408.6 412.3 412.3 413.5 416.7 426.9 431.3 427.1 427.9 428.8 428.8 429.2 429.2 429.2 429.5 429.5 429.5 429.5 428.4 432.1 432.1 432.1 431.1 430.9 445.4 432.1 432.1 432.4 432.4 441.1 432.6 432.1 432.1 432.1 432.1 430.6 -999.0 -999.0 -999.0 -999.0 -999.0 -999.0 -999.0 -999.0 -999.0 -999.0 -999.0 -999.0 -999.0 -999.0 -999.0 -999.0 -999.0 -999.0 -999.0 -999.0 -999.0 -999.0 -999.0 -999.0 -999.0 -999.0 -999.0 -999.0 -999.0 -999.0
389.2 387.7 395.6 405.0 405.5 413.1 411.8 415.5 405.8 420.5 409.7 412.3 411.0 413.2 413.8 417.4 419.1 426.8 437.7 427.5 427.5 436.9 426.7 425.5 427.0 424.4 433.3 424.4 424.4 427.1 425.9 427.1 427.1 427.1 437.9 429.6 429.6 432.4 431.2 441.9 432.6 432.6 432.6 431.1 430.9 431.1 -999.0 -999.0 -999.0 -999.0 -999.0 -999.0 -999.0 -999.0 -999.0 -999.0 -999.0 -999.0 -999.0 -999.0 -999.0 -999.0 -999.0 -999.0 -999.0 -999.0 -999.0 -999.0 -999.0 -999.0 -999.0 -999.0 -999.0 -999.0 -999.0 -999.0
408.0 387.7 395.6 409.1 405.5 405.5 419.4 412.4 414.8 406.2 409.7 423.2 422.2 412.0 409.1 413.8 415.4 422.1 423.9 423.8 423.8 424.2 424.2 424.2 423.4 424.4 433.3 424.4 422.7 419.0 418.0 419.0 419.0 427.1 422.3 434.7 435.6 438.2 430.0 432.4 432.4 432.4 431.6 432.6 432.2 431.1 -999.0 -999.0 -999.0 -999.0 -999.0 -999.0 -999.0 -999.0 -999.0 -999.0 -999.0 -999.0 -999.0 -999.0 -999.0 -999.0 -999.0 -999.0 -999.0 -999.0 -999.0 -999.0 -999.0 -999.0 -999.0 -999.0 -999.0 -999.0 -999.0 -999.0
387.7 387.7 395.6 407.9 420.7 415.1 411.8 412.4 414.8 407.2 409.7 411.0 409.8 409.5 410.2 412.7 415.4 423.1 423.9 423.8 423.8 424.2 436.8 416.1 413.7 413.7 413.7 413.7 409.8 412.4 412.4 412.4 411.4 412.4 411.4 416.3 416.3 425.6 427.4 429.9 431.4 446.0 432.4 431.6 432.6 445.9 432.8 -999.0 -999.0 -999.0 -999.0 -999.0 -999.0 -999.0 -999.0 -999.0 -999.0 -999.0 -999.0 -999.0 -999.0 -999.0 -999.0 -999.0 -999.0 -999.0 -999.0 -999.0 -999.0 -999.0 -999.0 -999.0 -999.0 -999.0 -999.0 -999.0
385.2 387.7 395.6 410.5 407.9 412.6 416.5 412.4 414.8 419.5 409.7 411.0 408.9 408.5 410.2 413.8 415.4 423.1 434.9 422.0 426.5 413.4 413.4 413.4 409.8 411.1 409.8 409.8 409.8 411.4 412.4 411.2 412.4 412.4 412.4 412.4 412.4 413.8 416.6 427.4 427.4 431.1 442.8 432.4 432.6 432.6 432.8 -999.0 -999.0 -999.0 -999.0 -999.0 -999.0 -999.0 -999.0 -999.0 -999.0 -999.0 -999.0 -999.0 -999.0 -999.0 -999.0 -999.0 -999.0 -999.0 -999.0 -999.0 -999.0 -999.0 -999.0 -999.0 -999.0 -999.0 -999.0 -999.0
385.2 384.2 395.6 395.6 395.6 400.6 411.8 412.4 414.8 427.4 408.6 409.9 409.8 408.5 410.2 412.7 416.9 422.1 422.2 413.0 413.0 413.4 409.5 409.5 409.8 409.8 409.8 409.8 409.8 412.4 412.4 412.4 421.3 412.4 412.4 412.4 411.4 412.4 412.4 416.6 419.3 427.4 429.9 432.4 432.4 432.6 436.9 -999.0 -999.0 -999.0 -999.0 -999.0 -999.0 -999.0 -999.0 -999.0 -999.0 -999.0 -999.0 -999.0 -999.0 -999.0 -999.0 -999.0 -999.0 -999.0 -999.0 -999.0 -999.0 -999.0 -999.0 -999.0 -999.0 -999.0 -999.0 -999.0
394.5 385.2 393.0 406.5 397.0 395.6 401.9 414.2 404.7 416.3 409.7 412.3 411.0 412.0 409.1 413.8 415.4 422.1 414.8 413.0 411.8 409.5 409.5 409.5 409.8 409.8 409.8 416.1 408.6 411.2 411.2 411.2 411.2 411.2 411.2 411.0 411.2 412.4 412.4 412.4 412.4 416.6 427.4 429.9 443.2 432.4 433.2 -999.0 -999.0 -999.0 -999.0 -999.0 -999.0 -999.0 -999.0 -999.0 -999.0 -999.0 -999.0 -999.0 -999.0 -999.0 -999.0 -999.0 -999.0 -999.0 -999.0 -999.0 -999.0 -999.0 -999.0 -999.0 -999.0 -999.0 -999.0 -999.0
367.1 384.1 393.0 393.0 395.6 395.6 411.1 403.3 409.5 421.1 408.6 411.3 412.3 413.2 409.1 413.8 428.2 422.1 415.9 413.0 409.1 408.5 409.5 409.5 409.8 409.8 408.5 408.5 408.5 411.2 411.2 411.2 411.2 411.2 411.2 411.0 411.2 423.0 411.2 412.4 412.4 411.3 416.6 427.4 427.4 431.4 433.0 -999.0 -999.0 -999.0 -999.0 -999.0 -999.0 -999.0 -999.0 -999.0 -999.0 -999.0 -999.0 -999.0 -999.0 -999.0 -999.0 -999.0 -999.0 -999.0 -999.0 -999.0 -999.0 -999.0 -999.0 -999.0 -999.0 -999.0 -999.0 -999.0
307.5 375.9 393.0 393.0 398.0 395.6 402.9 402.5 406.0 407.2 409.7 411.3 411.3 414.5 412.8 434.0 415.4 423.1 422.2 413.0 409.1 409.5 408.3 409.5 409.8 408.5 408.5 408.5 408.5 411.2 411.2 411.2 411.2 411.2 411.2 411.2 419.8 411.2 411.2 411.2 411.2 423.2 412.4 412.4 423.0 427.4 433.0 432.3 -999.0 -999.0 -999.0 -999.0 -999.0 -999.0 -999.0 -999.0 -999.0 -999.0 -999.0 -999.0 -999.0 -999.0 -999.0 -999.0 -999.0 -999.0 -999.0 -999.0 -999.0 -999.0 -999.0 -999.0 -999.0 -999.0 -999.0 -999.0
284.7 378.3 404.0 393.0 393.0 393.0 402.9 414.4 404.9 407.4 408.6 412.3 412.3 414.5 415.2 417.7 419.4 422.1 434.9 413.0 417.1 408.3 409.5 408.3 409.8 408.5 408.5 408.5 408.5 411.2 410.8 411.2 411.2 411.2 411.2 411.2 411.2 411.0 411.2 411.2 411.2 421.3 411.2 412.4 385.4 314.8 428.0 366.6 421.4 433.3 -999.0 -999.0 -999.0 -999.0 -999.0 -999.0 -999.0 -999.0 -999.0 -999.0 -999.0 -999.0 -999.0 -999.0 -999.0 -999.0 -999.0 -999.0 -999.0 -999.0 -999.0 -999.0 -999.0 -999.0 -999.0 -999.0
249.0 276.3 402.9 400.5 391.9 393.0 400.4 401.0 404.9 408.9 409.9 412.5 412.3 414.5 415.2 418.8 420.4 425.7 422.9 423.8 413.0 418.4 409.5 409.5 408.7 408.5 408.5 408.5 408.5 411.2 411.2 411.2 411.2 411.2 411.2 411.2 411.0 411.2 411.2 411.2 411.2 411.2 411.2 412.4 412.4 412.5 420.0 428.3 432.0 258.1 227.6 -999.0 -999.0 -999.0 -999.0 -999.0 -999.0 -999.0 -999.0 -999.0 -999.0 -999.0 -999.0 -999.0 -999.0 -999.0 -999.0 -999.0 -999.0 -999.0 -999.0 -999.0 -999.0 -999.0 -999.0 -999.0
230.1 234.1 375.3 402.9 393.0 393.0 399.3 400.9 403.5 407.4 409.9 412.5 412.5 413.7 415.2 418.8 419.4 427.1 426.5 423.8 422.0 413.4 409.5 409.5 409.8 409.8 408.5 408.5 408.5 411.2 411.2 411.2 416.8 411.2 411.2 411.2 411.2 411.2 411.2 416.8 411.2 411.2 411.2 411.2 412.4 412.5 413.1 426.5 427.1 433.3 433.3 282.3 -999.0 -999.0 -999.0 -999.0 -999.0 -999.0 -999.0 -999.0 -999.0 -999.0 -999.0 -999.0 -999.0 -999.0 -999.0 -999.0 -999.0 -999.0 -999.0 -999.0 -999.0 -999.0 -999.0 -999.0
231.0 231.4 271.4 273.2 393.0 393.0 400.3 399.9 403.4 404.8 407.4 423.3 412.5 414.7 414.3 417.7 419.4 427.1 428.9 426.3 423.8 424.2 413.4 409.5 409.8 408.6 408.5 408.5 408.5 421.3 411.2 411.2 411.2 411.2 411.2 411.2 411.0 411.2 411.2 411.2 411.2 411.2 411.2 411.2 411.4 412.5 413.1 417.5 427.3 428.3 433.3 298.1 264.4 -999.0 -999.0 -999.0 -999.0 -999.0 -999.0 -999.0 -999.0 -999.0 -999.0 -999.0 -999.0 -999.0 -999.0 -999.0 -999.0 -999.0 -999.0 -999.0 -999.0 -999.0 -999.0 -999.0
227.1 230.8 217.4 272.1 402.9 391.4 400.3 400.9 403.4 404.8 407.3 409.9 410.0 414.7 423.5 419.0 420.6 427.1 428.9 428.8 427.5 424.2 424.2 413.4 409.8 409.8 409.8 409.8 408.5 413.6 411.2 411.2 411.2 411.2 411.2 411.2 411.2 411.2 411.0 411.2 411.2 411.2 411.2 411.2 411.2 411.4 413.1 413.3 417.5 428.3 428.3 430.7 338.0 430.9 -999.0 -999.0 -999.0 -999.0 -999.0 -999.0 -999.0 -999.0 -999.0 -999.0 -999.0 -999.0 -999.0 -999.0 -999.0 -999.0 -999.0 -999.0 -999.0 -999.0 -999.0 -999.0
226.0 231.1 233.5 220.7 274.7 413.8 397.6 399.4 401.8 404.8 406.3 409.9 409.9 412.2 412.8 419.0 420.6 428.3 428.9 428.8 427.8 429.2 424.2 424.2 413.7 409.8 409.8 409.8 409.8 412.4 411.2 411.2 411.2 411.2 411.2 411.2 411.2 411.2 411.2 411.2 411.2 411.2 411.2 411.2 411.2 412.5 413.1 413.3 413.3 417.5 428.3 425.7 430.7 430.7 429.0 433.8 425.7 -999.0 -999.0 -999.0 -999.0 -999.0 -999.0 -999.0 -999.0 -999.0 -999.0 -999.0 -999.0 -999.0 -999.0 -999.0 -999.0 -999.0 -999.0 -999.0
224.2 225.7 227.7 233.4 263.2 279.8 273.6 412.0 412.1 403.3 407.3 409.9 409.9 412.1 412.8 416.5 420.6 428.3 429.1 429.0 428.8 429.2 429.2 426.7 424.4 420.0 413.7 409.8 409.8 412.4 412.4 412.4 412.4 420.5 411.2 411.2 411.2 411.2 413.6 411.2 411.2 411.2 411.2 411.2 411.2 411.2 413.1 413.3 413.3 413.3 416.3 425.7 429.3 436.7 428.8 430.2 426.1 441.2 -999.0 -999.0 -999.0 -999.0 -999.0 -999.0 -999.0 -999.0 -999.0 -999.0 -999.0 -999.0 -999.0 -999.0 -999.0 -999.0 -999.0 -999.0
214.6 224.1 228.1 235.0 225.8 233.0 269.1 288.4 274.8 360.2 416.0 421.2 409.9 412.1 423.7 416.4 418.0 427.9 429.1 429.0 428.0 429.2 429.2 429.2 428.1 424.4 423.4 416.4 413.7 411.4 412.4 412.4 412.4 412.4 412.4 411.2 411.2 411.2 415.8 411.2 411.2 411.2 411.2 411.2 411.2 411.2 411.8 413.3 413.3 413.3 412.3 423.9 425.7 432.0 430.0 430.2 427.4 425.7 438.7 -999.0 -999.0 -999.0 -999.0 -999.0 -999.0 -999.0 -999.0 -999.0 -999.0 -999.0 -999.0 -999.0 -999.0 -999.0 -999.0 -999.0
213.9 222.9 227.5 232.9 237.4 228.7 291.6 280.5 273.4 275.0 394.7 421.3 280.3 410.6 412.8 415.3 418.0 427.9 427.6 428.6 429.0 429.4 429.4 429.2 429.5 429.5 428.1 424.4 424.4 425.9 419.0 419.9 412.4 412.4 412.4 412.4 411.2 411.2 411.2 411.2 411.2 411.2 411.2 411.2 411.2 411.2 411.8 413.3 413.3 413.3 413.3 414.9 425.7 428.2 430.0 428.8 424.9 424.9 425.6 426.8 -999.0 -999.0 -999.0 -999.0 -999.0 -999.0 -999.0 -999.0 -999.0 -999.0 -999.0 -999.0 -999.0 -999.0 -999.0 -999.0
216.8 228.3 231.2 231.3 222.8 245.1 239.2 282.9 275.7 391.7 322.8 275.7 409.7 413.2 411.1 414.8 418.0 427.9 428.7 428.5 427.6 429.0 429.4 429.4 429.7 429.5 429.5 429.5 429.5 429.6 425.9 427.1 424.3 415.3 412.4 412.4 412.4 412.4 411.2 411.2 413.6 413.6 411.2 411.2 411.2 411.2 411.8 413.3 413.3 413.3 413.3 414.9 423.9 425.7 430.0 428.8 425.9 432.2 426.0 425.7 218.5 -999.0 -999.0 -999.0 -999.0 -999.0 -999.0 -999.0 -999.0 -999.0 -999.0 -999.0 -999.0 -999.0 -999.0 -999.0
198.1 202.4 202.7 218.9 221.0 227.3 226.9 295.9 263.3 308.5 292.5 272.4 420.1 422.3 412.5 416.6 416.3 425.3 428.7 428.5 428.5 428.9 429.0 429.0 429.7 429.7 429.7 443.1 429.5 432.1 431.1 430.8 437.9 425.9 418.0 427.1 412.4 412.4 412.4 412.4 411.2 411.2 411.2 411.0 411.2 411.2 411.8 412.1 412.2 412.3 413.3 410.7 414.9 425.7 427.5 430.0 424.7 433.9 427.2 385.7 218.1 259.9 -999.0 -999.0 -999.0 -999.0 -999.0 -999.0 -999.0 -999.0 -999.0 -999.0 -999.0 -999.0 -999.0 -999.0
225.8 211.6 208.7 226.6 223.2 214.7 217.4 227.4 291.3 286.7 262.5 276.8 301.2 422.3 422.9 414.1 426.7 426.3 430.8 427.0 428.5 428.9 428.9 428.9 429.3 429.2 428.5 429.7 429.7 432.1 432.1 432.1 432.1 430.8 427.1 427.1 416.3 412.4 411.4 412.4 412.4 412.4 411.2 411.2 411.2 411.2 411.8 412.1 412.3 413.3 413.3 410.7 414.9 425.2 425.0 428.7 425.9 425.9 436.3 427.2 427.3 402.0 -999.0 -999.0 -999.0 -999.0 -999.0 -999.0 -999.0 -999.0 -999.0 -999.0 -999.0 -999.0 -999.0 -999.0
203.1 203.4 220.0 215.6 228.4 214.3 216.0 220.6 235.7 229.1 248.4 258.4 292.5 290.0 335.4 420.8 426.1 436.7 424.4 424.3 424.8 426.3 430.3 428.9 429.2 429.2 439.4 428.1 429.7 432.3 432.3 432.3 431.1 432.1 432.1 427.1 427.1 415.4 412.4 412.4 412.4 412.4 412.4 412.4 420.0 411.2 421.9 413.3 413.3 413.3 412.3 410.7 410.7 414.9 425.0 425.0 424.6 425.9 442.1 427.2 427.2 280.6 -999.0 -999.0 -999.0 -999.0 -999.0 -999.0 -999.0 -999.0 -999.0 -999.0 -999.0 -999.0 -999.0 -999.0
285.5 232.2 227.9 226.1 259.4 272.1 399.3 302.5 234.4 241.3 242.8 261.6 285.9 292.1 312.5 420.8 422.5 433.0 431.1 424.3 435.0 424.6 424.6 427.2 427.6 429.2 429.2 429.2 429.2 431.9 432.3 432.3 432.3 432.1 432.1 432.1 427.1 427.4 416.6 412.4 412.4 412.4 412.4 412.4 412.4 412.5 413.1 413.3 413.3 413.3 413.3 410.7 410.7 410.7 414.2 425.0 420.9 425.9 427.0 427.0 427.2 299.5 214.2 -999.0 -999.0 -999.0 -999.0 -999.0 -999.0 -999.0 -999.0 -999.0 -999.0 -999.0 -999.0 -999.0
201.3 254.0 217.9 224.8 298.6 412.0 400.3 413.2 261.4 235.8 310.3 283.6 277.9 288.9 294.1 320.8 422.5 433.0 431.1 431.0 422.1 421.0 424.6 424.6 424.9 425.5 427.7 429.2 429.2 431.8 431.9 432.3 432.3 432.3 432.1 432.1 430.8 427.4 427.4 416.6 416.6 420.4 412.4 412.4 412.4 412.5 413.1 413.3 413.3 412.3 413.3 421.5 410.7 410.7 414.2 416.9 420.9 420.9 427.0 322.9 240.6 216.4 216.5 -999.0 -999.0 -999.0 -999.0 -999.0 -999.0 -999.0 -999.0 -999.0 -999.0 -999.0 -999.0 -999.0
228.8 212.1 236.4 208.5 261.1 391.9 406.6 415.8 401.9 404.6 259.7 262.0 419.0 402.6 294.6 300.5 358.6 432.2 431.1 431.0 431.0 431.4 422.5 422.5 422.3 423.7 424.9 425.5 427.6 431.8 431.8 431.9 432.3 432.3 432.3 432.1 431.1 431.1 426.2 427.4 416.6 416.6 412.4 412.4 412.4 412.5 413.1 413.3 412.3 413.3 413.3 410.7 410.7 410.7 410.0 414.2 412.8 420.9 422.0 427.0 427.0 427.0 376.1 -999.0 -999.0 -999.0 -999.0 -999.0 -999.0 -999.0 -999.0 -999.0 -999.0 -999.0 -999.0 -999.0
185.8 219.1 213.8 218.9 223.0 393.0 400.3 399.9 414.9 404.8 407.0 302.1 261.1 274.5 279.9 297.1 309.3 331.6 394.7 431.0 431.0 431.4 431.4 431.4 431.6 431.6 422.3 424.9 424.9 429.3 431.8 431.8 431.9 432.3 432.3 432.1 432.1 432.4 429.9 427.4 436.3 419.3 416.6 412.4 412.4 412.5 413.1 413.3 424.1 413.3 413.3 410.7 412.0 410.7 410.0 410.0 410.1 410.1 422.0 422.0 427.0 427.0 427.0 -999.0 -999.0 -999.0 -999.0 -999.0 -999.0 -999.0 -999.0 -999.0 -999.0 -999.0 -999.0 -999.0
