GSP_annual_reports_PET_2024_v1/GIS/PET_2022_Fall_Deep.tif
NCOLS 191
NROWS  209
XLLCORNER 6295515.91401
YLLCORNER 1783415.49397
CELLSIZE 1000.0
NODATA_VALUE -999
[rows 102 to 135 of 209, columns 76 to 151 of 191]
92.4 89.4 172.7 202.1 221.3 266.1 393.0 407.8 393.9 397.3 403.0 409.2 411.3 413.7 411.1 415.2 437.1 436.0 431.0 427.3 427.3 426.2 426.3 426.2 428.7 427.4 426.4 427.4 427.4 430.1 430.1 428.6 443.5 427.3 443.5 428.3 334.4 333.2 285.7 217.2 158.4 172.1 168.9 189.5 175.1 171.3 196.7 188.7 211.8 400.2 423.6 420.9 420.9 419.8 420.2 420.2 415.8 414.7 416.3 416.3 415.1 415.2 415.1 415.8 418.6 418.6 422.0 423.5 423.5 422.6 424.1 423.1 424.1 422.7 422.7 423.9
96.0 117.0 160.1 223.0 232.5 243.9 294.6 392.0 396.8 400.5 403.0 425.5 407.8 411.6 411.1 422.7 417.5 427.3 442.4 433.0 426.2 426.2 427.4 442.8 441.2 426.4 427.4 426.4 427.4 430.1 430.1 435.4 435.3 428.5 429.7 427.3 440.3 425.1 435.8 262.9 190.2 182.2 172.7 150.7 173.1 200.3 167.6 146.7 201.5 224.2 423.6 427.0 424.1 419.8 419.0 420.2 414.7 415.8 416.3 416.3 415.1 416.3 425.5 416.3 418.6 417.4 421.7 422.3 424.8 422.4 422.9 423.1 423.1 424.1 422.7 423.9
137.4 173.9 213.1 174.6 226.5 253.7 291.4 395.3 417.1 399.2 403.7 419.2 421.5 410.0 426.3 414.7 423.7 427.3 426.4 442.9 427.3 427.4 427.4 436.3 426.2 427.4 426.2 427.4 427.4 430.1 430.1 428.6 427.4 442.4 439.7 442.1 428.3 424.4 435.8 288.9 257.0 198.2 191.7 158.0 156.4 160.7 147.7 156.4 184.3 249.8 432.1 420.9 420.9 419.8 426.3 420.2 415.8 415.8 416.3 415.1 416.3 416.3 415.1 416.3 414.7 418.6 418.6 431.2 423.5 433.1 422.4 423.0 422.9 424.1 424.1 423.9
145.9 163.2 182.3 230.7 228.2 265.1 285.3 396.9 399.3 402.1 406.0 406.2 407.9 411.1 410.7 419.3 424.4 426.0 426.4 427.3 444.3 426.2 426.3 428.7 442.8 426.2 427.4 427.4 443.1 428.9 429.1 428.6 428.6 431.1 427.2 434.5 424.8 425.5 438.0 335.9 248.8 286.0 209.4 147.5 132.4 149.7 149.2 158.7 183.5 213.7 219.2 218.1 420.9 420.9 420.2 421.4 426.4 415.8 415.1 415.2 416.3 415.2 416.3 416.3 416.3 419.4 418.6 421.7 423.5 423.5 423.5 431.6 424.1 424.1 423.1 423.1
159.8 164.8 183.1 194.2 233.9 233.9 245.7 416.7 401.0 410.1 405.2 408.8 407.7 417.2 411.8 415.7 416.2 427.2 427.5 433.4 428.5 427.4 426.3 426.3 426.4 426.2 426.3 427.4 427.4 430.1 428.6 428.6 428.5 428.3 434.5 427.2 425.2 424.5 444.9 395.2 224.7 187.2 206.0 144.4 118.2 123.4 130.4 155.3 155.7 193.0 284.1 427.0 420.9 419.8 420.2 420.2 423.2 426.2 416.3 416.3 415.1 415.2 416.3 416.3 416.3 415.1 418.6 428.2 423.3 423.5 422.4 423.5 432.5 424.1 424.1 424.1
158.6 165.8 187.9 205.3 231.7 236.4 235.0 274.9 387.7 411.1 406.2 424.4 407.7 412.3 410.5 434.6 417.3 427.2 426.4 430.6 430.6 427.4 428.7 446.5 426.2 433.6 427.4 433.6 426.4 428.9 428.6 428.5 427.3 427.2 427.2 425.2 424.1 424.3 425.5 278.8 218.4 189.3 167.8 163.5 162.3 126.0 123.4 147.2 159.1 205.5 288.6 419.7 419.8 419.7 420.2 420.2 414.7 419.1 423.7 415.2 416.3 416.3 415.1 416.3 416.3 419.7 415.8 418.6 421.7 433.1 423.5 423.5 423.5 433.7 422.9 424.1
159.1 165.9 188.0 205.9 235.4 220.6 232.2 277.1 385.8 395.6 406.2 408.8 408.8 411.0 420.4 415.7 417.3 427.2 433.7 427.3 427.3 442.8 427.4 435.9 441.4 442.2 426.2 434.2 427.4 428.6 427.5 428.5 427.2 428.3 424.1 425.2 425.2 425.5 425.2 357.0 225.6 226.1 218.2 176.6 143.7 106.2 122.5 121.1 143.4 175.8 211.8 350.2 420.9 420.9 419.2 424.1 414.6 415.8 418.7 416.3 416.3 416.3 425.8 416.3 416.3 418.7 416.3 418.6 418.6 432.9 431.9 423.5 423.5 423.5 434.8 433.4
158.0 155.0 181.1 207.8 238.3 209.1 280.7 288.2 305.5 384.2 409.6 408.8 408.8 409.8 410.5 415.7 417.3 427.2 427.5 426.0 427.3 427.4 426.3 444.4 441.4 426.2 436.0 427.4 426.2 427.5 428.5 427.2 428.3 425.2 425.2 425.2 425.2 425.5 421.5 339.8 281.0 227.2 219.7 187.4 162.6 108.2 115.5 113.0 121.8 149.1 183.7 216.1 249.6 427.6 419.0 420.2 414.6 423.2 416.3 416.3 416.3 416.3 417.5 416.3 415.1 416.3 416.3 415.8 418.6 418.6 422.0 431.2 423.5 423.5 422.4 424.9
130.2 153.0 211.1 230.5 222.0 268.9 277.2 351.2 402.1 402.6 405.1 408.8 408.8 409.8 420.4 415.7 417.3 427.2 427.5 426.0 427.3 427.4 442.8 441.3 436.3 426.2 426.2 426.2 424.7 428.6 427.3 428.3 424.1 425.2 425.2 425.2 425.2 426.3 422.7 316.3 278.2 276.0 220.8 194.3 172.5 148.0 110.3 107.5 108.5 119.8 161.5 235.7 217.2 427.6 420.2 419.2 415.8 415.8 416.3 416.3 415.2 416.3 422.3 416.3 415.2 422.3 416.3 416.3 417.6 418.6 421.7 422.0 423.5 422.3 423.5 423.5
126.0 185.7 209.9 232.1 227.7 218.8 275.0 318.5 338.2 405.9 407.6 408.8 412.3 411.0 411.7 414.6 416.2 437.7 427.5 442.9 427.3 438.2 427.4 428.7 428.7 428.7 426.2 442.2 441.5 428.5 437.3 438.5 425.2 425.2 425.2 425.2 425.2 422.7 423.2 351.4 301.4 220.0 222.9 199.9 166.5 134.4 106.3 103.9 104.0 106.0 119.5 171.0 208.4 316.5 420.2 419.2 414.7 415.8 420.6 415.2 427.6 415.2 416.3 416.3 415.1 416.3 416.3 416.3 415.8 418.6 418.6 421.7 420.8 422.4 423.5 424.8
113.3 183.0 221.2 180.8 227.8 197.4 214.9 227.5 275.0 401.1 416.1 410.2 407.7 409.8 410.5 414.6 417.3 428.5 426.4 450.2 427.3 426.1 427.4 426.3 427.4 441.4 431.7 425.9 424.7 441.7 429.7 424.1 425.2 425.2 425.2 425.2 422.4 423.2 422.0 432.0 340.4 270.9 221.5 178.2 177.3 122.2 120.6 100.4 100.2 97.8 113.2 111.6 255.4 213.0 315.8 419.0 415.8 425.3 415.2 416.3 425.8 416.3 415.2 415.1 416.3 416.3 416.3 416.3 416.3 421.8 418.6 418.6 421.7 435.2 423.5 435.5
80.7 152.6 104.7 94.9 154.7 166.1 235.5 225.2 272.8 401.1 417.3 407.7 408.8 415.4 411.7 415.7 434.0 427.2 444.7 436.1 427.3 441.3 439.9 426.2 428.7 427.4 432.7 432.1 424.6 429.7 424.2 425.2 425.2 425.2 425.2 422.4 422.4 422.0 423.2 377.7 284.7 281.2 216.9 218.1 167.3 122.8 115.2 99.5 98.0 93.0 99.8 103.9 194.2 213.1 232.2 420.2 415.8 415.8 416.3 416.3 415.2 416.3 416.3 415.2 415.2 415.1 416.3 416.3 416.3 415.1 415.8 418.6 418.6 423.0 422.0 423.5
114.9 114.7 106.1 89.2 166.2 209.2 211.0 213.4 247.7 382.1 404.8 411.7 408.8 411.0 411.7 431.4 416.2 426.0 427.5 426.1 426.1 438.2 443.0 427.4 426.4 434.2 434.8 425.7 424.5 424.7 437.1 426.6 424.1 425.2 426.0 421.4 422.9 423.2 423.2 423.2 388.2 235.0 252.3 224.4 187.2 168.2 118.7 109.1 93.0 88.9 94.8 114.8 108.9 172.2 178.6 282.6 213.6 319.7 416.3 416.3 415.2 416.3 415.1 415.1 416.3 415.2 416.3 415.2 416.3 416.3 427.6 415.8 418.6 418.6 420.5 422.0
113.0 73.4 78.7 72.5 173.1 196.0 195.0 217.7 221.1 304.3 415.6 424.9 408.7 428.6 420.7 431.5 420.8 426.0 426.4 427.3 426.1 426.1 427.4 427.4 441.4 424.9 441.3 435.9 423.2 424.1 424.2 436.5 424.2 425.2 421.4 422.9 422.9 423.2 423.2 423.2 423.2 250.7 224.3 221.0 200.8 163.1 120.2 108.4 96.1 89.7 89.7 92.4 117.5 113.1 168.5 133.7 214.0 313.3 416.3 416.3 416.3 416.3 416.3 340.3 283.9 368.8 415.1 416.3 415.1 416.3 415.2 416.3 415.8 418.6 418.6 419.2
115.9 104.4 86.9 116.0 112.0 199.8 189.3 229.3 238.9 294.8 400.0 423.9 417.5 413.9 409.0 438.5 417.3 427.2 427.5 426.0 427.3 426.2 427.4 427.4 425.9 432.6 434.6 424.5 421.5 424.1 425.2 425.2 434.4 428.2 422.4 422.9 421.9 433.2 423.2 431.3 423.2 283.3 221.0 213.7 198.7 171.4 119.7 110.2 95.8 86.6 54.3 90.4 106.1 113.7 110.7 205.5 408.9 415.8 415.2 415.2 416.3 406.7 211.3 190.1 416.3 416.3 415.1 416.3 416.3 424.4 416.3 416.3 416.3 414.7 418.6 418.6
118.3 113.6 117.7 113.8 110.9 184.3 183.4 226.1 238.3 291.6 306.4 378.6 415.7 427.7 409.0 414.2 416.2 426.0 441.6 427.3 430.6 443.0 427.4 439.8 425.9 425.7 441.0 440.7 433.3 425.2 425.2 424.1 437.4 422.4 422.9 422.9 421.9 423.2 423.2 423.2 423.2 423.2 212.8 200.7 179.5 168.8 119.7 108.7 96.2 86.9 85.3 84.8 97.9 95.1 109.7 128.5 367.3 415.8 418.7 426.9 311.9 204.5 176.8 202.2 417.5 398.8 416.3 416.3 277.0 416.3 416.3 426.6 416.3 417.5 414.7 418.6
105.1 114.2 118.9 125.8 120.7 140.8 110.1 223.4 266.5 265.5 309.8 328.6 409.9 409.0 434.1 424.4 428.4 424.5 433.7 426.0 426.1 438.2 425.8 425.8 425.7 425.7 422.1 422.6 422.6 428.6 425.2 420.4 424.9 424.1 422.9 431.9 431.7 423.2 423.2 423.2 423.2 422.1 219.4 178.8 172.1 159.0 119.4 105.3 100.5 85.4 85.6 54.6 86.6 77.0 121.4 211.4 260.5 425.3 416.3 283.9 390.9 395.5 214.5 367.0 416.3 290.0 284.8 282.6 415.2 282.5 415.2 417.5 415.2 419.6 415.1 415.1
104.2 112.8 104.7 104.1 120.1 112.5 180.0 195.3 206.7 224.8 285.0 368.9 402.8 419.3 410.2 433.0 436.1 443.2 426.0 424.6 424.6 424.6 425.7 425.6 424.5 423.2 421.5 422.6 421.4 424.1 425.2 431.4 422.4 422.4 429.0 431.9 431.9 424.4 424.4 422.0 422.1 245.0 208.3 172.8 148.5 124.2 112.1 98.1 87.7 83.1 77.5 53.8 87.5 99.0 93.1 88.4 96.4 211.0 245.4 204.1 415.2 296.8 216.1 195.6 248.9 211.3 224.5 204.0 214.1 368.8 416.3 341.6 416.3 416.3 416.3 416.3
100.4 102.0 104.3 102.0 132.9 119.1 97.5 164.4 171.1 220.3 225.9 283.7 388.5 419.6 407.4 389.2 435.1 433.0 445.2 434.2 432.4 424.3 429.8 425.6 422.1 434.7 422.6 431.5 431.2 424.1 425.2 424.8 421.4 429.6 422.9 438.9 431.9 432.2 423.2 422.0 423.2 288.8 280.8 158.7 132.6 121.3 108.1 96.7 89.4 84.1 72.2 53.1 68.0 86.3 87.8 81.3 82.3 153.0 152.7 107.3 257.0 260.2 170.6 97.3 101.1 112.2 132.8 105.9 160.0 243.8 284.4 315.7 349.1 423.7 427.6 425.0
85.6 94.1 92.3 103.1 102.9 106.9 119.5 125.1 128.0 191.5 208.2 225.1 281.7 347.6 283.1 428.7 428.2 441.1 434.8 434.4 424.2 440.8 430.0 421.9 433.3 421.4 421.4 421.5 422.6 424.2 424.2 428.6 421.2 422.9 426.2 431.9 431.9 432.2 423.2 426.2 423.2 257.9 220.7 165.6 158.0 124.6 114.9 101.5 89.1 83.1 71.4 68.4 69.4 81.3 76.3 71.1 68.2 67.4 81.9 86.0 103.3 110.5 104.1 94.8 97.8 102.9 114.1 143.7 140.2 263.1 212.3 334.8 415.1 420.2 416.3 418.7
63.0 74.2 84.6 93.9 99.8 104.6 116.0 170.5 160.5 161.6 167.1 200.0 214.6 278.0 290.5 427.7 438.9 426.7 440.7 431.6 424.2 441.0 436.5 423.7 422.6 423.9 422.6 422.6 425.9 424.2 426.0 433.3 421.7 422.9 421.9 431.8 431.7 435.5 391.6 423.2 423.2 222.8 224.9 172.4 169.5 137.3 115.0 100.5 88.9 84.7 68.0 68.9 67.7 50.6 67.3 67.5 61.9 66.6 69.7 74.0 80.8 80.5 84.3 84.2 90.4 95.6 108.8 112.0 127.8 214.6 349.8 297.9 340.2 415.1 416.3 425.6
58.1 63.3 70.8 86.7 92.4 109.3 123.4 157.2 126.4 182.9 217.6 226.4 241.0 228.1 296.3 417.0 277.8 444.7 433.5 421.8 439.6 433.5 422.5 445.6 422.6 422.6 421.4 441.8 421.5 424.2 424.8 422.4 421.7 421.9 421.9 422.9 421.7 432.2 439.2 282.3 245.7 219.8 212.7 196.7 162.0 146.1 119.6 98.0 87.1 83.0 67.8 64.5 63.1 63.4 64.8 62.2 63.9 59.8 62.8 64.6 65.1 67.6 78.4 82.2 86.1 88.5 93.1 108.2 113.8 101.9 206.8 276.4 330.5 423.7 416.3 416.3
52.7 58.6 64.3 74.0 74.9 100.9 118.5 150.6 121.5 142.0 185.2 218.7 218.1 232.1 230.5 276.0 250.5 326.2 293.5 430.2 419.0 420.2 419.0 419.1 431.0 419.1 420.3 420.3 420.3 423.0 422.6 420.2 420.7 420.7 420.7 419.5 420.7 419.8 429.9 288.0 215.7 220.1 206.1 191.8 166.8 156.0 118.9 101.8 85.7 81.0 67.4 63.4 63.2 62.9 61.5 62.6 58.6 59.1 60.8 61.0 65.1 64.9 74.5 74.6 81.6 77.4 83.0 91.5 89.9 174.9 272.4 267.7 278.7 415.2 416.3 415.1
51.1 61.7 57.8 82.8 83.4 90.7 113.9 141.7 141.4 131.7 152.7 205.4 212.7 216.3 220.7 227.9 273.7 230.2 275.0 437.5 438.4 419.1 438.4 419.0 420.3 420.3 420.3 428.9 419.1 423.0 430.5 423.9 420.7 420.7 419.5 419.5 419.6 419.9 419.8 304.7 250.8 220.6 217.7 208.4 169.3 132.2 118.7 98.5 84.6 83.8 67.1 65.0 61.7 57.3 57.0 56.1 54.9 54.4 57.0 60.6 59.9 62.7 64.4 65.3 74.6 80.3 78.7 82.2 80.0 154.7 240.0 275.5 289.5 416.3 416.3 416.3
52.7 88.4 80.0 87.0 107.0 105.6 108.0 116.8 95.7 116.5 156.0 187.6 182.2 192.9 193.2 236.0 224.3 236.0 270.9 281.6 314.5 430.7 425.7 435.2 420.3 433.7 429.2 420.3 420.3 422.0 422.7 419.1 420.7 427.4 420.7 419.6 423.9 419.8 421.0 276.3 265.1 252.1 241.2 249.4 139.4 125.1 111.2 94.3 83.9 73.7 67.1 63.8 57.1 56.5 56.5 55.2 54.8 53.3 53.8 54.4 56.6 60.2 60.5 63.8 64.7 64.3 63.4 75.3 67.5 135.6 209.7 369.8 275.5 416.3 415.2 415.1
96.0 59.4 100.4 59.6 87.9 95.9 108.1 94.6 145.1 115.0 143.2 157.9 157.3 165.0 217.0 213.3 228.1 202.7 275.2 234.0 307.7 345.9 439.9 418.2 432.4 419.0 420.3 429.3 432.4 423.0 422.0 433.4 420.2 419.5 421.9 419.6 419.6 422.2 422.2 421.0 260.6 250.0 226.2 246.5 121.3 107.5 95.6 83.5 85.1 66.4 64.0 62.5 56.2 51.2 55.0 56.2 56.0 54.8 54.1 53.4 53.6 55.2 54.5 58.5 57.6 59.8 64.1 64.0 49.4 97.1 148.4 291.7 415.2 416.3 416.3 417.1
53.9 51.1 58.8 58.8 70.1 68.6 93.2 91.0 148.1 116.6 117.7 119.5 153.6 182.7 209.4 241.5 191.4 211.3 214.2 228.5 263.4 270.8 282.4 339.3 418.5 426.1 421.5 432.3 429.4 418.8 420.0 418.4 419.9 416.6 427.6 416.6 417.7 421.0 421.0 421.0 260.6 214.5 254.1 217.9 104.2 90.0 81.3 82.7 74.8 66.7 62.4 58.8 55.0 54.8 54.8 55.0 50.0 52.4 48.9 52.5 52.7 47.8 52.5 52.8 54.7 56.4 59.6 60.0 59.9 69.4 98.0 213.4 416.3 416.3 416.3 419.7
29.3 33.0 41.0 44.2 53.1 48.3 56.5 82.2 138.1 105.7 113.6 116.6 119.5 118.9 207.3 196.3 158.3 220.5 220.3 218.5 276.4 270.9 268.4 295.2 407.2 426.2 430.1 430.7 416.3 423.6 418.9 419.8 417.2 417.7 426.6 418.9 417.7 429.9 421.0 421.0 257.7 217.8 216.4 202.9 98.6 87.0 83.2 76.1 67.6 63.7 62.8 56.4 49.0 50.5 53.8 54.5 53.3 52.7 52.2 51.5 51.3 51.4 51.5 48.4 52.7 47.9 52.3 56.1 58.1 59.3 79.2 173.2 281.6 415.3 415.1 416.3
18.2 23.7 27.0 32.1 36.7 42.9 48.3 60.6 90.5 94.1 96.9 100.9 108.4 111.9 140.4 196.0 161.7 199.2 213.4 164.9 200.4 215.2 201.8 245.5 283.0 337.3 428.2 420.8 420.7 420.1 432.1 431.0 416.2 417.2 417.7 417.7 425.2 421.0 421.0 421.0 299.8 205.6 184.8 213.9 102.9 86.1 82.4 71.0 67.3 63.2 57.3 55.0 52.9 54.1 51.5 50.7 51.5 51.3 47.6 47.6 48.5 48.5 47.1 50.3 50.7 52.0 52.3 51.4 52.5 54.4 61.2 81.5 177.7 425.6 427.0 417.6
16.4 22.8 22.6 29.2 32.7 37.1 50.5 53.4 63.4 92.4 91.3 91.3 85.8 95.6 96.9 121.6 150.6 199.0 194.7 138.6 204.1 199.2 233.8 217.3 226.7 248.7 257.8 417.9 426.7 426.5 433.1 409.5 432.8 417.7 417.0 418.2 418.2 418.5 421.5 421.5 421.5 252.8 192.4 159.0 130.4 91.4 82.3 73.8 67.0 63.1 60.6 54.8 55.1 50.4 49.3 52.5 49.6 48.6 46.9 46.0 47.2 41.7 45.5 47.3 47.4 50.3 52.2 51.1 51.7 51.9 59.0 67.4 107.1 181.3 313.4 416.8
12.3 13.7 16.4 18.7 30.9 34.3 38.9 51.7 56.7 64.9 77.4 82.0 90.5 85.6 97.2 99.8 99.0 135.2 130.4 142.2 187.1 205.9 209.5 215.2 237.1 195.1 212.1 271.0 384.8 433.8 414.2 420.6 420.6 431.5 416.5 408.5 427.0 420.3 421.5 421.5 430.3 374.8 270.6 192.5 163.4 112.0 91.6 82.9 69.1 57.6 58.8 53.9 52.6 49.1 50.0 50.1 47.7 43.8 48.1 41.9 41.7 42.5 43.1 48.6 42.9 47.4 51.6 50.1 50.6 51.8 57.3 63.2 86.0 117.8 199.3 208.4
19.3 12.6 11.7 18.5 24.1 32.4 36.6 46.8 56.7 56.7 65.1 72.6 79.3 80.3 86.5 88.0 93.9 91.2 97.9 111.7 198.3 196.2 202.2 192.6 209.5 177.5 225.4 206.8 277.5 425.9 421.2 421.3 413.2 415.4 414.7 424.0 415.2 419.7 417.4 418.4 418.4 418.4 273.5 206.8 196.1 126.2 93.2 79.6 72.4 61.1 56.3 54.0 51.1 44.5 43.0 44.3 42.9 42.3 41.6 40.0 38.0 37.1 40.4 46.5 41.1 42.7 50.4 44.8 49.6 50.2 51.4 56.7 83.3 135.4 155.0 204.6
16.0 12.4 10.9 13.5 21.1 27.1 32.2 37.8 43.7 49.1 57.4 62.0 66.7 72.6 80.8 79.6 66.9 79.0 81.7 95.8 133.0 181.3 189.0 156.1 176.4 169.4 207.3 199.4 222.3 248.6 364.2 269.1 421.2 403.2 424.4 414.7 414.1 418.4 418.4 424.5 283.9 284.8 231.7 209.8 215.9 205.1 139.8 78.5 62.7 58.9 53.1 52.4 51.1 48.2 41.5 41.2 42.0 40.6 41.8 37.4 29.5 39.0 38.0 38.6 39.2 40.6 42.6 49.4 45.6 51.7 50.0 57.4 78.6 105.7 146.1 188.2
14.3 15.6 11.0 15.3 13.8 20.6 26.7 32.6 35.0 43.1 47.8 56.8 59.1 63.7 69.4 75.4 78.8 82.6 72.6 77.6 92.4 125.5 126.2 142.2 159.8 161.2 204.9 142.0 212.1 217.8 189.9 287.2 285.4 419.9 416.6 419.5 410.5 421.7 418.4 418.4 391.0 270.1 215.2 204.9 211.5 224.3 119.8 84.8 63.6 62.0 54.3 52.3 48.2 46.1 40.6 39.9 41.6 38.9 37.8 37.4 30.2 38.0 37.8 35.8 35.9 32.1 38.9 45.9 45.6 47.9 52.9 59.1 69.2 141.6 156.0 143.9
