GSP_annual_reports_PET_2024_v1/GIS/PET_2023_Fall_Deep.tif
NCOLS 191
NROWS  209
XLLCORNER 6295515.91401
YLLCORNER 1783415.49397
CELLSIZE 1000.0
NODATA_VALUE -999
[rows 68 to 101 of 209, columns 0 to 75 of 191]
-999.0 -999.0 -999.0 -999.0 -999.0 -999.0 -999.0 -999.0 -999.0 -999.0 100.2 82.5 108.7 88.0 85.5 82.3 80.8 91.9 166.2 165.0 178.9 152.9 134.0 80.7 58.8 59.5 58.2 59.2 61.9 68.6 63.5 70.1 76.6 84.2 88.0 76.0 69.1 93.3 70.2 69.8 71.0 75.7 74.8 76.4 76.2 79.2 80.3 90.3 86.2 88.2 92.6 90.1 98.7 101.4 101.4 104.1 108.9 108.4 106.8 120.6 114.3 109.0 99.4 108.1 120.1 126.8 141.9 145.9 160.7 158.7 158.0 154.5 155.6 155.7 159.4 162.3
-999.0 -999.0 -999.0 -999.0 -999.0 -999.0 -999.0 -999.0 -999.0 -999.0 88.7 85.2 146.1 111.4 100.4 87.3 83.5 137.6 165.9 171.3 189.1 159.7 146.4 103.2 91.2 58.6 58.7 57.7 61.5 85.5 69.6 72.3 83.3 78.3 83.0 89.5 93.3 93.5 84.3 82.8 75.0 76.3 76.4 77.4 77.4 78.7 78.1 83.9 85.8 80.7 90.8 89.2 99.4 102.4 102.8 107.2 107.0 110.0 111.9 111.8 107.8 110.4 101.0 110.5 110.6 121.0 129.1 154.4 160.9 158.1 156.2 157.9 156.4 154.3 165.6 169.9
-999.0 -999.0 -999.0 -999.0 -999.0 -999.0 -999.0 -999.0 -999.0 -999.0 87.0 85.8 85.7 143.7 93.7 84.4 78.7 89.9 125.0 156.8 173.8 159.1 142.4 97.1 68.4 59.7 60.7 60.5 66.0 86.8 78.0 80.1 87.7 92.4 94.7 91.6 91.0 92.7 80.5 75.5 71.7 74.6 77.6 77.5 78.2 80.2 78.6 79.4 90.6 89.6 102.5 96.5 97.9 100.9 100.5 106.1 109.2 109.4 110.5 116.5 126.1 108.8 102.7 118.5 106.0 120.1 131.9 144.3 164.9 151.7 160.6 160.8 164.3 167.6 170.0 175.1
-999.0 -999.0 -999.0 -999.0 -999.0 -999.0 -999.0 -999.0 -999.0 -999.0 105.4 89.9 187.6 177.2 90.7 86.9 85.0 89.5 136.4 155.9 168.4 154.9 139.9 102.0 85.9 58.8 61.0 61.0 64.2 69.8 71.4 71.2 76.4 85.3 91.6 76.5 89.5 82.4 75.2 68.5 76.7 76.6 76.4 77.5 78.1 77.7 77.5 79.9 87.3 90.7 95.8 95.2 100.4 100.2 101.4 108.3 109.5 106.5 112.4 116.0 114.9 114.5 108.5 103.7 97.2 110.1 127.4 135.3 153.9 149.3 160.6 169.3 169.7 173.2 178.2 176.5
-999.0 -999.0 -999.0 -999.0 -999.0 -999.0 -999.0 -999.0 -999.0 -999.0 97.5 115.7 218.8 190.0 107.7 87.0 84.8 90.5 157.5 163.6 168.1 149.9 133.2 140.5 106.2 80.1 60.5 61.5 62.1 71.3 64.3 62.1 69.2 71.3 69.7 81.6 76.1 72.2 64.8 65.9 72.6 76.3 76.7 77.0 77.7 77.2 78.9 81.2 89.6 91.0 92.5 97.2 97.0 101.8 102.1 108.5 109.1 109.7 108.9 111.2 135.1 122.3 109.9 103.3 89.5 97.2 112.2 134.9 199.5 198.0 212.1 182.8 170.4 179.7 178.4 181.8
-999.0 -999.0 -999.0 -999.0 -999.0 -999.0 -999.0 -999.0 -999.0 -999.0 -999.0 115.8 189.8 197.4 132.0 85.1 81.3 87.6 129.9 153.7 152.7 129.7 105.8 126.4 114.9 80.0 59.2 60.3 60.2 61.1 64.6 70.3 71.9 78.1 67.2 68.0 71.3 75.5 71.4 71.2 67.9 73.0 76.9 76.6 76.9 78.0 76.9 81.4 90.1 90.7 91.8 96.8 100.9 100.4 101.9 106.4 108.5 109.2 109.8 110.2 111.7 115.1 113.2 107.5 98.2 90.4 144.7 121.5 182.6 285.9 337.1 264.6 199.3 179.0 181.2 186.8
-999.0 -999.0 -999.0 -999.0 -999.0 -999.0 -999.0 -999.0 -999.0 -999.0 -999.0 128.4 214.5 209.9 152.0 86.2 87.3 85.0 93.0 96.1 100.8 92.4 93.5 107.8 137.9 102.2 97.7 87.7 61.7 63.4 72.9 78.4 82.0 84.9 85.5 79.8 69.5 66.0 67.8 76.4 76.8 77.7 74.5 78.6 77.2 77.4 68.0 78.2 82.4 87.9 90.2 91.6 96.6 100.7 101.4 102.8 104.6 106.9 109.0 109.8 111.4 113.6 114.0 114.3 110.7 93.3 132.4 118.1 166.8 221.9 376.8 291.9 224.2 188.1 161.7 187.6
-999.0 -999.0 -999.0 -999.0 -999.0 -999.0 -999.0 -999.0 -999.0 -999.0 -999.0 191.1 196.8 194.9 148.6 100.2 86.8 86.5 88.5 93.8 97.7 133.5 88.5 100.8 132.6 134.2 103.4 81.9 62.0 62.7 73.4 91.2 90.5 89.9 89.5 83.0 77.3 78.8 76.3 77.5 78.1 77.2 78.4 77.1 76.8 78.2 78.7 81.4 85.1 88.1 89.2 88.9 92.6 97.8 98.2 101.6 101.2 106.7 108.9 107.6 108.8 112.2 109.4 113.9 109.3 97.2 116.4 180.6 191.1 245.1 367.1 277.3 238.3 198.1 188.7 194.0
-999.0 -999.0 -999.0 -999.0 -999.0 -999.0 -999.0 -999.0 -999.0 -999.0 -999.0 229.1 236.1 205.3 146.9 100.7 89.7 84.1 87.8 156.0 155.9 152.7 96.7 127.2 128.3 144.2 106.7 109.0 71.2 63.4 64.0 70.3 74.8 90.1 85.5 85.2 80.4 76.6 76.8 77.9 77.3 77.1 76.4 77.2 77.5 78.1 78.0 78.4 81.4 82.4 90.6 89.6 89.8 95.8 98.8 99.9 101.7 104.1 108.3 109.2 111.0 110.9 110.9 113.2 103.2 118.8 151.6 187.8 192.3 242.6 377.7 380.3 249.0 233.0 214.6 187.5
-999.0 -999.0 -999.0 -999.0 -999.0 -999.0 -999.0 -999.0 -999.0 -999.0 -999.0 -999.0 200.4 165.4 151.8 164.1 99.9 88.6 88.5 132.8 167.2 156.9 114.6 128.0 142.5 141.8 108.9 92.6 117.4 63.5 65.2 64.9 84.0 67.9 85.3 77.8 80.6 77.7 77.8 76.2 73.9 70.7 76.8 76.7 77.0 77.8 77.0 78.4 80.7 85.1 90.4 90.4 89.9 92.4 94.4 98.4 101.4 102.3 102.1 103.9 108.3 109.5 110.8 111.6 94.2 135.9 135.2 162.1 176.0 200.7 384.2 396.1 380.6 259.3 224.1 209.2
-999.0 -999.0 -999.0 -999.0 -999.0 -999.0 -999.0 -999.0 -999.0 -999.0 -999.0 -999.0 -999.0 201.3 183.5 195.7 154.4 95.7 87.9 98.4 154.1 183.3 146.0 132.0 148.9 133.0 123.7 98.8 83.8 62.5 61.7 61.7 63.8 63.0 65.1 75.1 79.3 76.7 77.1 70.7 76.2 76.4 73.3 72.6 76.0 77.3 77.2 82.4 79.3 86.5 88.7 90.2 91.2 91.3 86.8 96.1 98.0 102.3 102.2 99.0 106.7 109.2 109.9 113.7 97.9 125.9 124.0 214.8 199.1 194.5 275.0 378.8 379.2 393.5 281.7 253.0
-999.0 -999.0 -999.0 -999.0 -999.0 -999.0 -999.0 -999.0 -999.0 -999.0 -999.0 -999.0 -999.0 -999.0 223.3 201.0 155.9 92.2 91.0 91.5 150.0 176.2 125.1 108.8 123.6 145.8 121.7 102.9 95.4 80.4 65.5 66.3 62.7 65.0 87.3 81.8 81.3 76.6 70.9 73.8 70.0 70.7 77.3 76.7 76.3 78.1 77.2 78.2 77.8 79.1 80.4 87.9 90.6 90.8 91.7 91.7 97.0 96.6 100.8 96.9 105.3 105.8 108.0 110.4 102.2 118.3 155.4 219.5 269.0 311.2 289.7 377.8 379.2 375.3 380.3 390.0
-999.0 -999.0 -999.0 -999.0 -999.0 -999.0 -999.0 -999.0 -999.0 -999.0 -999.0 -999.0 -999.0 -999.0 -999.0 195.8 196.7 150.7 100.8 93.2 98.8 169.1 102.2 122.3 146.1 153.0 146.1 108.6 102.3 86.2 72.4 67.8 64.6 64.8 75.8 77.0 73.9 67.9 68.1 70.7 77.4 76.5 75.7 77.3 77.5 77.7 77.7 78.4 78.3 80.8 81.6 82.1 87.7 89.4 90.7 90.2 93.1 91.8 99.1 97.8 101.7 101.4 105.8 105.8 106.3 103.2 167.0 205.8 374.0 392.7 377.7 377.8 380.3 375.5 378.1 387.3
-999.0 -999.0 -999.0 -999.0 -999.0 -999.0 -999.0 -999.0 -999.0 -999.0 -999.0 -999.0 -999.0 -999.0 -999.0 211.2 213.5 186.2 118.2 92.8 97.5 95.0 89.9 149.3 151.1 150.8 145.3 106.7 104.9 101.1 80.9 61.5 67.9 69.1 71.2 65.9 66.9 63.1 90.8 76.9 75.2 73.0 73.3 77.8 77.0 77.2 77.5 78.6 78.9 80.3 81.0 80.7 82.4 88.1 90.3 89.9 91.7 97.0 96.9 96.9 102.0 102.7 99.4 101.0 101.6 98.5 168.0 275.4 331.8 388.1 376.7 377.8 387.3 377.9 380.3 380.3
-999.0 -999.0 -999.0 -999.0 -999.0 -999.0 -999.0 -999.0 -999.0 -999.0 -999.0 -999.0 -999.0 -999.0 -999.0 204.4 165.7 165.0 100.8 93.4 91.9 96.0 94.8 121.5 150.8 141.7 99.2 110.0 100.8 82.2 75.3 73.0 65.7 68.6 67.0 64.4 71.6 75.6 76.9 71.5 68.2 72.5 76.0 77.1 77.7 77.2 77.8 77.4 78.2 78.5 80.2 80.8 81.6 84.0 90.5 90.2 91.2 91.1 95.8 94.0 97.9 100.2 99.0 102.7 100.5 107.9 173.1 305.8 384.8 376.2 377.7 377.7 380.3 384.3 379.1 394.8
-999.0 -999.0 -999.0 -999.0 -999.0 -999.0 -999.0 -999.0 -999.0 -999.0 -999.0 -999.0 -999.0 -999.0 -999.0 129.2 148.5 105.8 100.9 163.4 173.0 118.4 95.9 106.7 108.6 131.3 153.3 108.6 101.0 81.9 77.3 65.5 61.5 67.1 67.5 63.8 66.8 69.6 70.3 69.8 77.9 76.9 77.6 77.6 77.2 77.3 69.7 77.2 78.0 77.2 77.6 78.4 81.5 87.8 90.4 90.3 90.4 90.6 91.7 93.2 96.9 96.6 97.6 97.6 100.0 107.9 121.0 255.3 384.8 375.2 377.7 377.7 377.8 378.2 380.6 390.0
-999.0 -999.0 -999.0 -999.0 -999.0 -999.0 -999.0 -999.0 -999.0 -999.0 -999.0 -999.0 -999.0 -999.0 -999.0 167.5 97.0 100.8 163.3 198.9 192.1 152.4 95.4 99.9 108.9 166.7 157.9 104.3 104.1 121.5 84.7 83.1 65.1 65.5 66.1 64.4 63.8 67.0 64.7 68.5 78.3 77.4 78.2 77.5 77.5 76.4 77.2 77.2 77.1 77.2 78.4 80.2 79.5 82.1 82.6 88.8 90.4 90.2 92.0 91.8 91.6 96.1 96.9 95.2 100.1 106.1 123.1 211.6 333.7 386.9 387.0 377.7 376.7 391.0 386.5 390.0
-999.0 -999.0 -999.0 -999.0 -999.0 -999.0 -999.0 -999.0 -999.0 -999.0 -999.0 -999.0 -999.0 -999.0 -999.0 94.1 97.3 142.3 162.3 212.0 218.9 184.7 108.7 100.5 150.3 215.8 178.9 133.2 103.0 129.2 116.4 92.3 73.8 65.6 66.4 65.5 59.9 61.6 66.4 67.1 71.0 76.5 77.3 76.0 67.3 66.0 78.0 77.2 75.6 76.2 78.1 78.7 78.4 78.7 81.6 85.2 88.1 90.0 89.9 87.6 91.6 91.7 91.7 95.1 101.5 104.3 92.9 164.2 238.6 378.7 387.0 389.5 377.8 392.5 379.7 385.9
-999.0 -999.0 -999.0 -999.0 -999.0 -999.0 -999.0 -999.0 -999.0 -999.0 -999.0 -999.0 -999.0 -999.0 -999.0 -999.0 164.6 193.5 203.8 199.1 206.0 159.6 112.1 95.5 170.5 209.2 166.8 119.6 148.1 151.4 115.1 103.9 89.6 71.8 69.1 67.8 64.4 61.8 63.0 64.8 70.2 70.4 74.7 73.2 77.2 77.3 76.3 77.2 76.6 77.3 77.1 77.6 78.7 78.4 73.7 81.2 82.4 88.7 87.9 90.4 90.0 91.1 91.1 94.2 99.9 108.5 109.2 150.6 215.1 246.6 377.7 377.7 387.0 390.5 377.7 380.5
-999.0 -999.0 -999.0 -999.0 -999.0 -999.0 -999.0 -999.0 -999.0 -999.0 -999.0 -999.0 -999.0 -999.0 -999.0 -999.0 193.6 294.4 299.1 244.1 202.7 185.4 150.6 94.0 128.3 187.3 155.8 162.7 158.9 141.3 178.7 119.5 102.4 83.5 73.7 69.9 68.8 63.8 59.4 61.6 70.7 69.6 70.3 70.3 76.5 76.5 73.0 73.6 77.2 77.3 76.6 77.1 77.1 77.5 77.5 80.1 79.9 81.7 88.7 85.4 90.3 90.6 90.8 91.7 100.4 107.7 103.7 127.1 178.5 270.4 376.2 377.7 388.4 387.7 398.4 380.8
-999.0 -999.0 -999.0 -999.0 -999.0 -999.0 -999.0 -999.0 -999.0 -999.0 -999.0 -999.0 -999.0 -999.0 -999.0 -999.0 193.7 296.6 338.3 317.6 229.7 200.7 173.4 100.2 142.8 190.5 203.4 214.0 150.7 142.5 121.4 108.3 104.1 99.6 99.5 74.2 68.8 65.3 62.9 69.4 68.4 67.4 70.4 72.8 75.6 70.5 76.1 76.8 77.3 76.4 76.9 78.1 78.0 77.2 77.8 78.4 78.4 79.9 80.4 80.0 82.6 82.7 90.3 91.1 96.7 101.8 106.4 109.4 133.9 242.8 288.1 377.7 377.7 395.4 380.1 384.4
-999.0 -999.0 -999.0 -999.0 -999.0 -999.0 -999.0 -999.0 -999.0 -999.0 -999.0 -999.0 -999.0 -999.0 -999.0 -999.0 193.4 205.4 339.5 321.3 296.9 217.3 198.2 145.2 146.8 216.0 215.6 199.1 209.3 160.1 164.9 101.6 113.4 100.5 101.2 78.5 66.0 62.6 68.5 63.6 65.3 64.7 66.7 69.5 70.3 77.4 76.3 76.8 76.9 76.8 76.8 77.4 77.1 77.2 77.2 78.1 78.3 78.7 78.3 82.1 80.4 82.3 83.9 90.5 91.8 95.9 100.9 106.6 92.9 152.1 204.4 387.0 377.7 378.3 382.6 386.6
-999.0 -999.0 -999.0 -999.0 -999.0 -999.0 -999.0 -999.0 -999.0 -999.0 -999.0 -999.0 -999.0 -999.0 -999.0 -999.0 254.4 295.5 336.2 249.5 247.8 199.8 161.1 97.9 133.8 190.9 202.2 214.3 237.2 207.4 155.7 115.8 101.9 91.1 100.7 87.8 73.2 69.1 63.8 62.7 66.4 68.6 70.6 70.5 73.9 74.8 73.7 75.4 77.0 77.3 76.0 75.3 77.2 77.1 77.2 77.7 77.7 77.5 78.0 77.5 78.9 81.7 85.6 82.4 89.6 91.0 96.6 102.0 109.3 119.6 200.2 256.8 387.0 387.6 391.9 388.7
-999.0 -999.0 -999.0 -999.0 -999.0 -999.0 -999.0 -999.0 -999.0 -999.0 -999.0 -999.0 -999.0 -999.0 -999.0 -999.0 250.8 353.8 357.8 252.9 188.8 186.2 126.7 94.9 119.7 170.8 215.3 231.7 203.3 221.2 152.7 111.4 112.3 111.8 104.7 101.8 80.0 71.7 71.1 68.5 57.1 66.8 69.6 70.1 76.1 73.7 74.5 74.1 76.3 72.1 74.5 77.1 77.3 77.1 77.1 77.3 76.7 77.1 77.7 78.2 78.3 80.2 78.5 80.2 83.5 89.7 90.1 92.4 102.4 110.5 94.6 177.0 214.8 390.0 391.5 390.7
-999.0 -999.0 -999.0 -999.0 -999.0 -999.0 -999.0 -999.0 -999.0 -999.0 -999.0 -999.0 -999.0 -999.0 -999.0 -999.0 241.6 351.9 356.9 249.2 193.9 155.2 134.1 201.2 166.9 148.6 196.9 240.8 199.2 162.3 119.8 150.2 131.2 145.2 100.0 114.4 97.1 87.5 91.9 79.7 69.9 64.7 72.1 68.9 71.1 73.0 70.1 71.1 71.9 75.8 77.0 76.9 77.4 77.4 77.1 77.2 77.2 78.1 77.2 77.5 78.2 78.7 77.7 78.7 80.2 81.7 86.5 90.4 94.2 99.6 106.1 152.2 173.0 210.0 286.1 383.4
-999.0 -999.0 -999.0 -999.0 -999.0 -999.0 -999.0 -999.0 -999.0 -999.0 -999.0 -999.0 -999.0 -999.0 -999.0 204.4 347.2 292.1 300.3 246.3 187.7 157.1 176.5 205.9 214.8 163.2 201.8 222.6 208.8 190.2 164.4 187.9 178.9 172.7 146.5 104.6 115.5 105.5 101.2 82.0 68.1 67.2 64.9 63.9 64.2 62.7 70.2 73.9 73.6 76.7 76.5 75.4 75.8 78.0 77.4 77.3 77.6 77.3 77.2 77.6 63.9 78.7 78.7 78.6 78.4 81.0 80.8 88.6 91.2 97.8 103.8 85.6 114.8 157.1 209.2 250.9
-999.0 -999.0 -999.0 -999.0 -999.0 -999.0 -999.0 -999.0 -999.0 -999.0 -999.0 -999.0 -999.0 -999.0 -999.0 229.6 330.8 321.5 234.8 246.7 197.8 156.4 230.6 263.4 199.8 187.9 202.4 216.6 207.7 149.3 160.3 192.5 190.1 196.5 179.6 150.2 135.4 117.2 99.4 84.8 71.3 68.7 66.4 66.5 64.7 60.6 76.3 72.3 71.3 73.0 76.8 75.4 76.8 77.2 77.2 76.7 77.3 77.0 76.9 61.5 77.2 78.4 77.2 78.2 70.0 77.7 79.5 87.9 90.7 91.2 101.7 109.6 106.3 144.0 163.1 194.3
-999.0 -999.0 -999.0 -999.0 -999.0 -999.0 -999.0 -999.0 -999.0 -999.0 -999.0 -999.0 -999.0 -999.0 170.7 319.4 328.0 168.4 169.8 164.7 161.5 176.3 263.1 317.4 261.6 193.2 216.1 214.8 209.2 201.8 170.6 201.8 207.0 194.2 175.3 190.5 152.6 93.6 113.7 111.0 68.3 74.6 72.0 65.8 65.3 64.0 73.7 75.9 75.8 76.3 77.1 75.9 76.1 77.3 77.3 76.8 76.9 77.3 61.6 77.2 77.6 77.2 78.6 78.3 81.6 80.8 75.8 86.9 89.9 92.6 95.9 107.5 105.8 121.6 154.3 184.6
-999.0 -999.0 -999.0 -999.0 -999.0 -999.0 -999.0 -999.0 -999.0 -999.0 -999.0 -999.0 -999.0 -999.0 346.2 348.5 250.4 326.9 192.2 177.1 253.4 163.7 259.3 321.0 328.4 257.2 213.6 226.5 232.2 208.5 200.8 212.1 211.3 206.2 163.5 147.3 151.1 96.7 97.8 75.8 81.5 79.1 80.8 72.4 65.0 69.9 70.4 73.5 73.9 76.3 76.9 76.8 77.1 77.2 77.3 77.0 76.8 76.9 77.5 78.1 77.8 77.6 78.7 77.4 77.2 80.2 88.6 90.8 90.6 91.9 95.0 101.0 112.0 109.5 152.4 163.4
-999.0 -999.0 -999.0 -999.0 -999.0 -999.0 -999.0 -999.0 -999.0 -999.0 -999.0 -999.0 -999.0 338.4 355.2 347.8 349.7 344.9 170.7 303.6 247.3 186.6 236.3 266.1 352.1 290.8 256.0 265.0 251.4 248.3 213.3 214.1 199.7 201.5 197.6 119.9 137.1 134.0 108.8 83.9 80.8 91.4 87.0 94.1 71.9 91.1 62.5 62.4 73.7 75.9 76.2 76.1 77.1 77.4 76.1 74.2 76.6 76.9 77.4 76.6 77.1 77.5 78.7 78.3 82.3 84.2 90.3 90.0 91.9 91.6 102.0 102.5 110.6 111.2 89.2 144.0
-999.0 -999.0 -999.0 -999.0 -999.0 -999.0 -999.0 -999.0 -999.0 -999.0 -999.0 -999.0 -999.0 229.1 346.1 357.1 346.3 327.7 216.9 344.3 342.6 207.9 216.4 355.2 360.9 211.1 203.1 224.1 275.4 203.1 201.0 213.1 166.7 163.4 160.6 126.3 106.1 104.8 89.4 86.4 107.0 113.0 100.0 97.6 97.3 74.0 109.4 115.5 70.1 73.7 68.7 73.0 76.9 76.1 76.1 65.6 76.3 75.5 77.4 77.1 77.6 78.7 80.0 80.1 80.3 84.6 88.8 89.7 91.1 95.0 97.5 102.6 110.3 109.5 109.4 91.5
-999.0 -999.0 -999.0 -999.0 -999.0 -999.0 -999.0 -999.0 -999.0 -999.0 -999.0 -999.0 -999.0 204.2 300.8 346.2 342.4 264.2 316.7 333.1 356.9 212.5 275.1 349.5 355.2 256.4 200.4 199.5 242.2 213.5 199.4 208.4 181.0 158.8 114.8 120.9 111.1 89.8 101.6 110.0 129.5 112.1 106.1 101.8 100.9 84.6 107.0 112.9 66.9 70.7 75.5 77.0 76.5 75.1 76.3 75.4 75.7 75.8 78.0 77.2 77.2 76.7 78.7 80.3 82.1 82.4 90.6 89.7 91.6 95.6 97.7 102.7 108.0 109.2 111.7 89.9
-999.0 -999.0 -999.0 -999.0 -999.0 -999.0 -999.0 -999.0 -999.0 -999.0 -999.0 -999.0 -999.0 339.8 339.3 341.3 344.9 342.4 342.8 344.9 284.1 210.7 346.5 343.3 294.5 186.1 162.8 154.8 195.7 232.7 209.0 146.1 164.3 163.6 145.7 101.8 100.9 101.6 116.1 151.8 166.8 114.2 105.0 102.4 100.9 91.3 116.5 100.0 94.7 74.2 63.7 72.6 77.4 77.4 63.4 75.4 75.6 76.1 76.1 77.2 72.3 78.1 81.9 81.0 82.0 89.2 90.5 89.3 87.7 97.2 91.9 102.8 105.0 107.5 110.1 125.0
-999.0 -999.0 -999.0 -999.0 -999.0 -999.0 -999.0 -999.0 -999.0 -999.0 -999.0 -999.0 -999.0 338.9 339.7 337.6 341.8 340.7 342.7 341.4 344.8 340.8 359.5 347.1 244.1 285.9 238.6 155.5 101.7 142.4 134.8 114.5 108.4 99.2 95.4 94.8 119.7 94.6 110.0 119.9 153.8 135.4 148.3 113.7 108.3 101.4 102.0 136.2 110.5 70.5 77.7 77.0 68.9 70.2 61.4 75.9 77.1 77.0 77.5 77.3 77.4 78.5 78.6 78.4 80.8 83.2 89.0 89.0 90.1 95.8 99.0 102.6 104.5 111.8 110.8 97.3
