GSP_annual_reports_PET_2024_v1/GIS/PET_2023_Spring_Deep.tif
NCOLS 191
NROWS  209
XLLCORNER 6295515.91401
YLLCORNER 1783415.49397
CELLSIZE 1000.0
NODATA_VALUE -999
[rows 99 to 131 of 209, columns 76 to 151 of 191]
140.9 160.6 158.5 203.6 255.4 363.0 404.5 417.8 405.7 423.5 414.8 416.5 416.5 419.4 420.1 439.4 422.6 432.8 432.8 432.5 432.5 433.0 433.0 433.0 433.4 433.4 433.4 433.4 433.4 434.8 441.9 434.4 442.8 437.1 434.5 445.0 297.2 242.3 233.0 187.6 204.4 308.0 294.9 212.8 236.2 223.6 213.0 219.0 430.8 430.8 429.8 427.1 428.4 428.4 427.7 427.7 422.1 423.1 424.3 424.3 424.3 427.8 426.7 425.6 429.5 430.6 430.6 436.0 430.9 430.9 430.9 430.7 430.7 430.7 430.7 429.5
134.1 158.1 162.6 173.0 211.2 275.1 367.0 415.6 419.4 407.1 414.7 425.7 429.8 420.5 421.2 423.2 423.8 431.6 432.8 432.5 432.5 433.0 433.0 433.0 433.4 432.3 432.1 432.3 433.4 435.9 434.8 434.8 444.7 434.3 434.5 434.5 435.3 310.5 234.5 185.7 391.4 235.5 236.4 189.2 204.9 226.5 215.9 224.8 311.5 430.8 430.8 428.4 428.4 428.4 427.7 427.7 421.9 423.1 423.2 424.3 424.3 423.1 427.8 426.7 426.8 429.5 430.6 430.6 429.7 430.9 430.9 430.9 443.6 429.6 430.7 430.7
117.4 146.7 176.9 218.4 217.6 269.5 406.0 403.3 410.2 408.7 429.8 416.7 429.2 419.4 421.3 428.5 422.6 432.8 433.1 432.5 432.5 431.8 433.0 431.8 433.4 433.4 436.5 433.4 432.1 435.9 435.9 446.4 439.3 442.1 441.3 433.4 442.8 293.9 240.9 229.1 190.8 194.9 185.3 199.8 178.6 191.7 190.7 213.2 293.6 430.8 429.8 428.4 428.4 428.4 427.7 427.7 422.1 427.4 424.3 424.3 424.3 430.8 424.2 426.7 426.7 429.2 430.6 430.6 430.6 429.6 429.7 430.9 431.7 430.7 430.7 430.7
98.0 92.2 176.4 208.1 225.6 274.2 400.1 415.3 402.8 405.9 408.4 416.3 418.2 420.5 417.9 421.0 440.5 439.8 433.1 432.5 432.5 431.8 432.0 431.8 434.2 433.4 432.3 433.4 433.4 435.9 435.9 434.8 446.8 433.2 446.4 434.5 343.1 342.1 293.7 223.2 159.0 172.8 170.2 192.4 175.4 171.6 198.3 190.2 216.4 404.9 430.8 428.4 428.4 427.3 427.7 427.7 423.1 422.1 424.3 424.3 423.1 423.2 423.1 424.2 426.7 426.7 429.5 430.6 430.6 429.7 430.9 429.8 430.9 429.5 429.5 430.7
100.0 119.3 162.3 227.4 239.7 250.0 302.7 400.8 405.4 408.8 411.0 431.1 415.1 418.3 417.9 427.4 423.8 432.8 445.1 435.2 431.5 431.8 433.0 445.3 444.9 432.3 433.4 432.3 433.4 435.9 435.9 439.9 439.3 434.4 435.3 433.4 444.4 431.5 442.7 269.1 193.6 183.1 173.8 151.2 173.5 201.6 167.8 146.8 206.2 227.5 430.8 433.8 429.9 427.3 426.4 427.7 422.1 423.1 424.3 424.3 423.1 424.3 432.1 424.3 426.7 425.5 429.2 429.3 431.4 429.5 429.6 429.8 429.8 430.9 429.5 430.7
138.6 177.9 218.9 180.1 231.5 260.6 298.9 404.2 423.8 407.5 411.7 425.7 426.6 417.1 431.6 421.0 429.3 432.8 431.5 445.7 432.5 433.0 433.0 441.4 432.1 433.4 432.1 433.4 433.4 435.9 435.9 434.8 433.6 446.6 443.4 446.5 434.5 431.2 442.7 297.3 264.4 201.6 195.0 158.5 156.0 161.1 148.1 156.6 185.2 255.9 437.9 428.4 428.4 427.3 433.1 427.7 423.1 423.1 424.3 423.1 424.3 424.3 423.1 424.3 423.2 426.7 426.7 437.0 430.6 439.6 429.5 426.6 429.7 430.9 430.9 430.7
147.3 166.3 186.5 234.5 237.4 271.3 293.4 405.1 407.4 410.4 413.5 413.9 415.4 418.3 417.9 425.3 429.0 431.4 431.5 432.5 446.9 431.8 432.0 433.8 446.2 432.1 433.4 433.4 446.5 434.6 434.8 434.8 434.8 434.3 433.3 439.9 431.1 432.4 444.5 345.4 254.9 293.4 213.5 148.6 133.5 149.5 149.4 159.6 185.2 217.9 222.9 222.0 428.4 428.4 427.7 428.4 430.7 423.1 423.1 423.2 424.3 423.2 424.3 424.3 424.3 427.8 426.7 429.2 430.6 430.6 430.6 436.7 430.9 430.9 429.8 429.8
161.4 166.6 186.7 198.6 237.6 241.4 251.9 424.1 409.1 416.7 413.0 416.4 415.3 422.9 419.0 421.9 422.4 432.6 432.7 437.9 433.2 433.0 432.0 432.0 432.3 432.1 432.2 433.4 433.4 435.9 434.8 434.8 434.4 434.5 439.9 432.9 432.0 431.3 450.6 401.0 228.6 190.5 210.2 146.1 118.2 125.2 131.4 155.5 155.8 194.7 291.5 433.8 428.4 427.3 427.7 427.7 429.0 430.3 424.3 424.3 423.1 423.2 424.3 424.3 424.3 423.1 426.7 435.0 430.3 430.6 429.5 430.6 436.3 430.9 430.9 430.9
160.6 167.8 191.6 210.4 241.5 244.9 240.9 281.7 394.1 417.1 413.8 430.0 415.3 419.0 417.7 438.5 423.6 432.6 431.5 435.6 435.6 433.0 433.8 449.4 432.1 438.8 433.4 438.8 432.3 434.6 434.8 434.4 433.4 433.3 433.3 432.0 430.7 431.1 432.4 286.2 222.9 192.5 169.8 164.0 163.0 128.4 126.2 148.2 159.4 209.1 297.3 427.1 427.3 427.1 427.7 427.7 422.1 426.2 428.5 423.2 424.3 424.3 423.1 424.3 424.3 424.0 424.2 426.7 429.2 438.9 430.6 430.6 430.6 439.8 429.7 430.9
160.8 168.0 191.8 210.8 245.1 227.0 237.0 284.3 392.2 401.7 413.8 416.4 416.4 418.1 425.8 421.9 423.6 432.6 438.2 432.5 432.5 445.3 433.0 439.8 445.6 445.6 432.1 438.5 433.4 434.8 433.7 434.4 433.3 434.5 430.7 432.0 432.0 432.4 426.0 365.4 229.2 230.7 224.2 177.8 144.6 105.0 124.5 122.3 143.6 178.5 216.4 358.7 428.4 428.4 426.6 429.9 421.9 423.1 422.9 424.3 424.3 424.3 433.3 424.3 424.3 422.9 424.3 426.7 426.7 438.6 436.0 430.6 430.6 430.6 439.2 438.4
159.5 156.0 185.7 213.4 243.4 213.6 288.2 296.9 314.0 388.2 417.0 416.4 416.4 417.0 417.7 421.9 423.6 432.6 432.7 431.2 432.5 433.0 432.0 447.3 445.6 432.1 440.2 433.4 432.1 433.7 434.4 433.3 434.5 432.0 432.0 432.0 432.0 432.4 428.7 348.9 288.3 231.0 225.5 191.2 162.7 109.2 116.5 113.6 123.2 149.3 185.7 220.5 255.8 433.5 426.4 427.7 421.9 427.4 424.3 424.3 424.3 424.3 425.0 424.3 423.1 424.3 424.3 424.2 426.7 426.7 429.5 436.0 430.6 430.6 429.5 431.5
131.0 155.3 216.0 236.3 227.5 275.6 285.7 357.4 410.3 410.4 412.6 416.4 416.4 417.0 425.8 421.9 423.6 432.6 432.7 431.2 432.5 433.0 445.3 445.2 441.7 432.1 432.1 432.1 431.1 434.8 433.4 434.5 430.7 432.0 432.0 432.0 432.0 433.5 429.9 326.6 285.7 283.6 225.2 195.7 172.8 148.3 108.1 105.2 106.0 121.2 163.1 242.0 221.3 433.5 427.7 426.6 423.1 423.1 424.3 424.3 423.2 424.3 429.7 424.3 423.2 429.7 424.3 424.3 425.6 426.7 429.2 429.5 430.6 429.3 430.6 430.6
126.4 190.2 215.1 237.2 232.8 226.2 282.5 326.5 345.2 411.4 414.7 416.4 419.6 418.1 418.8 420.8 422.4 441.5 432.7 445.7 432.5 440.8 433.0 433.8 434.2 434.2 432.1 445.6 445.4 434.4 442.1 442.3 432.0 432.0 432.0 432.0 432.0 429.9 430.0 359.0 309.4 224.1 227.9 201.6 166.8 135.2 104.6 102.9 103.2 103.9 119.6 174.0 213.4 327.0 427.7 426.6 422.1 423.1 425.5 423.2 433.0 423.2 424.3 424.3 423.1 424.3 424.3 424.3 424.2 426.7 426.7 429.2 428.3 429.5 430.6 431.4
114.5 187.0 227.6 186.6 234.5 203.4 218.8 233.6 281.1 409.7 422.3 417.3 415.3 417.0 417.7 420.8 423.6 433.5 431.5 452.0 432.5 431.7 433.0 432.0 433.4 445.6 435.9 432.3 430.9 445.6 435.3 430.7 432.0 432.0 432.0 432.0 429.5 430.0 428.7 438.3 346.8 279.0 227.1 180.5 177.5 123.1 121.7 96.1 96.1 92.6 114.0 112.4 262.5 215.8 326.3 426.4 423.1 432.2 423.2 424.3 432.6 424.3 423.2 423.1 424.3 424.3 424.3 424.3 424.3 429.7 426.7 426.7 429.2 440.7 430.6 440.2
84.0 155.3 107.4 98.9 156.6 168.6 243.7 232.6 281.5 409.7 424.4 415.3 416.4 420.0 418.8 421.9 438.0 432.6 447.2 440.8 432.5 445.2 443.5 431.8 434.2 433.4 437.5 437.8 431.0 435.3 430.9 432.0 432.0 432.0 432.0 429.5 429.5 428.7 430.0 384.6 293.6 288.4 221.6 222.6 168.5 123.9 115.4 95.2 88.7 84.6 98.5 104.5 198.1 217.3 237.6 427.7 423.1 423.1 424.3 424.3 423.2 424.3 424.3 423.2 423.2 423.1 424.3 424.3 424.3 423.1 424.2 426.7 426.7 430.0 429.5 430.6
118.6 118.0 110.6 92.7 168.2 214.8 216.8 220.9 255.3 388.1 413.1 417.3 416.4 418.1 418.8 435.7 422.4 431.4 432.7 431.4 431.4 440.8 446.2 433.0 432.3 438.5 440.6 432.0 430.8 430.9 440.8 432.8 430.7 432.0 433.1 428.5 429.6 430.0 430.0 430.0 393.4 239.4 259.7 228.5 189.5 168.6 120.7 106.8 83.9 85.2 88.8 115.6 109.9 175.3 181.3 290.1 217.1 329.5 424.3 424.3 423.2 424.3 423.1 423.1 424.3 423.2 424.3 423.2 424.3 424.3 433.0 424.2 426.7 426.7 428.0 429.5
116.1 74.7 80.7 74.7 176.0 200.5 201.2 224.2 225.8 314.0 421.4 432.7 416.2 433.8 427.3 436.4 426.8 431.4 431.5 432.5 431.4 431.7 433.0 433.0 445.6 431.3 444.2 440.5 429.6 430.7 430.9 440.2 430.9 432.0 428.5 429.6 429.6 430.0 430.0 430.0 430.0 258.0 228.9 226.2 202.1 164.1 122.0 106.2 87.5 87.4 85.0 85.0 118.9 114.7 170.6 135.4 217.4 324.0 424.3 424.3 424.3 424.3 424.3 349.6 294.0 376.9 423.1 424.3 423.1 424.3 423.2 424.3 424.2 426.7 426.7 426.8
118.8 106.6 88.1 118.3 114.7 205.2 193.9 235.9 244.2 304.5 408.9 430.8 425.7 419.0 416.6 442.2 423.6 432.6 432.7 431.2 432.5 431.9 433.0 433.0 432.3 437.1 439.7 430.8 428.4 430.7 432.0 432.0 438.1 431.4 429.5 429.6 428.5 436.8 430.0 434.7 430.0 293.3 226.1 213.7 200.2 173.3 121.1 108.0 90.9 85.2 54.9 83.1 104.3 115.6 111.4 209.9 414.9 423.1 423.2 423.2 424.3 413.0 214.8 194.1 424.3 424.3 423.1 424.3 424.3 430.8 424.3 424.3 424.3 423.2 426.7 426.7
121.1 111.9 118.9 115.7 112.6 190.3 189.9 232.6 244.3 302.1 315.5 384.7 424.2 433.4 416.6 420.9 422.4 431.4 445.0 432.5 432.8 446.2 433.0 444.1 432.3 432.0 445.1 443.9 436.5 432.0 432.0 430.7 441.9 429.5 429.6 429.6 428.5 430.0 430.0 430.0 430.0 430.0 214.3 202.0 179.7 169.8 121.4 106.5 87.1 85.4 84.0 84.2 97.7 93.6 110.4 129.6 374.7 423.1 422.9 431.8 322.9 208.4 179.5 207.0 425.0 404.2 424.3 424.3 285.0 424.3 424.3 431.5 424.3 425.0 423.2 426.7
100.4 113.9 120.8 125.0 121.8 140.4 112.4 230.3 273.3 273.9 319.3 336.6 417.6 416.4 439.0 431.2 434.8 430.4 438.2 431.2 431.4 440.8 431.9 431.9 432.0 432.0 428.6 429.5 429.5 435.1 432.0 423.6 432.1 427.7 429.6 438.7 437.9 430.0 430.0 430.0 430.0 428.9 224.2 179.3 172.9 159.5 120.9 102.6 94.7 80.0 80.3 51.1 75.3 75.5 123.2 215.5 267.6 431.5 424.3 293.8 396.2 398.1 218.7 375.2 424.3 301.9 296.3 291.8 423.2 292.7 423.2 425.0 423.2 427.4 423.1 423.1
99.3 107.5 93.3 102.8 117.9 110.5 183.4 200.3 211.8 230.1 296.0 376.6 407.3 425.4 415.4 437.7 440.4 446.9 431.6 430.3 430.3 430.6 431.6 431.6 430.8 429.6 428.4 429.5 428.3 430.7 432.0 437.4 429.5 429.5 435.0 438.7 438.7 430.7 430.7 428.7 428.9 252.1 212.6 173.8 149.0 125.6 112.7 84.5 82.0 78.3 76.0 52.2 77.8 93.8 75.0 79.3 96.7 214.2 253.0 209.4 423.2 308.0 220.1 200.6 256.4 215.0 227.7 209.2 218.0 376.9 424.3 348.7 424.3 424.3 424.3 424.3
98.8 101.4 98.1 93.0 126.4 118.2 97.3 167.3 175.5 225.8 230.2 293.8 396.6 426.6 415.3 392.6 441.3 435.8 447.8 437.9 436.2 430.3 434.1 431.6 428.6 439.4 429.5 437.1 436.6 430.7 432.0 431.9 428.5 434.7 429.6 444.2 438.7 439.1 430.0 428.7 430.0 299.5 288.8 159.0 134.5 121.9 105.4 91.9 75.3 81.7 67.6 50.0 63.4 81.7 76.6 76.5 77.6 155.7 154.0 108.9 264.4 268.6 173.2 95.9 102.4 113.6 133.1 106.9 161.6 251.4 294.4 325.1 356.4 428.5 433.0 429.7
78.4 86.8 84.0 98.4 92.6 91.0 119.2 122.2 129.8 197.0 212.8 229.8 290.6 358.4 294.2 433.5 434.5 445.4 439.0 438.7 429.8 444.3 432.7 428.1 436.5 428.3 428.3 428.4 429.5 430.9 430.9 432.5 428.3 429.6 431.1 438.7 438.7 439.1 430.0 429.2 430.0 266.0 224.6 167.3 158.1 126.6 115.2 96.5 77.7 75.8 66.8 63.4 64.4 72.9 75.0 67.4 64.6 63.9 72.9 76.9 105.2 110.1 101.4 84.3 97.8 100.1 115.2 143.4 142.7 271.8 216.2 344.9 423.1 426.5 424.3 422.9
61.6 69.6 72.7 85.9 100.6 94.8 116.1 173.5 162.4 164.4 170.5 203.7 218.0 286.8 301.4 435.1 444.1 432.8 444.0 436.5 429.8 444.7 440.3 429.8 429.5 430.3 429.5 429.5 432.6 430.9 433.1 437.3 428.3 429.6 428.5 437.2 438.6 439.3 397.4 430.0 430.0 226.6 228.5 173.6 170.0 137.9 115.8 95.4 77.7 78.7 62.4 60.5 59.4 50.0 61.0 62.0 54.7 60.3 65.0 70.5 75.7 75.6 72.7 71.3 76.9 90.3 109.2 112.9 130.5 218.5 358.4 308.2 346.0 423.1 424.3 431.1
58.7 62.3 67.2 72.9 83.5 108.8 125.5 158.7 126.3 186.1 223.4 231.5 245.6 233.0 307.0 423.0 284.6 450.0 439.3 427.5 442.6 436.7 429.1 448.5 429.5 429.5 428.3 445.5 428.4 430.9 431.9 429.5 428.3 428.5 428.5 429.6 428.3 439.1 444.6 291.1 252.5 222.5 215.0 198.4 162.9 146.8 120.8 89.2 72.5 76.3 61.5 55.5 59.5 58.5 60.1 57.3 62.3 56.9 58.4 56.4 59.4 62.0 71.1 71.1 73.3 56.4 83.5 108.6 114.7 103.7 210.8 285.6 340.7 430.1 424.3 424.3
51.0 60.2 62.9 66.9 71.3 73.1 118.7 151.8 123.3 141.2 188.7 223.6 221.1 238.4 234.9 287.0 256.6 336.9 305.0 437.1 425.8 427.4 426.0 426.2 434.7 426.5 427.7 427.7 427.7 430.2 430.1 427.8 427.8 427.8 427.8 426.6 427.8 427.0 437.4 297.7 218.7 223.7 207.0 192.7 167.7 156.4 120.4 96.7 68.0 75.1 61.4 58.8 61.7 61.4 60.1 61.2 57.9 58.1 60.0 56.5 56.6 59.3 71.1 71.0 70.6 70.5 63.0 73.4 71.0 177.0 281.5 273.6 290.6 423.2 424.3 423.1
47.9 63.3 58.3 77.3 81.1 84.2 115.1 143.1 141.9 131.7 154.6 206.0 216.5 220.2 224.7 231.8 286.4 234.1 280.7 439.2 442.6 426.2 441.8 426.0 427.7 427.7 427.7 434.5 426.5 430.2 436.5 427.7 427.8 427.8 426.6 426.6 426.8 427.2 427.0 315.6 256.4 223.2 220.9 211.1 169.8 133.4 120.2 84.3 68.0 77.8 61.3 62.9 60.2 55.9 55.5 54.6 54.2 52.9 56.3 59.9 58.3 54.6 58.7 60.0 71.0 74.1 71.7 67.7 69.2 155.8 245.9 284.5 296.5 424.3 424.3 424.3
53.1 90.0 78.3 77.4 100.4 94.1 92.5 113.9 13.0 104.6 155.9 189.7 183.2 195.5 197.5 240.8 227.9 238.9 277.2 288.6 325.9 437.8 428.9 439.2 427.7 438.4 436.1 427.7 427.7 429.2 430.3 426.7 427.8 431.3 427.8 426.8 429.4 427.0 428.2 285.3 271.4 259.2 246.3 255.4 140.8 126.6 107.7 68.3 68.0 66.3 57.5 58.4 51.9 51.5 51.1 50.9 51.1 49.6 48.8 49.7 52.3 55.8 53.3 52.9 56.4 55.5 51.2 67.6 64.4 136.4 213.3 378.6 284.5 424.3 423.2 423.1
95.4 61.6 98.2 57.5 80.0 62.1 100.9 89.4 146.5 115.6 144.4 158.3 157.4 166.6 220.5 215.0 230.1 203.9 282.4 237.2 315.9 355.3 446.6 423.7 437.7 426.4 427.7 435.4 437.7 430.2 429.2 437.8 427.8 426.6 428.6 426.8 426.8 429.0 429.0 428.2 265.2 255.3 230.4 252.4 122.8 104.1 78.1 56.3 67.5 61.9 51.0 57.2 51.2 50.7 50.9 52.1 52.4 50.4 50.5 49.8 49.7 50.0 49.8 53.6 52.2 52.6 51.9 59.4 45.0 96.7 149.4 302.7 423.2 424.3 424.3 420.9
55.2 52.1 59.7 59.0 69.3 63.9 67.9 91.5 149.4 116.4 117.7 119.6 154.1 183.8 212.0 244.2 194.4 213.9 216.3 229.6 270.6 277.8 290.6 349.1 425.4 433.0 427.2 436.6 434.7 426.0 427.2 425.5 423.7 423.8 431.7 423.8 424.8 428.2 428.2 428.2 266.1 217.0 258.9 221.1 97.6 53.3 54.8 65.7 68.1 56.2 54.3 53.9 50.6 49.9 49.9 48.3 50.4 45.6 48.3 46.4 47.1 47.3 48.1 49.1 49.9 51.9 54.8 55.6 53.6 66.9 97.8 216.0 424.3 424.3 424.3 424.0
31.2 34.7 39.1 41.7 51.5 49.5 57.0 76.9 139.6 69.6 93.6 105.9 119.8 118.0 210.4 197.6 160.0 222.6 221.3 221.5 285.6 277.4 275.4 305.6 414.1 432.9 435.4 436.6 424.4 429.8 426.7 428.0 425.4 425.5 433.8 426.2 425.5 437.2 428.9 428.9 264.1 220.7 219.2 205.4 80.8 67.8 67.9 69.6 58.2 61.1 57.6 51.4 48.9 50.6 52.1 46.9 46.1 45.6 44.9 49.9 46.0 44.3 44.3 47.7 48.2 47.6 48.4 51.6 53.6 54.4 73.7 174.7 291.8 423.9 423.7 424.9
20.0 25.4 28.3 34.3 38.3 42.2 47.4 59.4 85.1 87.8 19.9 19.2 61.7 19.1 141.4 197.2 162.8 200.8 214.8 168.1 201.9 216.6 202.9 249.2 291.8 347.7 434.0 427.2 428.4 427.9 437.2 436.7 424.4 425.4 425.5 425.5 430.6 428.9 428.9 428.9 310.3 208.2 188.1 217.4 96.9 68.6 67.9 62.6 57.9 61.3 51.5 49.6 52.6 45.7 44.6 50.0 44.5 44.0 46.0 47.8 47.0 48.0 47.6 43.2 43.5 43.9 46.7 47.6 47.6 48.9 51.2 75.0 178.9 433.7 433.1 425.7
18.4 26.0 24.2 30.5 34.8 39.3 41.0 54.1 61.9 75.4 88.7 78.7 48.1 47.5 -19.6 118.0 151.0 201.0 196.9 139.3 206.6 203.1 236.2 219.3 229.9 253.7 263.6 426.0 433.5 432.9 438.0 413.9 437.4 426.0 424.8 426.0 426.0 422.7 429.5 429.5 429.5 259.1 195.0 160.0 132.3 46.5 54.0 67.0 58.3 56.2 55.2 50.6 46.3 48.4 47.1 44.9 48.2 47.9 47.2 46.1 47.6 41.7 45.7 47.4 45.7 48.7 44.8 45.1 45.9 48.3 54.3 64.3 106.7 181.9 324.0 425.5
