GSP_annual_reports_PET_2024_v1/GIS/PET_2022_Fall_Deep.tif
NCOLS 191
NROWS  209
XLLCORNER 6295515.91401
YLLCORNER 1783415.49397
CELLSIZE 1000.0
NODATA_VALUE -999
[rows 170 to 203 of 209, columns 76 to 151 of 191]
-999.0 -999.0 -999.0 -999.0 -999.0 -999.0 -999.0 -999.0 -999.0 -999.0 -999.0 124.7 133.6 334.2 333.2 336.2 337.0 340.2 336.7 335.7 335.7 337.8 138.0 94.8 34.8 59.0 11.6 23.3 35.4 2.4 2.4 2.6 2.6 2.9 3.0 2.6 2.2 2.2 2.3 2.9 9.6 10.2 12.4 17.8 22.6 29.1 80.7 96.4 125.0 139.4 210.7 200.8 148.2 211.9 223.6 218.6 36.5 59.1 26.2 9.4 4.4 3.6 4.5 4.1 4.2 4.0 4.0 4.0 4.5 3.4 4.1 4.3 4.2 4.3 4.2 4.2
-999.0 -999.0 -999.0 -999.0 -999.0 -999.0 -999.0 -999.0 -999.0 -999.0 -999.0 -999.0 -999.0 324.6 333.2 337.0 335.6 335.0 335.3 334.3 334.3 192.5 178.8 241.1 124.0 12.9 3.0 7.8 10.4 3.6 2.6 2.7 2.6 2.8 2.5 2.3 2.1 2.1 2.2 2.2 2.0 10.2 10.9 12.4 16.9 22.9 46.0 68.0 120.5 136.4 193.1 131.5 147.5 178.5 216.2 220.4 195.5 66.6 32.3 10.6 4.7 3.5 4.6 4.0 4.0 3.8 3.7 3.9 4.0 3.7 3.1 3.1 2.7 4.0 4.6 3.1
-999.0 -999.0 -999.0 -999.0 -999.0 -999.0 -999.0 -999.0 -999.0 -999.0 -999.0 -999.0 -999.0 -999.0 -999.0 334.8 336.4 335.0 335.3 335.3 334.3 334.4 114.9 120.6 124.3 50.9 13.9 6.0 11.6 3.2 5.6 2.8 2.7 2.8 2.5 2.4 2.0 2.0 2.2 2.2 1.8 1.8 5.5 10.7 12.3 17.0 28.7 42.2 67.3 132.7 161.9 118.1 138.5 136.6 134.4 170.0 293.1 339.6 76.0 20.7 9.3 3.2 4.2 3.5 3.6 3.4 3.3 3.3 3.6 3.8 3.6 3.7 2.9 2.9 3.3 3.2
-999.0 -999.0 -999.0 -999.0 -999.0 -999.0 -999.0 -999.0 -999.0 -999.0 -999.0 -999.0 -999.0 -999.0 -999.0 -999.0 -999.0 -999.0 -999.0 -999.0 334.3 334.4 203.9 123.1 119.0 43.9 27.9 12.3 2.5 3.0 2.9 2.9 2.5 2.5 2.8 2.4 2.0 2.0 2.2 2.1 1.8 1.6 3.0 4.8 7.2 13.0 21.8 30.4 46.7 132.5 128.9 94.9 122.0 98.4 93.2 131.6 293.2 418.5 369.9 80.2 54.1 3.1 3.9 3.0 2.9 3.0 2.9 2.8 2.7 2.8 3.0 3.4 4.1 2.9 2.2 2.2
-999.0 -999.0 -999.0 -999.0 -999.0 -999.0 -999.0 -999.0 -999.0 -999.0 -999.0 -999.0 -999.0 -999.0 -999.0 -999.0 -999.0 -999.0 -999.0 -999.0 334.3 334.2 335.4 196.5 116.0 86.1 41.8 8.8 2.7 2.8 2.7 2.3 3.3 3.1 3.0 3.2 2.1 2.0 2.2 2.1 2.0 1.6 2.3 3.9 10.7 11.3 12.8 13.3 25.9 53.8 94.1 91.0 110.4 60.0 100.0 195.6 202.9 387.1 384.7 154.0 70.2 2.7 2.8 4.9 1.9 2.1 2.1 1.8 1.9 2.0 2.0 2.1 2.8 2.5 2.7 4.8
-999.0 -999.0 -999.0 -999.0 -999.0 -999.0 -999.0 -999.0 -999.0 -999.0 -999.0 -999.0 -999.0 -999.0 -999.0 -999.0 -999.0 -999.0 -999.0 -999.0 -999.0 334.4 336.0 337.7 144.1 126.3 45.6 2.5 3.0 2.8 2.8 3.0 3.1 2.4 3.0 3.3 3.5 2.1 2.1 2.9 1.9 1.3 1.0 1.4 3.6 4.7 4.9 4.5 4.1 25.5 31.2 61.4 72.7 44.2 56.8 112.5 163.8 125.3 203.8 133.1 30.0 7.4 2.1 1.4 1.0 1.2 1.1 1.1 1.1 1.1 1.0 1.1 1.2 2.3 2.5 2.2
-999.0 -999.0 -999.0 -999.0 -999.0 -999.0 -999.0 -999.0 -999.0 -999.0 -999.0 -999.0 -999.0 -999.0 -999.0 -999.0 -999.0 -999.0 -999.0 -999.0 -999.0 336.1 337.7 337.7 342.2 344.9 119.2 9.9 2.3 3.1 3.4 2.9 2.3 2.6 4.4 3.4 3.3 2.1 2.1 1.9 2.8 1.7 0.9 3.1 1.1 1.6 1.6 1.4 2.4 9.6 16.7 30.0 35.4 27.2 31.6 60.4 92.4 81.4 74.7 69.8 92.0 67.1 1.8 1.5 3.5 0.7 0.6 0.6 0.7 0.7 0.7 0.7 0.6 2.9 1.9 1.9
-999.0 -999.0 -999.0 -999.0 -999.0 -999.0 -999.0 -999.0 -999.0 -999.0 -999.0 -999.0 -999.0 -999.0 -999.0 -999.0 -999.0 -999.0 -999.0 -999.0 -999.0 -999.0 339.0 340.8 340.8 347.7 117.1 35.4 2.6 2.7 2.5 2.3 2.8 2.2 2.2 3.2 3.7 3.5 3.8 3.4 2.0 1.6 1.3 0.8 0.7 1.5 1.3 0.9 2.0 3.6 9.7 11.4 9.6 16.3 25.2 28.7 26.2 36.2 33.2 68.7 48.7 18.4 0.6 -0.2 0.0 1.0 -0.1 -0.4 -0.1 -0.3 -0.3 -0.3 -0.2 1.5 1.4 0.5
-999.0 -999.0 -999.0 -999.0 -999.0 -999.0 -999.0 -999.0 -999.0 -999.0 -999.0 -999.0 -999.0 -999.0 -999.0 -999.0 -999.0 -999.0 -999.0 -999.0 -999.0 -999.0 -999.0 340.4 343.6 349.1 109.4 17.7 7.4 3.3 2.2 3.7 2.3 2.2 2.2 2.3 2.1 2.8 3.5 3.5 2.0 1.8 1.5 1.1 0.6 0.5 0.8 0.8 0.6 2.7 2.5 13.8 10.0 10.3 7.8 7.8 13.2 11.3 14.7 30.2 29.7 37.1 0.2 -0.5 -0.0 0.1 -0.4 -0.5 -0.5 -0.5 -0.5 -0.4 0.1 0.9 0.4 -0.4
-999.0 -999.0 -999.0 -999.0 -999.0 -999.0 -999.0 -999.0 -999.0 -999.0 -999.0 -999.0 -999.0 -999.0 -999.0 -999.0 -999.0 -999.0 -999.0 -999.0 -999.0 -999.0 -999.0 339.9 211.2 101.9 55.7 15.1 4.0 2.6 3.3 2.2 2.2 2.2 3.1 3.2 6.5 2.0 1.9 3.3 3.5 1.8 2.4 1.2 0.7 0.5 0.0 0.5 1.1 -0.2 -0.3 1.7 0.3 1.9 1.7 2.7 1.2 1.9 0.6 11.9 13.1 13.6 -0.2 0.2 -0.6 -0.6 -0.7 -0.5 -0.6 -0.6 -0.1 -0.6 1.3 1.1 1.3 -0.0
-999.0 -999.0 -999.0 -999.0 -999.0 -999.0 -999.0 -999.0 -999.0 -999.0 -999.0 -999.0 -999.0 -999.0 -999.0 -999.0 -999.0 -999.0 -999.0 -999.0 -999.0 -999.0 -999.0 -999.0 210.0 106.3 114.7 11.3 3.3 12.2 3.6 3.6 3.4 2.7 2.5 2.5 2.9 2.9 3.0 3.1 3.2 3.2 1.6 1.5 1.1 0.4 -0.1 0.0 -0.4 -0.4 -0.2 -0.4 -0.9 -0.6 0.1 -0.5 -0.8 -1.2 -1.1 -0.8 2.7 -0.8 -0.4 -0.9 -1.0 -1.0 -1.0 -0.8 -0.9 -1.0 -0.9 0.4 0.1 0.7 0.1 -0.2
-999.0 -999.0 -999.0 -999.0 -999.0 -999.0 -999.0 -999.0 -999.0 -999.0 -999.0 -999.0 -999.0 -999.0 -999.0 -999.0 -999.0 -999.0 -999.0 -999.0 -999.0 -999.0 -999.0 -999.0 -999.0 -999.0 60.9 6.6 2.0 2.0 2.1 1.9 2.8 8.4 2.5 2.5 2.8 2.7 2.5 2.7 3.2 3.2 1.7 1.5 1.0 0.8 -0.0 -0.1 -0.4 -0.7 -0.7 -1.0 -0.6 -0.5 -0.5 -0.6 -0.9 -1.2 -0.3 -1.4 -1.0 -0.9 -1.1 0.4 -1.2 -1.2 -0.8 -1.3 -1.0 -1.1 -0.7 0.6 0.8 -0.7 -0.5 -1.1
-999.0 -999.0 -999.0 -999.0 -999.0 -999.0 -999.0 -999.0 -999.0 -999.0 -999.0 -999.0 -999.0 -999.0 -999.0 -999.0 -999.0 -999.0 -999.0 -999.0 -999.0 -999.0 -999.0 -999.0 -999.0 -999.0 -999.0 -999.0 3.0 2.7 3.0 3.1 3.1 22.2 24.0 2.5 2.7 2.8 2.7 2.8 3.1 3.6 2.8 2.9 1.4 0.6 0.5 0.2 -0.4 -0.6 -0.9 -0.8 -1.2 -0.8 -0.5 -0.7 -0.4 -1.3 -1.3 -1.5 -0.7 -1.0 -0.7 -1.1 -0.9 -1.2 -1.2 -1.2 -1.2 -0.9 0.9 -0.7 -0.6 -0.9 -1.2 -1.2
-999.0 -999.0 -999.0 -999.0 -999.0 -999.0 -999.0 -999.0 -999.0 -999.0 -999.0 -999.0 -999.0 -999.0 -999.0 -999.0 -999.0 -999.0 -999.0 -999.0 -999.0 -999.0 -999.0 -999.0 -999.0 -999.0 -999.0 -999.0 -999.0 2.4 3.1 73.1 37.9 3.1 126.3 54.5 35.0 19.6 2.8 3.0 3.3 3.2 3.3 4.5 1.0 1.0 0.7 1.9 0.0 -0.3 0.9 -0.8 -0.7 -0.5 0.1 -0.6 -0.9 -1.0 -1.4 -1.5 -0.5 -0.3 -0.7 -1.2 -0.4 -1.1 -1.2 -1.1 4.0 -0.6 -1.1 -1.1 -1.1 -1.1 -1.1 -1.1
-999.0 -999.0 -999.0 -999.0 -999.0 -999.0 -999.0 -999.0 -999.0 -999.0 -999.0 -999.0 -999.0 -999.0 -999.0 -999.0 -999.0 -999.0 -999.0 -999.0 -999.0 -999.0 -999.0 -999.0 -999.0 -999.0 -999.0 -999.0 -999.0 -999.0 5.2 35.1 130.4 12.7 39.8 104.5 53.0 52.0 3.2 7.2 4.1 3.2 3.3 3.4 3.8 1.2 0.6 -0.0 2.3 0.5 0.6 -0.1 0.3 2.0 0.2 0.0 -0.5 -0.1 -0.6 -0.8 0.3 -0.2 -0.8 0.1 0.8 -0.8 -0.8 -0.2 -0.5 -0.8 -0.8 -0.8 -0.8 -0.8 -0.8 -0.8
-999.0 -999.0 -999.0 -999.0 -999.0 -999.0 -999.0 -999.0 -999.0 -999.0 -999.0 -999.0 -999.0 -999.0 -999.0 -999.0 -999.0 -999.0 -999.0 -999.0 -999.0 -999.0 -999.0 -999.0 -999.0 -999.0 -999.0 -999.0 -999.0 -999.0 -999.0 -999.0 47.9 8.1 51.0 92.1 117.6 51.9 11.1 8.9 9.3 3.3 3.3 1.9 2.3 1.2 1.0 1.0 8.9 0.8 1.8 2.1 2.2 2.1 0.1 0.1 -0.1 -0.1 -0.2 1.2 0.7 0.5 0.4 -0.3 0.2 -0.7 0.0 -0.4 -0.4 -0.4 -0.4 -0.4 -0.4 -0.4 -0.4 -0.4
-999.0 -999.0 -999.0 -999.0 -999.0 -999.0 -999.0 -999.0 -999.0 -999.0 -999.0 -999.0 -999.0 -999.0 -999.0 -999.0 -999.0 -999.0 -999.0 -999.0 -999.0 -999.0 -999.0 -999.0 -999.0 -999.0 -999.0 -999.0 -999.0 -999.0 -999.0 -999.0 -999.0 17.5 22.1 133.6 124.8 121.9 24.9 113.7 23.5 3.2 3.3 2.1 3.4 1.5 1.8 3.2 2.1 2.4 2.5 2.4 2.4 1.7 0.5 0.4 0.3 0.0 3.2 1.1 0.5 0.6 0.5 0.6 0.2 0.2 -0.2 -0.2 -0.2 -0.2 -0.2 -0.2 -0.2 -0.2 -0.2 -0.2
-999.0 -999.0 -999.0 -999.0 -999.0 -999.0 -999.0 -999.0 -999.0 -999.0 -999.0 -999.0 -999.0 -999.0 -999.0 -999.0 -999.0 -999.0 -999.0 -999.0 -999.0 -999.0 -999.0 -999.0 -999.0 -999.0 -999.0 -999.0 -999.0 -999.0 -999.0 -999.0 -999.0 49.8 118.2 57.6 131.0 129.5 120.7 62.1 117.2 23.4 3.3 3.3 1.9 2.0 3.3 7.7 2.5 2.6 2.8 2.7 2.4 2.7 0.8 2.4 2.2 2.0 1.9 0.7 2.6 -0.0 0.4 0.6 0.5 0.1 0.1 0.1 0.1 0.1 0.1 0.1 0.1 0.1 0.1 0.1
-999.0 -999.0 -999.0 -999.0 -999.0 -999.0 -999.0 -999.0 -999.0 -999.0 -999.0 -999.0 -999.0 -999.0 -999.0 -999.0 -999.0 -999.0 -999.0 -999.0 -999.0 -999.0 -999.0 -999.0 -999.0 -999.0 -999.0 -999.0 -999.0 -999.0 -999.0 -999.0 -999.0 104.4 16.9 51.3 96.6 119.6 21.3 59.5 130.5 139.5 8.9 52.4 5.8 3.2 3.4 3.2 3.4 3.0 3.1 3.2 2.7 2.4 2.1 1.9 1.7 0.5 0.7 0.3 1.0 1.0 0.6 0.3 0.1 0.1 0.1 0.1 0.1 0.1 0.1 0.1 0.1 0.1 0.1 0.1
-999.0 -999.0 -999.0 -999.0 -999.0 -999.0 -999.0 -999.0 -999.0 -999.0 -999.0 -999.0 -999.0 -999.0 -999.0 -999.0 -999.0 -999.0 -999.0 -999.0 -999.0 -999.0 -999.0 -999.0 -999.0 -999.0 -999.0 -999.0 -999.0 -999.0 -999.0 -999.0 -999.0 122.9 15.7 3.2 9.3 18.5 51.2 137.0 133.3 60.3 139.1 70.7 33.8 3.6 3.4 3.2 3.4 2.4 2.8 1.3 1.2 1.1 1.0 0.8 0.8 0.7 0.7 0.5 0.5 0.4 0.1 0.2 0.1 0.1 0.1 0.1 0.1 0.1 0.1 0.1 0.1 0.1 0.1 0.1
-999.0 -999.0 -999.0 -999.0 -999.0 -999.0 -999.0 -999.0 -999.0 -999.0 -999.0 -999.0 -999.0 -999.0 -999.0 -999.0 -999.0 -999.0 -999.0 -999.0 -999.0 -999.0 -999.0 -999.0 -999.0 -999.0 -999.0 -999.0 -999.0 -999.0 -999.0 -999.0 -999.0 -999.0 9.5 2.9 3.1 3.6 54.3 134.8 69.2 67.9 23.2 71.7 8.1 61.0 75.5 3.3 3.4 1.6 1.3 1.3 1.1 1.1 1.0 0.8 0.8 0.7 0.7 0.5 0.5 0.4 0.1 0.2 0.1 0.1 0.1 0.1 0.1 0.1 0.1 0.1 0.1 0.1 0.1 0.1
-999.0 -999.0 -999.0 -999.0 -999.0 -999.0 -999.0 -999.0 -999.0 -999.0 -999.0 -999.0 -999.0 -999.0 -999.0 -999.0 -999.0 -999.0 -999.0 -999.0 -999.0 -999.0 -999.0 -999.0 -999.0 -999.0 -999.0 -999.0 -999.0 -999.0 -999.0 -999.0 -999.0 -999.0 16.4 2.8 2.9 2.8 3.0 10.0 8.2 40.1 6.5 3.4 36.5 70.8 48.1 5.6 1.1 4.0 2.3 1.6 1.1 1.1 1.0 0.8 0.7 0.7 0.7 0.5 0.5 0.3 0.1 0.2 0.1 0.1 0.1 0.1 0.1 0.1 0.1 0.1 0.1 0.1 0.1 0.1
-999.0 -999.0 -999.0 -999.0 -999.0 -999.0 -999.0 -999.0 -999.0 -999.0 -999.0 -999.0 -999.0 -999.0 -999.0 -999.0 -999.0 -999.0 -999.0 -999.0 -999.0 -999.0 -999.0 -999.0 -999.0 -999.0 -999.0 -999.0 -999.0 -999.0 -999.0 -999.0 -999.0 -999.0 -999.0 22.7 3.2 2.9 2.4 2.5 3.3 2.5 3.6 13.5 102.2 43.4 21.7 13.0 22.1 3.7 2.8 1.7 1.1 1.0 0.9 0.8 0.7 0.7 0.7 0.5 0.5 0.3 0.1 0.2 0.1 0.1 0.1 0.1 0.1 0.1 0.1 0.1 0.1 0.1 0.1 0.1
-999.0 -999.0 -999.0 -999.0 -999.0 -999.0 -999.0 -999.0 -999.0 -999.0 -999.0 -999.0 -999.0 -999.0 -999.0 -999.0 -999.0 -999.0 -999.0 -999.0 -999.0 -999.0 -999.0 -999.0 -999.0 -999.0 -999.0 -999.0 -999.0 -999.0 -999.0 -999.0 -999.0 -999.0 -999.0 91.2 2.3 2.2 3.8 2.3 3.5 2.5 2.0 9.0 12.3 59.0 14.5 6.0 26.7 3.8 2.8 1.6 1.1 1.1 0.9 0.8 0.7 0.7 0.6 0.5 0.5 0.3 0.1 0.2 0.1 0.1 0.1 0.1 0.1 0.1 0.1 0.1 0.1 0.1 0.1 0.1
-999.0 -999.0 -999.0 -999.0 -999.0 -999.0 -999.0 -999.0 -999.0 -999.0 -999.0 -999.0 -999.0 -999.0 -999.0 -999.0 -999.0 -999.0 -999.0 -999.0 -999.0 -999.0 -999.0 -999.0 -999.0 -999.0 -999.0 -999.0 -999.0 -999.0 -999.0 -999.0 -999.0 -999.0 -999.0 -999.0 13.8 2.5 2.3 2.4 2.3 2.7 2.3 2.7 18.7 1.9 1.1 1.3 3.3 3.8 3.1 1.9 1.1 1.1 0.9 0.8 0.7 0.7 0.6 0.5 0.5 0.3 0.1 0.2 0.1 0.1 0.1 0.1 0.1 0.1 0.1 0.1 0.1 0.1 0.1 0.1
-999.0 -999.0 -999.0 -999.0 -999.0 -999.0 -999.0 -999.0 -999.0 -999.0 -999.0 -999.0 -999.0 -999.0 -999.0 -999.0 -999.0 -999.0 -999.0 -999.0 -999.0 -999.0 -999.0 -999.0 -999.0 -999.0 -999.0 -999.0 -999.0 -999.0 -999.0 -999.0 -999.0 -999.0 -999.0 -999.0 -999.0 5.1 2.3 3.0 2.7 3.0 1.9 1.8 1.6 1.3 1.3 1.1 3.8 3.8 3.2 1.1 1.0 1.0 0.9 0.8 0.7 0.7 0.6 0.5 0.5 0.3 0.1 0.2 0.1 0.1 0.1 0.1 0.1 0.1 0.1 0.1 0.1 0.1 0.1 0.1
-999.0 -999.0 -999.0 -999.0 -999.0 -999.0 -999.0 -999.0 -999.0 -999.0 -999.0 -999.0 -999.0 -999.0 -999.0 -999.0 -999.0 -999.0 -999.0 -999.0 -999.0 -999.0 -999.0 -999.0 -999.0 -999.0 -999.0 -999.0 -999.0 -999.0 -999.0 -999.0 -999.0 -999.0 -999.0 -999.0 -999.0 2.1 3.6 2.3 2.2 2.3 1.8 1.6 1.5 1.3 1.3 3.3 3.8 4.1 3.1 1.2 1.0 1.0 0.9 0.8 0.7 0.7 0.6 0.5 0.5 0.3 0.1 0.2 0.1 0.1 0.1 0.1 0.1 0.1 0.1 0.1 0.1 0.1 0.1 0.1
-999.0 -999.0 -999.0 -999.0 -999.0 -999.0 -999.0 -999.0 -999.0 -999.0 -999.0 -999.0 -999.0 -999.0 -999.0 -999.0 -999.0 -999.0 -999.0 -999.0 -999.0 -999.0 -999.0 -999.0 -999.0 -999.0 -999.0 -999.0 -999.0 -999.0 -999.0 -999.0 -999.0 -999.0 -999.0 -999.0 -999.0 -999.0 -999.0 2.8 3.5 3.7 1.9 1.6 2.6 1.6 3.3 1.1 1.7 4.1 3.1 1.1 1.0 1.0 0.8 0.8 0.7 0.7 0.6 0.5 0.5 0.3 0.1 0.2 0.1 0.1 0.1 0.1 0.1 0.1 0.1 0.1 0.1 0.1 0.1 0.1
-999.0 -999.0 -999.0 -999.0 -999.0 -999.0 -999.0 -999.0 -999.0 -999.0 -999.0 -999.0 -999.0 -999.0 -999.0 -999.0 -999.0 -999.0 -999.0 -999.0 -999.0 -999.0 -999.0 -999.0 -999.0 -999.0 -999.0 -999.0 -999.0 -999.0 -999.0 -999.0 -999.0 -999.0 -999.0 -999.0 -999.0 -999.0 -999.0 -999.0 -999.0 3.3 1.6 1.9 1.3 4.4 1.8 2.0 1.7 2.2 3.2 1.4 1.0 1.0 0.8 -999.0 -999.0 -999.0 -999.0 0.4 0.5 0.2 0.1 0.2 0.1 0.1 0.1 0.1 0.1 0.1 0.1 0.1 0.1 0.1 0.1 0.1
-999.0 -999.0 -999.0 -999.0 -999.0 -999.0 -999.0 -999.0 -999.0 -999.0 -999.0 -999.0 -999.0 -999.0 -999.0 -999.0 -999.0 -999.0 -999.0 -999.0 -999.0 -999.0 -999.0 -999.0 -999.0 -999.0 -999.0 -999.0 -999.0 -999.0 -999.0 -999.0 -999.0 -999.0 -999.0 -999.0 -999.0 -999.0 -999.0 -999.0 -999.0 -999.0 -999.0 4.2 3.6 1.8 1.8 1.8 2.2 2.1 3.2 1.2 -999.0 -999.0 -999.0 -999.0 -999.0 -999.0 -999.0 0.4 0.5 0.2 0.1 0.2 0.1 0.1 0.1 0.1 0.1 0.1 0.1 0.1 0.1 0.1 0.1 0.1
-999.0 -999.0 -999.0 -999.0 -999.0 -999.0 -999.0 -999.0 -999.0 -999.0 -999.0 -999.0 -999.0 -999.0 -999.0 -999.0 -999.0 -999.0 -999.0 -999.0 -999.0 -999.0 -999.0 -999.0 -999.0 -999.0 -999.0 -999.0 -999.0 -999.0 -999.0 -999.0 -999.0 -999.0 -999.0 -999.0 -999.0 -999.0 -999.0 -999.0 -999.0 -999.0 -999.0 -999.0 -999.0 -999.0 -999.0 -999.0 -999.0 -999.0 -999.0 -999.0 -999.0 -999.0 -999.0 -999.0 -999.0 -999.0 -999.0 -999.0 0.5 0.2 0.1 0.2 0.1 0.1 0.1 0.1 0.1 0.1 0.1 0.1 0.1 0.1 0.1 0.1
-999.0 -999.0 -999.0 -999.0 -999.0 -999.0 -999.0 -999.0 -999.0 -999.0 -999.0 -999.0 -999.0 -999.0 -999.0 -999.0 -999.0 -999.0 -999.0 -999.0 -999.0 -999.0 -999.0 -999.0 -999.0 -999.0 -999.0 -999.0 -999.0 -999.0 -999.0 -999.0 -999.0 -999.0 -999.0 -999.0 -999.0 -999.0 -999.0 -999.0 -999.0 -999.0 -999.0 -999.0 -999.0 -999.0 -999.0 -999.0 -999.0 -999.0 -999.0 -999.0 -999.0 -999.0 -999.0 -999.0 -999.0 -999.0 -999.0 -999.0 0.5 0.2 0.1 0.2 0.1 0.1 0.1 0.1 0.1 0.1 0.1 0.1 0.1 0.1 0.1 0.1
-999.0 -999.0 -999.0 -999.0 -999.0 -999.0 -999.0 -999.0 -999.0 -999.0 -999.0 -999.0 -999.0 -999.0 -999.0 -999.0 -999.0 -999.0 -999.0 -999.0 -999.0 -999.0 -999.0 -999.0 -999.0 -999.0 -999.0 -999.0 -999.0 -999.0 -999.0 -999.0 -999.0 -999.0 -999.0 -999.0 -999.0 -999.0 -999.0 -999.0 -999.0 -999.0 -999.0 -999.0 -999.0 -999.0 -999.0 -999.0 -999.0 -999.0 -999.0 -999.0 -999.0 -999.0 -999.0 -999.0 -999.0 -999.0 -999.0 -999.0 0.5 0.2 0.1 0.2 0.1 0.1 0.1 0.1 0.1 0.1 0.1 0.1 0.1 0.1 0.1 0.1
-999.0 -999.0 -999.0 -999.0 -999.0 -999.0 -999.0 -999.0 -999.0 -999.0 -999.0 -999.0 -999.0 -999.0 -999.0 -999.0 -999.0 -999.0 -999.0 -999.0 -999.0 -999.0 -999.0 -999.0 -999.0 -999.0 -999.0 -999.0 -999.0 -999.0 -999.0 -999.0 -999.0 -999.0 -999.0 -999.0 -999.0 -999.0 -999.0 -999.0 -999.0 -999.0 -999.0 -999.0 -999.0 -999.0 -999.0 -999.0 -999.0 -999.0 -999.0 -999.0 -999.0 -999.0 -999.0 -999.0 -999.0 -999.0 -999.0 -999.0 -999.0 0.2 0.1 0.2 0.1 0.1 0.1 0.1 0.1 0.1 0.1 0.1 0.1 0.1 0.1 0.1
