GSP_annual_reports_PET_2024_v1/GIS/PET_2023_Fall_Shallow.tif
NCOLS 191
NROWS  209
XLLCORNER 6295515.91401
YLLCORNER 1783415.49397
CELLSIZE 1000.0
NODATA_VALUE -999
[rows 34 to 67 of 209, columns 0 to 75 of 191]
-999.0 -999.0 -999.0 -999.0 -999.0 -999.0 -999.0 -999.0 -999.0 -999.0 -999.0 -999.0 -999.0 131.6 133.9 156.4 110.9 88.7 54.8 46.4 48.1 57.7 54.5 53.7 126.5 183.6 156.8 107.2 87.2 80.5 78.2 74.9 70.5 73.7 86.7 90.4 90.9 93.0 94.8 102.5 101.2 103.2 105.8 106.9 119.5 116.0 164.6 229.2 282.7 225.4 227.3 277.0 291.5 353.6 400.2 410.1 398.9 388.8 327.5 388.3 393.6 398.3 388.0 388.1 389.2 389.9 393.5 391.6 391.6 395.5 394.5 394.5 395.3 394.9 396.6 406.5
-999.0 -999.0 -999.0 -999.0 -999.0 -999.0 -999.0 -999.0 -999.0 -999.0 -999.0 -999.0 -999.0 231.4 116.9 132.0 109.1 94.9 55.1 53.2 39.6 57.3 53.4 56.5 198.1 139.4 169.4 129.3 71.7 78.9 81.6 54.6 70.5 72.3 84.1 82.4 92.1 90.2 88.4 95.4 96.5 102.8 102.0 107.9 124.4 116.6 139.5 226.7 216.4 190.6 387.3 364.9 345.7 289.5 400.2 349.2 331.3 373.0 270.5 388.3 398.5 399.2 387.8 388.1 389.2 389.9 393.8 391.6 391.6 395.5 394.5 394.5 394.5 394.9 407.3 396.6
-999.0 -999.0 -999.0 -999.0 -999.0 -999.0 -999.0 -999.0 -999.0 -999.0 -999.0 -999.0 -999.0 201.2 202.8 198.8 70.3 66.6 55.7 49.7 48.7 51.0 56.7 54.0 128.0 122.3 104.0 101.9 72.4 61.5 63.1 77.9 75.0 74.3 69.2 75.7 78.7 88.6 89.2 93.9 98.0 103.9 101.7 111.7 121.5 112.7 129.8 165.0 228.6 316.4 396.5 360.5 324.3 363.7 396.5 390.3 295.1 326.1 363.9 398.6 398.5 398.3 388.0 388.0 406.6 390.0 391.5 396.7 391.6 395.5 402.7 402.7 395.5 395.1 396.6 396.6
-999.0 -999.0 -999.0 -999.0 -999.0 -999.0 -999.0 -999.0 -999.0 -999.0 -999.0 299.7 288.8 253.3 179.2 131.1 117.1 106.2 58.1 40.5 56.4 56.2 55.5 54.6 161.8 91.2 89.5 80.8 69.2 62.3 62.6 60.2 66.8 71.3 72.5 71.1 76.5 84.1 89.8 88.3 97.3 102.8 101.4 109.6 118.0 122.4 134.4 167.6 289.7 331.6 396.5 396.5 396.5 397.4 397.4 373.4 326.1 252.8 295.6 389.4 398.5 398.3 399.2 388.0 389.2 390.0 391.4 389.5 399.0 395.5 395.5 399.1 394.5 396.1 396.8 396.6
-999.0 -999.0 -999.0 -999.0 -999.0 -999.0 -999.0 -999.0 -999.0 -999.0 113.5 200.7 202.3 263.1 188.4 199.6 118.0 103.7 58.6 59.2 55.9 41.2 56.3 54.3 136.2 106.7 71.7 65.5 71.2 61.1 62.8 60.9 88.4 87.1 89.8 81.8 89.2 91.1 89.7 90.7 94.3 97.6 102.6 103.9 111.8 120.7 110.5 164.3 229.4 396.5 396.5 396.5 402.5 396.5 396.5 400.2 405.0 331.6 361.8 398.6 400.0 400.3 398.3 399.2 389.0 390.0 391.6 397.4 394.1 393.4 395.5 395.5 402.7 408.3 396.8 396.6
-999.0 -999.0 -999.0 -999.0 -999.0 -999.0 -999.0 390.9 181.0 74.8 91.0 81.9 138.2 76.6 74.1 62.2 146.3 119.2 62.1 44.0 47.4 56.6 55.3 124.7 95.1 91.9 63.6 57.5 50.0 58.9 57.0 72.9 78.6 78.5 90.5 90.7 89.3 88.5 91.0 91.6 95.5 97.2 99.6 103.2 103.2 104.6 115.7 113.1 157.0 264.8 343.4 396.5 354.9 398.1 397.4 405.0 400.2 286.4 399.9 403.5 405.9 398.3 398.3 399.2 395.4 400.3 391.6 389.5 389.5 393.4 393.4 405.5 394.5 396.1 396.8 396.8
-999.0 -999.0 -999.0 -999.0 -999.0 389.8 113.7 390.9 268.7 90.2 58.3 57.7 56.3 52.9 53.7 53.8 56.4 57.8 57.9 38.1 43.0 42.4 92.7 91.1 66.1 87.0 63.3 54.2 63.5 63.5 66.3 72.2 68.8 84.3 91.3 91.7 87.0 86.1 93.6 91.7 93.8 96.6 99.3 104.0 103.2 102.9 103.2 115.5 146.0 184.6 299.0 300.3 269.9 315.1 397.4 396.5 400.2 376.3 388.5 362.4 398.5 295.6 398.9 398.3 399.4 401.1 391.4 389.5 389.5 393.4 403.8 409.0 392.8 395.1 395.8 396.8
-999.0 -999.0 -999.0 -999.0 389.1 390.3 197.0 204.3 317.8 197.2 274.7 165.1 139.0 36.5 53.2 50.5 47.8 58.0 40.4 39.9 55.1 90.1 110.9 79.0 78.6 54.2 53.4 54.7 75.3 87.5 64.4 82.3 67.1 86.6 71.4 76.8 88.4 86.2 90.5 89.9 95.2 96.9 100.7 103.3 102.0 103.2 104.1 117.3 107.9 152.1 230.4 277.7 224.3 396.5 396.5 397.4 388.3 337.6 313.5 389.4 367.2 281.1 301.7 365.3 399.4 408.1 407.3 396.8 389.5 392.3 392.8 395.3 405.0 398.9 395.8 396.8
-999.0 -999.0 -999.0 168.6 209.6 388.4 228.7 143.8 373.2 286.5 209.3 146.8 202.7 38.9 40.0 104.2 155.8 55.1 40.6 40.9 56.9 101.0 121.1 90.9 75.6 55.7 54.6 80.1 64.8 96.0 94.5 88.2 91.1 90.8 89.1 91.5 91.4 89.4 91.3 91.6 93.1 98.7 95.5 103.5 101.9 105.5 107.8 115.2 112.8 138.4 169.8 229.8 282.3 358.4 288.1 349.5 287.4 405.0 196.2 348.7 323.9 297.2 299.6 298.3 315.4 364.2 398.2 405.1 399.2 405.8 400.5 397.1 397.1 396.3 396.8 396.8
-999.0 -999.0 32.0 39.0 41.3 60.7 235.0 95.0 286.9 311.7 197.2 92.8 197.9 45.3 99.6 137.6 151.5 61.5 57.3 120.3 63.2 171.6 125.6 68.7 61.4 53.4 52.0 95.2 90.1 94.5 89.6 93.5 92.8 93.9 95.2 91.6 92.0 92.3 91.7 97.1 96.1 99.7 101.7 102.4 123.1 106.4 110.8 117.5 119.5 125.7 155.0 196.2 316.4 334.2 217.9 242.3 197.3 312.6 219.5 184.4 260.5 292.4 259.9 286.2 304.8 298.5 401.8 399.2 399.2 403.1 393.4 392.3 393.4 404.4 394.7 396.8
-999.0 -999.0 170.8 127.2 32.2 42.1 44.7 113.6 141.7 208.1 265.7 200.4 57.4 41.3 152.2 151.3 176.5 102.0 100.1 134.1 142.8 177.9 102.6 56.3 53.1 53.8 58.3 69.1 82.0 80.0 103.9 97.1 90.0 95.0 96.6 95.5 91.8 97.3 99.7 98.3 99.3 103.6 103.6 102.6 104.8 105.9 109.9 113.1 123.2 117.1 122.1 174.7 248.8 396.5 283.0 164.9 123.5 216.9 180.7 214.2 212.6 287.2 288.2 286.9 295.1 353.9 402.7 399.2 399.2 403.1 402.1 393.4 392.3 393.9 394.7 394.7
-999.0 145.1 354.9 276.9 113.5 46.9 43.6 48.5 64.0 175.3 204.7 153.5 57.9 57.0 187.4 180.5 176.8 159.7 115.4 113.1 171.4 141.5 58.4 58.4 52.5 59.3 53.7 92.7 54.0 87.4 99.6 96.6 90.6 89.6 95.0 95.6 101.8 97.8 99.5 100.1 103.5 103.7 101.6 102.7 101.8 106.0 109.6 111.6 121.0 122.0 118.1 124.4 168.7 230.8 239.9 139.9 141.0 128.0 172.4 213.8 251.0 271.7 291.3 312.9 315.3 401.1 401.8 368.9 320.4 409.7 403.1 406.7 393.4 393.9 402.2 405.5
-999.0 405.9 330.7 192.0 214.1 109.7 35.5 38.6 50.0 96.7 90.7 54.8 51.7 50.0 188.2 189.1 182.9 107.1 101.2 107.4 109.7 122.1 96.9 52.1 48.4 60.3 58.5 55.7 51.7 89.3 95.3 94.5 75.5 90.2 90.5 97.5 89.0 98.0 88.7 77.5 97.2 96.8 103.4 101.5 102.8 102.0 104.5 109.0 112.2 122.7 123.1 117.5 106.4 121.7 131.6 132.2 262.2 389.6 301.1 352.3 388.0 259.1 332.3 395.9 387.9 389.9 393.8 362.1 361.8 311.4 375.2 403.1 403.1 392.9 402.4 393.6
-999.0 404.5 275.5 215.4 100.3 41.5 84.9 79.0 42.3 61.2 54.4 41.5 38.7 49.8 111.3 186.2 183.2 108.6 85.0 96.5 101.6 103.7 121.9 50.3 64.1 78.9 80.1 54.7 71.0 101.3 99.1 96.8 74.8 75.5 88.5 87.3 91.0 84.5 89.8 90.0 91.6 95.2 96.5 103.2 103.4 102.0 103.9 105.8 111.7 120.5 122.7 118.6 111.7 111.2 128.8 183.8 249.5 389.6 387.1 388.3 404.1 314.0 388.0 393.2 389.4 389.7 391.4 389.5 372.3 297.5 313.7 360.5 405.1 393.9 394.6 393.6
-999.0 206.7 209.6 125.9 124.2 149.5 204.5 112.1 55.7 51.3 47.2 50.5 46.2 50.7 51.4 63.9 94.7 65.0 44.1 76.3 96.3 58.7 50.8 39.6 93.1 65.5 70.3 62.4 105.5 59.4 88.4 78.7 71.2 72.0 74.6 77.3 82.1 88.3 82.1 88.4 91.8 96.9 99.9 102.1 103.4 103.2 107.2 105.9 112.1 122.8 121.5 118.8 110.6 113.9 151.5 228.2 253.0 388.3 387.6 399.9 388.0 388.0 388.0 397.0 399.3 389.8 399.5 397.3 308.1 281.9 314.9 339.1 290.3 310.3 404.3 404.3
396.2 396.2 208.5 211.0 133.5 241.6 204.6 153.9 98.2 48.6 42.8 36.9 48.0 50.8 50.1 47.1 47.5 53.0 58.6 41.3 49.5 47.3 59.0 88.8 52.3 54.0 54.8 78.7 56.1 61.0 56.8 60.7 58.0 74.5 75.1 76.0 75.1 78.2 80.5 90.2 90.4 94.1 97.3 100.2 103.6 103.5 108.0 106.6 111.8 127.8 120.9 124.1 120.2 117.1 133.7 202.0 233.6 318.4 387.1 387.3 401.7 387.0 387.8 399.1 394.4 389.8 396.8 396.8 361.0 403.1 269.1 285.1 295.3 262.6 286.8 301.0
210.0 209.1 111.5 44.9 152.7 209.1 152.8 150.0 101.6 79.9 96.8 61.7 46.0 47.5 45.4 46.6 46.6 49.2 58.1 43.8 44.8 57.9 179.1 151.6 40.8 53.5 55.0 58.1 56.2 62.7 65.7 67.6 68.8 71.5 74.8 72.9 72.9 75.1 83.4 89.1 91.4 91.9 96.6 101.4 103.0 104.1 104.9 105.9 117.7 119.3 120.5 121.7 121.5 120.5 118.7 162.2 286.7 288.1 369.9 388.3 388.2 393.7 390.3 390.0 389.1 400.2 391.4 388.4 394.0 393.4 296.3 234.6 290.3 232.9 236.5 303.5
208.1 104.6 58.5 122.7 164.6 164.8 213.8 206.1 207.7 120.7 140.6 147.8 151.4 129.9 184.9 212.9 125.6 62.7 57.7 57.8 95.6 91.6 214.4 177.8 62.5 50.1 55.3 57.3 55.8 65.7 66.9 66.5 68.1 66.5 71.7 71.2 71.0 73.0 79.9 99.2 90.1 90.3 104.1 103.6 103.4 103.3 103.3 105.8 108.8 112.0 112.0 122.7 122.4 124.7 121.5 146.5 186.3 250.9 365.0 387.0 388.0 387.8 388.0 387.8 389.1 389.8 391.4 389.3 393.0 393.4 290.7 235.1 268.3 259.2 260.2 256.6
-999.0 241.1 155.8 45.3 158.3 207.6 139.9 208.6 165.8 109.9 152.7 195.5 177.8 174.5 313.3 348.7 321.8 212.5 112.7 75.2 91.7 106.8 121.8 213.3 113.4 53.5 51.8 53.1 57.6 60.7 65.0 65.3 90.3 76.6 92.9 93.1 94.7 101.4 101.5 100.7 103.0 101.5 101.6 104.4 102.4 104.0 105.6 107.7 106.0 109.0 112.0 120.3 120.5 123.6 118.2 118.7 184.7 296.0 296.0 372.3 362.1 375.5 375.1 340.1 389.0 390.2 391.4 389.5 389.3 392.3 320.0 224.6 226.4 228.7 239.0 238.2
-999.0 285.8 216.1 54.3 60.0 47.5 60.8 163.0 187.0 146.9 152.7 187.2 213.7 208.3 201.5 213.3 306.3 189.9 191.6 154.1 92.1 107.0 90.9 63.2 45.7 52.2 51.6 64.0 63.4 57.2 62.3 86.5 105.7 90.5 82.6 92.8 104.6 89.4 95.3 103.0 105.0 103.8 103.9 104.1 103.0 103.6 107.2 105.9 105.7 106.6 109.6 111.9 112.2 115.8 108.2 113.9 163.9 186.0 265.4 294.9 355.9 362.1 387.8 400.9 311.2 389.9 391.5 389.5 387.6 393.4 309.4 227.1 239.2 238.5 236.3 238.6
-999.0 298.9 205.2 254.1 206.8 137.4 48.8 122.1 190.9 166.2 180.9 187.4 189.3 171.7 150.1 153.6 247.1 206.8 235.8 185.6 163.4 106.4 81.8 74.0 48.2 53.4 55.5 59.0 59.2 59.5 88.1 84.9 99.2 112.9 110.8 105.9 100.7 106.7 104.7 101.6 100.3 102.7 101.3 103.0 103.9 105.8 105.8 106.7 105.8 107.6 107.8 108.6 108.1 105.7 103.6 106.7 118.4 185.9 239.3 280.2 302.1 400.5 388.8 360.9 222.1 273.8 292.9 396.8 389.5 393.4 282.2 232.8 233.8 222.3 233.8 234.2
-999.0 206.7 234.5 276.1 205.1 219.7 69.2 135.5 153.3 161.0 172.4 149.3 157.2 100.8 105.1 136.5 213.0 253.0 227.4 212.6 191.5 203.4 103.0 93.1 50.4 50.7 54.7 64.6 59.4 74.9 64.6 90.1 91.5 105.0 106.1 109.1 109.7 108.3 107.8 107.4 105.2 104.5 104.0 106.5 104.6 105.1 108.0 105.6 106.9 105.8 104.6 105.5 105.4 103.1 103.0 103.3 105.4 202.5 223.2 225.0 311.4 320.4 396.8 276.4 226.2 232.8 291.8 389.3 397.5 397.8 276.7 218.6 229.1 230.8 231.7 232.0
-999.0 276.3 167.9 97.4 135.0 76.3 64.8 143.4 94.6 152.9 132.7 128.7 104.8 98.9 119.7 153.6 163.1 218.6 227.1 224.9 168.4 98.3 77.2 77.5 49.7 50.1 46.7 54.5 96.0 81.2 88.5 98.8 96.3 100.5 99.4 106.9 105.5 108.8 101.9 105.4 106.6 105.9 101.9 101.2 104.2 104.8 104.7 104.8 104.1 104.9 103.3 104.9 105.4 103.1 103.1 101.8 102.9 113.9 135.3 220.8 225.5 299.4 278.3 392.5 227.4 219.5 260.5 389.1 398.4 392.3 294.2 202.1 217.1 217.4 223.1 227.3
-999.0 -999.0 296.9 290.0 98.1 146.2 89.7 152.8 136.8 152.1 98.3 94.6 87.9 100.7 114.5 174.0 212.9 224.1 221.9 213.2 155.5 138.7 124.0 96.2 60.1 55.7 66.0 52.8 86.6 87.4 84.6 87.4 90.6 99.7 100.0 99.5 98.9 110.3 103.2 102.7 106.4 95.8 106.4 107.2 104.9 105.8 103.7 104.9 103.7 103.6 102.5 103.1 101.9 103.2 101.6 102.5 105.7 106.8 113.8 202.5 171.4 215.6 235.1 290.8 224.1 228.0 227.3 291.0 373.8 323.5 228.0 214.5 204.8 211.7 212.3 221.4
-999.0 -999.0 -999.0 148.3 157.3 116.5 66.1 163.8 165.6 165.6 102.0 82.3 88.8 141.4 161.7 189.5 190.8 213.3 220.8 172.6 199.3 170.1 147.1 130.9 65.2 43.8 46.7 46.1 66.0 62.3 66.1 84.3 89.7 95.2 99.0 99.7 102.0 100.5 96.9 103.8 108.1 120.0 111.9 105.7 107.0 105.3 101.4 103.3 104.0 104.2 100.8 103.5 103.8 94.6 103.7 103.8 104.3 109.2 121.7 109.8 216.4 213.9 181.8 219.6 215.1 228.6 291.1 269.6 300.3 381.5 219.0 196.3 196.0 203.4 209.1 212.3
-999.0 -999.0 -999.0 -999.0 158.6 73.0 58.6 90.8 89.7 158.8 79.5 80.2 87.0 131.3 161.2 197.4 149.7 149.8 197.1 206.5 151.6 179.5 153.2 147.6 94.9 47.3 45.3 49.1 48.4 60.7 85.8 86.8 86.2 89.0 87.7 96.5 98.8 102.0 100.9 91.5 92.3 96.5 99.9 103.1 104.6 101.5 103.3 101.2 103.6 102.8 103.7 90.3 104.7 104.5 102.3 101.9 105.3 108.3 114.2 119.3 166.5 164.1 188.1 215.3 195.5 210.3 273.5 260.2 312.1 382.1 231.3 196.5 198.0 190.6 199.1 211.2
-999.0 -999.0 -999.0 -999.0 -999.0 153.5 62.7 61.0 88.2 65.2 101.2 125.1 95.2 102.9 163.0 184.0 157.8 128.2 148.8 185.0 110.1 142.5 158.6 101.7 115.3 55.7 45.8 41.5 75.9 69.0 60.5 63.5 85.6 84.6 90.7 95.2 98.7 98.3 97.6 89.7 86.2 83.8 91.3 105.2 103.5 101.5 100.9 103.2 103.0 102.7 100.1 93.5 100.7 103.6 101.7 102.4 106.1 108.2 114.4 118.6 113.6 120.4 238.9 218.8 200.2 199.1 217.9 328.9 367.6 240.6 223.3 191.6 191.3 194.6 198.6 210.7
-999.0 -999.0 -999.0 -999.0 -999.0 -999.0 116.6 207.1 99.2 62.5 129.4 136.1 99.2 133.8 176.8 177.7 130.0 103.1 101.6 167.9 162.9 91.4 103.8 98.0 85.4 46.9 43.0 43.9 45.9 49.6 66.1 85.9 91.2 89.4 88.3 94.5 96.3 98.0 92.1 90.3 83.9 83.9 79.4 81.3 99.9 91.4 101.8 100.8 103.4 101.1 94.4 93.4 103.9 103.1 101.6 101.7 104.9 109.1 117.2 121.0 121.6 116.6 118.2 189.2 156.5 129.8 294.1 206.4 375.0 212.1 201.4 187.9 190.4 194.4 224.8 198.7
-999.0 -999.0 -999.0 -999.0 -999.0 -999.0 -999.0 -999.0 111.1 65.1 92.8 99.8 122.2 99.6 131.2 159.3 108.6 98.6 130.1 157.0 130.1 82.1 88.1 59.1 90.2 61.4 40.8 43.3 43.2 51.6 47.1 55.7 64.5 86.5 86.2 94.3 97.3 100.2 89.9 78.1 81.1 85.4 75.3 75.3 76.7 101.1 103.5 96.4 101.9 96.2 91.8 95.4 99.4 102.4 103.7 102.1 106.5 110.1 115.2 122.6 121.9 120.0 105.0 156.0 122.4 181.3 228.9 216.2 351.7 284.7 185.5 187.5 185.0 203.6 193.9 201.1
-999.0 -999.0 -999.0 -999.0 -999.0 -999.0 -999.0 -999.0 -999.0 103.1 66.2 102.6 94.1 94.9 95.6 105.2 101.6 91.6 147.8 155.3 94.8 95.3 98.1 89.0 87.2 87.2 40.2 43.7 43.6 48.3 61.4 90.0 85.5 90.7 95.3 96.8 88.1 89.1 85.6 80.6 78.0 80.7 75.4 73.5 75.6 88.1 87.0 98.4 90.6 90.2 96.7 99.7 103.9 101.2 104.6 102.4 106.1 108.5 120.3 121.4 122.1 118.8 105.5 107.5 126.2 133.2 146.7 166.0 249.3 271.9 168.4 178.4 186.8 189.7 241.6 235.7
-999.0 -999.0 -999.0 -999.0 -999.0 -999.0 -999.0 -999.0 -999.0 94.4 76.5 90.0 102.1 93.4 89.4 82.6 89.2 148.1 96.1 165.3 149.8 132.8 87.8 80.3 89.7 84.1 62.3 44.1 48.3 64.6 61.1 85.7 83.7 80.5 78.8 87.6 82.7 89.3 75.7 75.5 75.6 77.5 75.8 74.1 73.8 76.3 76.8 89.4 68.7 90.6 97.9 101.2 104.7 104.0 103.4 99.4 105.2 110.8 120.1 122.3 121.6 115.8 110.7 116.4 131.3 142.5 148.7 166.0 166.4 260.9 214.7 149.0 183.6 189.7 156.6 174.1
-999.0 -999.0 -999.0 -999.0 -999.0 -999.0 -999.0 -999.0 -999.0 111.0 81.0 81.2 98.7 86.0 82.5 82.0 91.6 158.8 155.5 163.0 165.4 146.8 97.2 89.4 80.6 46.7 45.1 41.9 47.2 53.3 56.1 61.8 54.0 57.0 62.8 62.4 67.3 67.0 68.1 86.8 67.2 67.9 67.2 70.7 72.8 75.2 85.9 78.0 83.2 83.8 92.4 93.7 94.4 101.9 103.6 101.6 102.6 107.0 120.6 125.1 120.0 115.0 108.2 121.2 133.7 137.7 165.4 167.3 165.6 155.6 183.6 148.5 180.6 181.8 179.4 214.8
-999.0 -999.0 -999.0 -999.0 -999.0 -999.0 -999.0 -999.0 -999.0 97.4 84.1 83.4 76.4 72.6 73.5 90.6 101.1 168.7 194.8 157.9 166.6 141.9 102.9 83.0 56.8 48.3 43.5 44.1 44.5 45.2 50.4 51.4 51.0 53.8 60.1 58.2 61.8 63.2 66.5 66.5 65.4 64.3 67.1 73.2 72.5 63.0 75.5 76.7 88.8 88.0 93.4 100.1 97.3 100.9 103.9 102.6 103.8 110.2 117.6 125.1 123.2 116.0 109.4 120.1 137.1 144.7 144.2 167.4 168.0 167.2 168.8 175.2 170.6 171.3 174.6 160.7
-999.0 -999.0 -999.0 -999.0 -999.0 -999.0 -999.0 -999.0 -999.0 -999.0 101.2 82.2 80.3 81.1 73.6 83.0 88.3 124.1 182.1 182.6 182.0 162.4 107.3 78.6 62.3 43.2 43.1 46.5 41.9 46.4 50.9 51.4 53.0 57.7 58.9 67.4 58.7 58.1 61.1 65.0 63.5 63.0 69.2 70.9 73.5 70.7 75.1 77.5 81.4 90.2 90.3 92.0 102.6 99.9 102.9 102.2 104.8 112.0 120.1 123.7 122.5 116.5 109.9 125.1 134.1 144.0 144.6 165.1 167.7 165.1 165.2 163.7 163.1 165.0 160.6 166.8
