GSP_annual_reports_PET_2024_v1/GIS/PET_2023_Fall_Shallow.tif
NCOLS 191
NROWS  209
XLLCORNER 6295515.91401
YLLCORNER 1783415.49397
CELLSIZE 1000.0
NODATA_VALUE -999
[rows 34 to 67 of 209, columns 76 to 151 of 191]
409.4 416.2 417.6 417.6 417.6 407.0 414.6 414.8 417.1 425.8 422.6 433.2 424.4 428.2 429.2 440.1 429.5 435.6 436.4 436.2 434.7 433.1 432.4 432.4 432.7 432.7 432.7 432.7 432.7 434.5 434.5 434.5 435.5 431.9 430.8 432.4 433.2 438.4 432.7 431.6 431.6 434.7 -999.0 -999.0 -999.0 -999.0 -999.0 -999.0 -999.0 -999.0 -999.0 -999.0 -999.0 -999.0 -999.0 -999.0 -999.0 -999.0 -999.0 -999.0 -999.0 -999.0 -999.0 -999.0 -999.0 -999.0 -999.0 -999.0 -999.0 -999.0 -999.0 -999.0 -999.0 -999.0 -999.0 -999.0
409.4 409.4 417.6 417.6 418.9 407.0 414.6 415.9 416.1 419.2 424.8 433.9 425.5 436.9 429.2 431.0 429.6 436.6 436.4 436.2 447.8 436.6 434.0 434.9 452.5 434.2 433.4 433.4 433.4 435.2 434.5 434.5 434.5 435.4 434.5 434.5 433.5 432.2 431.6 432.7 431.6 432.7 431.6 -999.0 -999.0 -999.0 -999.0 -999.0 -999.0 -999.0 -999.0 -999.0 -999.0 -999.0 -999.0 -999.0 -999.0 -999.0 -999.0 -999.0 -999.0 -999.0 -999.0 -999.0 -999.0 -999.0 -999.0 -999.0 -999.0 -999.0 -999.0 -999.0 -999.0 -999.0 -999.0 -999.0
399.5 409.4 417.6 417.6 417.6 412.9 414.6 415.9 417.1 420.2 421.6 424.2 424.4 430.4 428.1 431.4 431.3 435.7 436.4 436.2 435.2 436.6 436.6 436.6 436.9 436.9 436.9 436.9 436.9 447.4 438.7 444.6 438.7 437.2 448.2 437.0 434.5 434.8 434.8 434.8 432.9 441.2 432.7 -999.0 -999.0 -999.0 -999.0 -999.0 -999.0 -999.0 -999.0 -999.0 -999.0 -999.0 -999.0 -999.0 -999.0 -999.0 -999.0 -999.0 -999.0 -999.0 -999.0 -999.0 -999.0 -999.0 -999.0 -999.0 -999.0 -999.0 -999.0 -999.0 -999.0 -999.0 -999.0 -999.0
399.5 399.5 417.6 417.6 407.0 417.6 424.0 425.3 417.1 428.9 422.6 425.3 425.3 436.8 428.1 430.3 430.7 445.8 448.1 436.2 436.3 437.5 436.6 436.6 436.9 435.8 436.9 435.9 436.9 445.6 438.7 437.7 438.7 438.7 438.7 437.7 438.7 437.5 437.3 434.8 434.8 434.8 440.4 432.7 -999.0 -999.0 -999.0 -999.0 -999.0 -999.0 -999.0 -999.0 -999.0 -999.0 -999.0 -999.0 -999.0 -999.0 -999.0 -999.0 -999.0 -999.0 -999.0 -999.0 -999.0 -999.0 -999.0 -999.0 -999.0 -999.0 -999.0 -999.0 -999.0 -999.0 -999.0 -999.0
398.5 399.5 417.6 417.6 417.6 417.6 424.0 415.9 417.1 420.2 422.6 425.3 425.3 427.0 427.9 430.3 436.1 437.1 435.8 435.6 436.7 437.1 436.7 436.6 436.9 436.9 436.9 435.9 437.8 445.8 437.8 450.9 437.8 445.6 437.7 439.6 449.1 439.0 439.0 437.5 436.3 434.8 441.7 435.8 -999.0 -999.0 -999.0 -999.0 -999.0 -999.0 -999.0 -999.0 -999.0 -999.0 -999.0 -999.0 -999.0 -999.0 -999.0 -999.0 -999.0 -999.0 -999.0 -999.0 -999.0 -999.0 -999.0 -999.0 -999.0 -999.0 -999.0 -999.0 -999.0 -999.0 -999.0 -999.0
405.4 398.5 417.6 417.6 417.6 417.6 414.6 415.9 416.1 420.2 422.6 424.2 425.3 427.0 429.0 430.1 431.5 437.1 436.8 435.6 436.7 436.0 450.0 437.1 437.3 437.3 437.3 437.3 438.2 438.1 438.1 439.2 439.2 439.2 439.2 438.7 451.1 438.0 439.0 439.0 439.0 436.4 435.5 433.8 -999.0 -999.0 -999.0 -999.0 -999.0 -999.0 -999.0 -999.0 -999.0 -999.0 -999.0 -999.0 -999.0 -999.0 -999.0 -999.0 -999.0 -999.0 -999.0 -999.0 -999.0 -999.0 -999.0 -999.0 -999.0 -999.0 -999.0 -999.0 -999.0 -999.0 -999.0 -999.0
399.7 400.4 424.4 417.6 417.6 417.6 413.5 414.8 422.4 428.9 417.0 425.3 431.4 427.0 437.7 431.2 431.5 445.6 436.6 436.5 436.5 437.1 436.0 437.1 436.3 437.3 436.3 437.3 437.1 437.9 439.0 439.2 446.0 439.2 439.2 439.2 446.0 439.5 439.0 439.0 438.0 438.0 439.0 437.3 434.8 -999.0 -999.0 -999.0 -999.0 -999.0 -999.0 -999.0 -999.0 -999.0 -999.0 -999.0 -999.0 -999.0 -999.0 -999.0 -999.0 -999.0 -999.0 -999.0 -999.0 -999.0 -999.0 -999.0 -999.0 -999.0 -999.0 -999.0 -999.0 -999.0 -999.0 -999.0
399.7 399.7 421.1 417.6 417.6 417.5 424.3 424.5 413.4 422.9 421.6 425.3 425.3 432.9 425.4 438.0 431.5 436.9 436.6 436.5 436.5 436.9 436.9 445.8 437.1 437.1 437.1 437.1 437.1 439.0 439.0 437.9 447.6 439.0 437.9 439.0 438.1 446.3 438.4 444.2 438.0 439.0 439.0 439.0 437.3 -999.0 -999.0 -999.0 -999.0 -999.0 -999.0 -999.0 -999.0 -999.0 -999.0 -999.0 -999.0 -999.0 -999.0 -999.0 -999.0 -999.0 -999.0 -999.0 -999.0 -999.0 -999.0 -999.0 -999.0 -999.0 -999.0 -999.0 -999.0 -999.0 -999.0 -999.0
399.7 399.7 407.0 417.6 407.0 416.8 414.6 414.8 417.1 428.9 421.6 425.3 425.3 427.0 429.9 437.1 440.2 435.9 435.6 436.5 436.5 436.9 436.9 436.9 437.1 437.1 437.1 437.1 436.1 439.0 439.0 439.0 437.9 437.9 449.5 439.0 439.0 439.3 439.3 446.3 439.5 439.0 439.0 439.0 439.0 437.5 -999.0 -999.0 -999.0 -999.0 -999.0 -999.0 -999.0 -999.0 -999.0 -999.0 -999.0 -999.0 -999.0 -999.0 -999.0 -999.0 -999.0 -999.0 -999.0 -999.0 -999.0 -999.0 -999.0 -999.0 -999.0 -999.0 -999.0 -999.0 -999.0 -999.0
400.6 399.7 407.2 410.6 417.6 422.7 424.0 421.3 417.1 426.2 422.6 425.3 423.9 426.7 427.7 429.8 430.2 435.6 442.7 435.2 435.2 439.1 434.4 433.4 434.7 432.1 438.3 432.1 432.1 434.0 432.9 434.0 434.0 434.0 442.6 436.5 436.6 439.3 438.2 445.3 439.5 439.5 439.5 438.0 438.0 438.0 -999.0 -999.0 -999.0 -999.0 -999.0 -999.0 -999.0 -999.0 -999.0 -999.0 -999.0 -999.0 -999.0 -999.0 -999.0 -999.0 -999.0 -999.0 -999.0 -999.0 -999.0 -999.0 -999.0 -999.0 -999.0 -999.0 -999.0 -999.0 -999.0 -999.0
414.7 399.7 407.2 416.4 417.6 417.6 429.2 425.3 426.6 419.2 422.6 433.9 427.9 425.5 422.9 426.2 426.5 430.9 431.6 431.5 431.5 431.9 431.9 431.9 431.1 432.1 438.3 432.1 430.4 425.6 424.6 425.6 425.6 431.9 424.7 439.9 440.8 442.9 436.9 439.3 439.3 439.3 438.4 439.5 439.1 438.0 -999.0 -999.0 -999.0 -999.0 -999.0 -999.0 -999.0 -999.0 -999.0 -999.0 -999.0 -999.0 -999.0 -999.0 -999.0 -999.0 -999.0 -999.0 -999.0 -999.0 -999.0 -999.0 -999.0 -999.0 -999.0 -999.0 -999.0 -999.0 -999.0 -999.0
399.7 399.7 407.2 416.1 426.3 420.5 424.0 425.3 426.6 420.2 422.6 423.9 422.8 423.0 424.0 425.1 426.5 431.9 431.6 431.5 431.5 431.9 438.8 423.5 421.0 421.0 421.0 421.0 417.1 419.0 419.0 419.0 417.9 419.0 417.9 422.9 422.9 432.5 434.3 436.8 438.2 450.4 439.3 438.4 439.5 450.3 439.7 -999.0 -999.0 -999.0 -999.0 -999.0 -999.0 -999.0 -999.0 -999.0 -999.0 -999.0 -999.0 -999.0 -999.0 -999.0 -999.0 -999.0 -999.0 -999.0 -999.0 -999.0 -999.0 -999.0 -999.0 -999.0 -999.0 -999.0 -999.0 -999.0
397.6 399.7 407.2 418.6 416.1 422.2 427.1 425.3 426.6 426.8 422.6 423.9 422.3 422.0 424.0 426.2 426.5 431.9 440.3 429.7 430.3 420.8 420.8 420.8 417.1 418.0 417.1 417.1 417.1 417.9 419.0 417.9 419.0 419.0 419.0 419.0 419.0 419.8 423.2 434.3 434.3 437.9 446.9 439.3 439.5 439.5 439.7 -999.0 -999.0 -999.0 -999.0 -999.0 -999.0 -999.0 -999.0 -999.0 -999.0 -999.0 -999.0 -999.0 -999.0 -999.0 -999.0 -999.0 -999.0 -999.0 -999.0 -999.0 -999.0 -999.0 -999.0 -999.0 -999.0 -999.0 -999.0 -999.0
397.6 396.6 407.2 407.2 407.2 410.0 424.0 425.3 426.6 438.2 421.6 422.9 422.8 422.0 424.0 425.1 427.4 430.9 429.9 420.4 420.4 420.8 416.8 416.8 417.1 417.1 417.1 417.1 417.1 419.0 419.0 419.0 425.3 419.0 419.0 419.0 417.9 419.0 419.0 423.2 425.9 434.3 436.8 439.3 439.3 439.5 442.7 -999.0 -999.0 -999.0 -999.0 -999.0 -999.0 -999.0 -999.0 -999.0 -999.0 -999.0 -999.0 -999.0 -999.0 -999.0 -999.0 -999.0 -999.0 -999.0 -999.0 -999.0 -999.0 -999.0 -999.0 -999.0 -999.0 -999.0 -999.0 -999.0
407.3 397.5 405.1 415.9 408.1 407.2 413.7 424.5 416.1 429.7 422.6 425.3 423.9 425.5 422.9 426.2 426.5 430.9 422.2 420.4 419.4 416.8 416.8 416.8 417.1 417.1 417.1 420.9 416.1 417.7 417.7 417.7 417.7 417.7 417.7 417.7 417.7 419.0 419.0 419.0 419.0 423.2 434.3 436.8 447.9 439.3 440.1 -999.0 -999.0 -999.0 -999.0 -999.0 -999.0 -999.0 -999.0 -999.0 -999.0 -999.0 -999.0 -999.0 -999.0 -999.0 -999.0 -999.0 -999.0 -999.0 -999.0 -999.0 -999.0 -999.0 -999.0 -999.0 -999.0 -999.0 -999.0 -999.0
382.9 396.5 405.1 405.1 407.2 407.2 420.6 415.9 419.3 428.5 421.6 424.2 425.3 426.7 422.9 426.2 433.7 430.9 423.3 420.4 416.5 415.8 416.8 416.8 417.1 417.1 415.9 415.9 415.9 417.7 417.7 417.7 417.7 417.7 417.7 417.7 417.7 427.4 417.7 419.0 419.0 418.0 423.2 434.3 434.3 438.3 439.9 -999.0 -999.0 -999.0 -999.0 -999.0 -999.0 -999.0 -999.0 -999.0 -999.0 -999.0 -999.0 -999.0 -999.0 -999.0 -999.0 -999.0 -999.0 -999.0 -999.0 -999.0 -999.0 -999.0 -999.0 -999.0 -999.0 -999.0 -999.0 -999.0
335.6 391.1 405.1 405.1 407.8 407.2 414.8 415.0 417.3 420.2 422.6 424.2 424.2 428.0 426.6 438.1 426.5 431.9 429.9 420.4 416.5 416.8 415.8 416.8 417.1 415.9 415.9 415.9 415.9 417.7 417.7 417.7 417.7 417.7 417.7 417.7 424.3 417.7 417.7 417.7 417.7 427.6 419.0 419.0 429.5 434.3 439.9 440.7 -999.0 -999.0 -999.0 -999.0 -999.0 -999.0 -999.0 -999.0 -999.0 -999.0 -999.0 -999.0 -999.0 -999.0 -999.0 -999.0 -999.0 -999.0 -999.0 -999.0 -999.0 -999.0 -999.0 -999.0 -999.0 -999.0 -999.0 -999.0
310.0 393.0 413.8 405.1 405.1 405.2 414.8 424.7 416.3 420.4 421.6 425.3 425.3 428.0 429.0 430.1 429.9 430.9 440.3 420.4 422.3 415.8 416.8 415.8 417.1 415.9 415.9 415.9 415.9 417.7 412.6 417.7 417.7 417.7 417.7 417.7 417.7 417.7 417.7 417.7 417.7 425.3 417.9 419.0 394.8 336.8 434.9 384.3 431.0 441.7 -999.0 -999.0 -999.0 -999.0 -999.0 -999.0 -999.0 -999.0 -999.0 -999.0 -999.0 -999.0 -999.0 -999.0 -999.0 -999.0 -999.0 -999.0 -999.0 -999.0 -999.0 -999.0 -999.0 -999.0 -999.0 -999.0
265.7 310.0 415.4 410.3 404.1 405.1 412.7 413.9 416.3 421.3 422.8 425.5 425.3 428.0 429.0 431.2 431.5 434.4 430.6 431.5 420.4 423.2 416.8 416.8 416.1 415.9 415.9 415.9 415.9 417.7 417.7 417.7 417.7 417.7 417.7 417.7 417.7 417.7 417.7 417.7 417.7 417.7 417.7 419.0 419.0 419.0 426.5 436.7 440.4 273.6 239.6 -999.0 -999.0 -999.0 -999.0 -999.0 -999.0 -999.0 -999.0 -999.0 -999.0 -999.0 -999.0 -999.0 -999.0 -999.0 -999.0 -999.0 -999.0 -999.0 -999.0 -999.0 -999.0 -999.0 -999.0 -999.0
239.4 254.6 390.7 415.4 405.1 405.1 411.6 413.9 415.3 420.4 422.8 425.5 425.5 427.2 429.0 431.2 430.5 435.9 434.2 431.5 429.7 420.8 416.8 416.8 417.1 417.1 415.9 415.9 415.9 417.7 417.7 417.7 420.9 417.7 417.7 417.7 417.7 417.7 417.7 420.9 417.7 417.7 417.7 417.7 419.0 419.0 419.6 435.0 435.7 441.7 441.7 303.1 -999.0 -999.0 -999.0 -999.0 -999.0 -999.0 -999.0 -999.0 -999.0 -999.0 -999.0 -999.0 -999.0 -999.0 -999.0 -999.0 -999.0 -999.0 -999.0 -999.0 -999.0 -999.0 -999.0 -999.0
238.9 239.8 300.8 308.5 405.1 405.1 412.6 412.9 415.2 418.2 420.7 433.2 425.5 428.2 428.1 430.1 430.5 435.9 436.6 434.0 431.5 431.9 420.8 416.8 417.1 416.1 415.9 415.9 415.9 425.3 417.7 417.7 417.7 417.7 417.7 417.7 417.7 417.7 417.7 417.7 417.7 417.7 417.7 417.7 417.9 419.0 419.6 425.7 435.7 436.7 441.7 322.1 279.8 -999.0 -999.0 -999.0 -999.0 -999.0 -999.0 -999.0 -999.0 -999.0 -999.0 -999.0 -999.0 -999.0 -999.0 -999.0 -999.0 -999.0 -999.0 -999.0 -999.0 -999.0 -999.0 -999.0
234.2 238.9 233.8 301.0 415.4 403.5 412.6 413.9 415.2 418.2 420.7 423.3 423.4 428.2 435.1 431.4 431.7 435.9 436.6 436.5 435.2 431.9 431.9 420.8 417.1 417.1 417.1 417.1 415.9 419.7 417.7 417.7 417.7 417.7 417.7 417.7 417.7 417.7 417.7 417.7 417.7 417.7 417.7 417.7 417.7 418.0 419.6 421.4 425.7 436.7 436.7 439.1 358.2 439.3 -999.0 -999.0 -999.0 -999.0 -999.0 -999.0 -999.0 -999.0 -999.0 -999.0 -999.0 -999.0 -999.0 -999.0 -999.0 -999.0 -999.0 -999.0 -999.0 -999.0 -999.0 -999.0
233.8 239.3 240.5 235.8 310.9 423.8 409.9 412.4 413.6 418.2 419.7 423.3 423.3 426.1 427.0 431.4 431.7 437.1 436.6 436.5 435.4 436.9 431.9 431.9 421.0 417.1 417.1 417.1 417.1 419.0 417.7 417.7 417.7 417.7 417.7 417.7 417.7 417.7 417.7 417.7 417.7 417.7 417.7 417.7 417.7 419.0 419.6 421.4 421.4 425.7 436.7 434.1 439.1 439.1 437.6 440.4 434.1 -999.0 -999.0 -999.0 -999.0 -999.0 -999.0 -999.0 -999.0 -999.0 -999.0 -999.0 -999.0 -999.0 -999.0 -999.0 -999.0 -999.0 -999.0 -999.0
231.6 233.3 234.6 243.0 283.5 311.2 313.7 425.6 424.3 416.7 420.7 423.3 423.3 426.0 427.0 429.3 431.7 437.1 436.8 436.7 436.5 436.9 436.9 434.4 432.1 427.4 421.0 417.1 417.1 419.0 419.0 419.0 419.0 424.3 417.7 417.7 417.7 417.7 419.7 417.7 417.7 417.7 417.7 417.7 417.7 417.8 419.6 421.4 421.4 421.4 424.6 434.1 437.8 443.1 437.4 438.6 434.5 446.4 -999.0 -999.0 -999.0 -999.0 -999.0 -999.0 -999.0 -999.0 -999.0 -999.0 -999.0 -999.0 -999.0 -999.0 -999.0 -999.0 -999.0 -999.0
222.1 231.0 234.9 242.5 237.0 248.6 289.6 329.3 318.3 378.2 429.8 434.4 423.3 426.0 435.7 429.2 429.5 436.7 436.8 436.7 435.6 436.9 436.9 436.9 435.8 432.1 431.1 423.8 421.0 417.9 419.0 419.0 419.0 419.0 419.0 417.7 417.7 417.7 421.3 417.7 417.7 417.7 417.7 417.7 417.7 417.8 418.4 421.4 421.4 421.4 420.5 432.3 434.1 439.6 438.4 438.6 435.0 434.1 444.0 -999.0 -999.0 -999.0 -999.0 -999.0 -999.0 -999.0 -999.0 -999.0 -999.0 -999.0 -999.0 -999.0 -999.0 -999.0 -999.0 -999.0
221.4 230.2 233.9 240.4 247.0 248.2 327.5 323.1 305.0 320.2 411.0 435.0 321.2 424.5 427.0 428.2 429.5 436.6 435.3 436.2 436.7 437.1 437.1 436.9 437.1 437.1 435.8 432.1 432.1 432.9 425.6 425.0 419.0 419.0 419.0 419.0 417.7 417.7 417.7 417.7 417.7 417.7 417.7 417.7 417.7 417.8 418.4 421.4 421.4 421.4 421.4 423.0 434.1 436.6 438.4 437.4 433.5 433.5 434.2 435.2 -999.0 -999.0 -999.0 -999.0 -999.0 -999.0 -999.0 -999.0 -999.0 -999.0 -999.0 -999.0 -999.0 -999.0 -999.0 -999.0
224.9 236.6 239.6 238.3 240.0 267.3 250.5 309.6 317.6 408.4 358.1 321.5 422.8 426.9 425.3 427.7 429.5 436.6 436.4 436.2 435.3 436.7 437.1 437.1 437.3 437.1 437.1 437.1 437.1 436.5 432.9 434.0 431.2 421.9 419.0 419.0 419.0 419.0 417.7 417.7 419.7 419.7 417.7 417.7 417.7 417.8 418.4 421.4 421.4 421.4 421.4 423.0 432.3 434.1 438.4 437.4 434.3 438.2 434.6 434.2 229.6 -999.0 -999.0 -999.0 -999.0 -999.0 -999.0 -999.0 -999.0 -999.0 -999.0 -999.0 -999.0 -999.0 -999.0 -999.0
203.1 208.0 213.0 226.8 230.0 238.2 241.4 336.9 293.7 348.0 335.2 303.7 433.6 436.3 426.5 428.6 427.9 434.1 436.4 436.2 436.2 436.6 436.7 436.7 437.3 437.3 437.3 448.3 437.1 439.0 437.9 437.7 442.6 432.9 424.6 431.6 419.0 419.0 419.0 419.0 417.7 417.7 417.7 417.7 417.7 417.8 418.4 420.2 420.4 420.4 421.4 418.8 423.0 434.1 435.9 438.4 433.3 439.8 435.7 399.3 229.9 276.4 -999.0 -999.0 -999.0 -999.0 -999.0 -999.0 -999.0 -999.0 -999.0 -999.0 -999.0 -999.0 -999.0 -999.0
234.5 227.4 220.2 234.3 231.0 222.1 230.1 242.2 322.3 315.6 286.4 313.7 339.8 436.3 437.3 427.0 436.0 434.5 436.9 434.7 436.2 436.6 436.6 436.6 436.9 436.9 436.3 437.3 437.3 439.0 439.0 439.0 439.0 437.7 434.0 434.0 422.9 419.0 417.9 419.0 419.0 419.0 417.7 417.7 417.7 417.8 418.4 420.2 420.4 421.4 421.4 418.8 423.0 432.8 433.4 437.1 434.3 434.3 439.8 435.7 435.7 412.6 -999.0 -999.0 -999.0 -999.0 -999.0 -999.0 -999.0 -999.0 -999.0 -999.0 -999.0 -999.0 -999.0 -999.0
208.6 214.3 227.2 223.7 237.6 225.7 229.6 231.7 249.2 247.0 265.9 279.4 325.5 332.4 365.7 434.2 438.2 445.3 432.2 432.0 432.7 434.0 437.5 436.6 436.9 436.9 445.4 435.9 437.3 439.2 439.2 439.2 437.9 439.0 439.0 434.0 434.0 422.1 419.0 419.0 419.0 419.0 419.0 419.0 424.9 417.8 426.8 421.4 421.4 421.4 420.4 418.8 418.8 423.0 433.4 433.4 433.0 434.3 447.4 435.7 435.7 301.0 -999.0 -999.0 -999.0 -999.0 -999.0 -999.0 -999.0 -999.0 -999.0 -999.0 -999.0 -999.0 -999.0 -999.0
310.6 245.1 237.0 233.3 285.0 306.6 411.6 334.3 248.2 253.2 258.6 284.8 315.0 324.7 349.3 434.2 434.5 441.6 439.3 432.0 440.7 432.4 432.4 434.9 435.3 436.9 436.9 436.9 436.9 438.8 439.2 439.2 439.2 439.0 439.0 439.0 434.0 434.3 423.2 419.0 419.0 419.0 419.0 419.0 419.0 419.0 419.6 421.4 421.4 421.4 421.4 418.8 418.8 418.8 422.3 433.4 429.3 434.3 435.5 435.5 435.7 326.2 225.6 -999.0 -999.0 -999.0 -999.0 -999.0 -999.0 -999.0 -999.0 -999.0 -999.0 -999.0 -999.0 -999.0
212.6 272.0 233.5 231.5 330.8 418.9 412.6 422.0 287.2 247.1 347.2 320.4 326.7 321.8 333.3 352.4 434.5 441.6 439.3 439.2 429.9 428.7 432.4 432.4 432.7 433.4 435.3 436.9 436.9 438.7 438.8 439.2 439.2 439.2 439.0 439.0 437.7 434.3 434.3 423.2 423.2 424.8 419.0 419.0 419.0 419.0 419.6 421.4 421.4 420.4 421.4 427.0 418.8 418.8 422.3 425.0 429.3 429.3 435.5 345.9 255.1 228.2 227.7 -999.0 -999.0 -999.0 -999.0 -999.0 -999.0 -999.0 -999.0 -999.0 -999.0 -999.0 -999.0 -999.0
237.3 222.2 249.8 216.9 289.2 404.1 416.8 424.5 413.7 417.7 287.8 289.7 432.6 419.6 337.0 336.9 379.2 440.6 439.3 439.2 439.2 439.6 430.3 430.3 430.0 431.7 432.7 433.4 435.3 438.7 438.7 438.8 439.2 439.2 439.2 439.0 437.9 437.9 433.2 434.3 423.2 423.2 419.0 419.0 419.0 419.0 419.6 421.4 420.4 421.4 421.4 418.8 418.8 418.8 418.1 422.3 420.9 429.3 430.5 435.5 435.5 435.5 391.3 -999.0 -999.0 -999.0 -999.0 -999.0 -999.0 -999.0 -999.0 -999.0 -999.0 -999.0 -999.0 -999.0
192.4 225.6 220.2 224.3 238.6 405.2 412.6 412.9 420.0 418.1 420.2 339.6 293.4 310.5 328.3 334.3 340.6 357.1 407.9 439.2 439.2 439.6 439.6 439.6 439.8 439.8 430.0 432.7 432.7 436.2 438.7 438.7 438.8 439.2 439.2 439.0 439.0 439.3 436.8 434.3 440.6 425.9 423.2 419.0 419.0 419.0 419.6 421.4 429.7 421.4 421.4 418.8 419.3 418.8 418.1 418.1 418.2 418.2 430.5 430.5 435.5 435.5 435.5 -999.0 -999.0 -999.0 -999.0 -999.0 -999.0 -999.0 -999.0 -999.0 -999.0 -999.0 -999.0 -999.0
