GSP_annual_reports_PET_2024_v1/GIS/PET_2022_Spring_Deep.tif
NCOLS 191
NROWS  209
XLLCORNER 6295515.91401
YLLCORNER 1783415.49397
CELLSIZE 1000.0
NODATA_VALUE -999
[rows 132 to 164 of 209, columns 76 to 151 of 191]
14.2 16.2 18.8 19.6 32.9 35.9 36.6 48.7 57.3 62.5 74.0 81.8 86.5 74.9 90.6 -10.1 25.1 132.7 131.1 142.5 187.9 207.3 211.0 217.3 239.4 197.3 214.9 277.0 392.1 441.3 419.2 429.1 429.1 439.4 425.0 413.6 435.1 428.5 429.7 429.7 438.5 382.6 274.0 193.1 163.8 112.7 73.9 66.4 65.1 50.0 52.0 48.6 43.5 48.5 50.3 46.9 48.0 43.6 47.2 42.2 41.7 42.6 42.8 44.4 42.6 47.3 42.9 41.6 42.0 45.6 51.6 57.8 82.7 118.2 201.2 209.8
20.7 14.2 14.3 20.6 25.3 33.7 38.7 41.8 56.2 57.4 61.6 68.8 75.3 64.3 77.5 71.9 73.6 82.8 92.6 97.8 197.5 196.6 203.7 197.8 210.3 179.7 227.0 209.4 282.3 431.5 429.1 429.6 418.7 423.3 422.7 431.3 422.8 427.1 425.1 426.2 426.2 426.2 278.9 208.7 197.2 127.6 91.4 76.5 66.5 52.7 49.0 47.4 42.1 44.5 42.7 44.1 42.7 42.6 41.7 39.6 38.6 37.4 40.4 46.8 41.1 43.4 42.5 44.6 40.9 42.7 44.3 50.5 80.0 135.5 154.6 205.9
17.4 13.5 12.2 14.7 22.3 28.6 34.3 38.1 40.8 45.5 58.7 61.6 64.1 66.7 66.3 72.9 63.5 67.1 67.3 79.4 133.7 181.8 189.0 157.7 177.9 172.8 208.7 200.1 224.2 252.6 370.5 273.8 429.1 407.7 431.0 421.6 421.7 426.2 426.2 431.8 290.0 289.5 235.5 212.2 218.6 206.7 141.0 54.7 55.8 53.3 50.2 44.9 42.0 48.4 41.7 41.5 42.3 40.7 42.9 37.2 29.2 39.0 37.8 38.8 39.3 40.8 42.6 47.7 45.0 46.4 43.3 49.0 70.3 104.5 147.0 189.1
16.5 16.3 11.7 16.3 15.0 22.3 27.7 35.1 37.7 41.0 43.0 57.4 59.5 63.6 66.9 69.5 67.2 62.0 61.6 65.6 63.2 124.3 126.5 143.4 161.5 163.5 205.3 144.3 213.0 219.8 192.4 293.4 290.5 427.8 424.5 427.3 415.8 429.2 426.2 426.2 396.7 275.0 216.2 207.9 213.3 225.9 120.6 80.8 54.0 54.8 48.4 43.1 46.0 45.6 40.4 40.2 42.0 39.0 37.7 37.2 29.9 38.0 37.8 36.2 35.8 31.9 39.3 46.1 45.0 46.8 46.6 43.2 62.1 141.6 155.5 144.0
33.9 32.5 13.1 11.8 17.2 14.5 22.7 27.5 32.2 37.3 37.4 40.9 52.7 57.6 57.8 64.9 70.4 69.3 72.3 66.8 72.1 68.7 120.7 123.1 110.4 112.6 132.2 132.0 161.8 156.9 207.7 215.1 225.7 274.6 283.5 390.5 428.5 428.0 426.3 426.3 404.2 245.7 210.2 234.4 212.0 204.2 159.5 67.5 54.2 49.5 45.5 48.4 47.2 42.3 43.2 38.0 38.5 38.6 31.2 36.5 27.9 35.2 30.5 29.7 30.5 29.6 30.8 35.6 42.1 43.6 51.4 49.3 67.2 87.7 193.7 216.2
84.2 41.9 46.6 12.2 8.9 11.5 14.6 18.8 25.5 31.4 35.2 37.1 39.9 51.4 51.7 59.0 56.8 63.5 72.0 72.2 69.5 82.7 85.1 56.2 50.9 60.6 70.2 103.8 131.8 191.5 181.3 190.7 187.8 224.3 296.8 358.4 360.1 427.8 428.9 428.9 434.5 427.7 205.7 205.8 267.8 207.3 152.2 80.4 55.1 50.9 44.3 48.6 42.4 40.8 37.6 38.2 33.0 37.4 31.6 30.1 27.5 35.2 26.1 31.3 27.7 29.4 30.5 31.6 36.0 44.3 62.0 51.4 79.3 72.4 152.7 190.0
36.9 35.7 23.2 24.4 16.0 12.3 7.9 14.0 19.2 23.5 29.1 33.3 37.1 38.5 42.0 52.9 53.0 57.5 58.7 63.6 69.1 76.8 76.2 58.4 76.0 83.8 78.9 97.2 88.6 127.0 155.8 160.3 153.2 212.3 225.1 225.6 220.0 214.4 266.9 344.8 428.3 428.5 429.5 206.2 217.8 206.1 123.9 81.0 54.4 50.7 45.5 46.0 44.9 38.7 39.0 38.5 33.5 30.0 30.1 30.9 29.2 26.2 31.7 27.3 24.5 27.2 26.7 28.7 32.1 42.2 44.3 88.1 67.5 145.0 128.2 142.1
41.7 29.1 41.8 26.1 16.4 10.5 10.7 9.4 13.2 16.3 22.7 25.3 29.2 33.9 36.8 39.3 45.1 47.5 51.9 57.6 61.4 57.9 68.8 78.0 70.3 66.3 124.4 127.1 131.0 154.2 104.8 146.9 123.2 142.6 163.3 168.6 183.4 202.1 203.2 274.5 309.9 434.5 332.4 217.2 187.4 206.2 126.5 72.6 55.9 53.5 49.1 44.3 48.1 43.8 39.3 30.2 30.8 29.2 29.4 27.3 27.0 29.1 26.5 27.3 25.0 24.2 23.2 26.6 31.0 37.1 43.1 43.9 75.7 100.8 146.8 70.9
68.9 33.8 27.2 22.1 12.1 7.0 4.7 8.9 9.2 15.1 16.1 15.6 22.3 24.1 32.5 32.8 35.9 40.4 47.5 52.2 58.0 60.6 58.4 62.9 68.9 121.3 139.2 144.4 142.7 142.1 131.5 102.1 145.6 119.9 136.0 148.5 161.0 163.5 181.7 212.3 211.9 281.7 294.8 205.0 185.7 120.9 101.9 86.2 56.4 53.0 48.3 47.5 48.9 43.3 40.5 30.8 40.0 36.9 30.9 25.4 26.5 24.7 24.9 25.5 25.8 23.4 23.7 24.6 27.3 31.7 37.4 46.4 50.5 101.7 144.3 73.3
96.7 87.2 32.6 24.9 14.6 5.0 3.6 4.1 9.2 8.9 8.3 9.3 12.7 15.7 19.6 25.1 31.3 33.9 37.1 44.8 46.3 53.7 51.9 55.2 49.2 83.0 71.4 87.1 123.9 153.3 153.5 159.9 157.8 157.6 121.2 135.6 167.2 192.3 204.3 214.4 206.9 245.9 278.1 232.7 171.7 121.5 198.7 105.8 80.1 53.2 47.6 45.6 47.1 43.4 40.6 38.4 38.4 31.2 31.2 24.6 25.3 24.6 23.4 23.0 24.1 21.5 20.6 23.5 24.6 28.9 30.4 42.3 45.0 56.1 117.3 64.4
76.8 91.4 36.5 30.8 28.5 3.8 4.2 3.9 3.6 5.9 7.3 7.9 6.8 8.4 12.4 13.8 19.6 23.7 30.5 37.4 40.3 38.5 39.4 38.1 56.2 72.5 167.0 152.2 145.8 140.4 163.3 199.8 177.6 191.1 152.0 134.4 154.8 191.6 188.1 188.2 203.7 214.3 276.2 209.5 203.1 217.0 287.5 158.9 121.9 136.2 50.8 43.6 47.6 42.9 37.4 34.9 34.7 31.0 27.6 29.1 23.6 23.6 21.9 20.7 25.0 20.6 20.5 20.9 23.2 24.4 30.8 39.7 46.2 52.7 74.0 50.8
103.9 104.0 84.1 91.1 40.3 25.6 4.2 4.3 5.5 3.9 4.3 3.9 7.6 7.2 4.3 8.6 14.3 14.1 18.2 26.6 32.0 34.8 35.3 36.1 57.0 76.2 152.4 152.4 163.4 195.9 152.9 196.5 186.0 185.4 203.0 166.2 138.7 162.8 172.3 212.9 214.1 216.3 211.4 218.5 211.1 319.4 432.9 309.7 212.3 117.7 145.0 49.6 46.0 47.7 40.6 30.7 30.1 29.7 26.6 21.9 23.1 24.1 20.8 19.9 19.7 20.2 19.5 19.7 21.5 22.7 24.1 31.4 42.6 45.2 45.3 70.1
83.4 75.4 52.9 50.1 45.2 3.5 9.4 4.6 5.7 5.0 5.3 5.0 5.5 3.0 3.1 -3.6 -5.2 5.0 18.0 19.4 24.3 23.4 25.0 26.3 39.7 143.1 76.7 80.9 160.5 166.9 188.1 196.8 210.5 203.6 199.7 179.3 168.8 167.0 182.6 210.5 236.6 211.0 212.5 208.9 210.9 358.1 432.9 433.1 433.1 209.1 127.5 77.0 52.7 46.4 41.9 33.6 30.5 29.2 26.1 23.9 23.2 23.8 22.6 20.2 19.7 22.6 19.1 19.2 19.2 16.2 23.0 25.8 42.3 47.6 44.0 128.5
130.1 77.7 66.1 46.9 29.4 -1.4 8.5 5.0 6.0 8.1 6.7 3.8 4.0 5.1 6.3 6.5 1.0 7.2 4.2 10.0 14.3 14.3 16.1 17.2 20.2 56.6 42.7 61.3 117.1 162.0 173.2 181.7 195.7 205.0 215.5 183.6 193.6 194.1 210.8 270.7 234.6 252.7 233.1 217.6 216.0 431.5 432.9 432.1 331.8 202.8 211.3 112.2 72.6 47.5 41.5 31.7 28.5 24.6 25.2 22.1 26.7 22.7 21.7 19.7 18.8 19.0 17.5 18.1 18.3 18.1 15.6 21.6 31.4 34.6 44.0 42.9
148.3 118.8 64.4 53.5 40.3 -0.4 3.3 4.2 4.2 5.5 5.2 3.7 4.8 3.5 5.1 4.9 6.9 3.1 4.7 0.5 8.3 9.3 10.9 13.8 15.5 18.8 31.8 110.3 166.9 200.2 164.0 184.2 174.7 184.7 211.0 297.9 202.3 190.2 185.0 206.1 260.8 303.9 287.5 268.0 220.9 260.8 432.9 443.6 433.1 433.1 369.5 214.4 95.9 47.9 46.4 41.5 31.5 27.3 25.5 19.4 20.2 19.8 19.9 19.2 18.8 18.8 18.8 18.1 19.0 19.0 18.4 19.3 23.0 29.1 40.6 41.4
144.2 134.7 122.7 78.4 49.3 39.7 27.6 -3.0 34.9 25.4 22.3 5.5 21.9 45.3 6.0 3.3 4.0 5.5 5.3 5.5 6.4 3.2 8.9 11.0 11.0 12.8 17.0 65.5 156.9 184.5 119.6 210.1 259.2 213.2 206.7 242.6 261.4 208.4 191.5 210.3 295.3 220.0 211.2 216.2 220.0 276.4 432.9 436.2 431.9 441.3 279.7 430.2 328.3 118.6 43.3 43.7 38.0 27.5 24.8 21.8 18.7 19.2 21.8 19.0 17.9 18.7 19.8 18.3 19.4 18.8 18.4 18.4 19.6 22.7 28.2 42.2
131.8 133.5 140.5 117.2 77.9 49.6 34.0 30.3 44.9 41.1 69.6 38.3 120.5 106.8 16.8 6.1 5.4 5.4 4.5 5.8 5.6 5.6 8.2 6.8 11.7 9.0 11.7 18.3 77.9 171.9 175.6 272.9 288.2 297.0 276.9 198.5 192.6 181.2 184.8 210.9 209.3 213.7 209.7 270.5 279.7 296.3 330.0 433.6 441.8 432.4 432.4 430.7 392.0 203.6 73.0 47.4 45.2 29.3 26.0 23.7 20.1 19.4 17.8 21.6 18.9 19.8 19.7 19.8 19.8 19.9 19.8 20.8 19.6 20.3 24.4 39.9
151.4 126.7 119.9 121.7 113.3 61.9 125.1 58.8 46.4 40.6 51.6 116.5 125.1 122.4 117.9 5.4 5.8 3.6 9.7 4.2 4.7 5.0 6.9 7.8 6.8 8.2 11.9 14.8 19.6 38.8 162.3 188.3 203.1 186.2 188.1 203.9 181.7 185.5 183.1 186.8 198.0 212.2 217.8 209.4 299.6 345.3 363.5 439.0 433.6 441.6 433.6 339.0 185.3 110.6 80.1 53.0 45.3 32.5 25.7 23.2 20.5 19.3 19.5 20.4 19.7 19.8 19.7 19.8 19.7 15.2 20.4 20.5 20.7 19.5 19.5 20.4
293.2 197.1 128.4 125.7 83.0 120.2 125.3 68.0 51.8 79.9 47.9 107.6 154.6 131.7 128.3 97.8 5.6 4.0 3.7 4.0 3.8 4.8 7.3 4.8 8.2 7.3 6.8 9.8 16.6 41.9 151.3 151.5 161.4 204.9 271.9 264.3 223.5 220.4 203.7 182.9 211.1 195.8 209.1 207.2 253.6 388.7 442.2 437.2 434.8 436.0 435.0 433.1 433.1 207.9 92.4 46.4 41.9 28.5 22.3 22.5 17.6 17.1 17.0 16.9 17.2 16.9 17.1 16.9 17.1 17.1 17.0 17.8 16.9 14.4 16.9 17.1
300.7 279.5 129.8 122.8 119.0 115.0 114.2 66.8 65.4 117.6 121.2 127.0 130.1 148.6 146.4 125.8 38.5 7.0 5.9 3.7 3.6 3.7 4.0 4.5 6.8 4.7 4.8 6.6 9.5 23.1 38.3 99.5 141.8 158.2 183.3 231.2 368.4 305.6 284.6 219.1 185.3 200.2 216.2 213.8 208.1 347.7 446.8 447.6 434.5 436.7 435.6 434.9 284.6 194.4 147.7 70.7 39.2 36.0 24.9 22.6 16.4 15.4 17.3 15.9 15.8 15.8 15.8 16.7 15.9 15.6 15.8 15.6 15.8 15.8 15.8 15.8
165.7 197.1 153.6 241.6 125.9 125.9 139.3 121.3 64.8 65.3 117.2 126.3 191.0 121.3 123.6 125.2 38.7 9.3 5.9 5.7 3.5 3.7 3.9 3.7 4.2 4.2 5.3 4.4 3.4 4.7 11.8 16.8 54.7 66.8 151.7 165.0 190.6 216.8 213.0 176.7 189.0 188.7 189.5 204.4 214.4 208.8 431.4 447.6 426.9 435.6 447.6 433.8 374.6 274.1 268.8 105.2 76.3 43.4 41.8 32.3 19.2 16.1 15.8 15.9 15.8 15.6 15.8 16.5 11.6 15.8 11.7 15.6 15.9 15.6 15.9 15.7
126.6 190.7 188.9 165.6 124.5 127.1 122.2 77.8 80.1 120.5 109.1 174.8 124.6 123.0 127.2 82.9 32.1 35.7 31.8 31.8 3.7 3.5 3.6 3.5 3.6 4.0 3.8 4.1 1.8 2.1 7.9 10.2 16.2 26.8 147.0 183.7 205.6 190.2 201.8 193.8 192.8 189.1 195.3 204.2 208.3 210.6 431.7 433.1 449.1 444.1 446.0 432.9 433.9 433.9 213.8 170.5 86.8 50.0 38.7 32.8 19.1 15.3 16.5 15.8 15.6 15.7 15.5 15.5 15.8 15.7 15.7 10.3 15.9 15.7 15.8 15.8
164.3 230.0 153.2 183.0 170.1 127.6 125.7 120.0 118.0 123.4 118.0 164.5 126.6 73.6 61.6 52.8 116.7 44.0 43.5 99.9 27.7 26.8 3.5 3.5 3.4 3.4 3.8 3.8 2.0 2.1 6.4 9.5 9.3 19.6 59.5 149.4 260.9 270.2 214.7 209.6 211.9 193.3 188.8 198.1 204.4 214.8 249.2 441.8 435.2 440.4 436.4 434.6 423.5 433.6 400.8 209.8 167.7 64.0 42.0 39.9 73.9 27.7 15.4 16.0 15.6 15.9 15.2 15.9 15.4 15.8 15.5 15.1 15.4 15.5 15.3 15.3
128.1 179.1 128.2 203.4 250.6 127.7 190.3 120.4 126.2 317.0 173.4 125.0 117.7 117.8 127.2 122.4 121.0 61.5 51.1 64.4 52.8 3.9 3.5 3.4 3.4 3.6 3.4 2.2 2.1 1.9 3.0 5.8 8.7 14.9 30.6 101.4 164.0 291.8 285.0 226.0 201.2 217.1 191.7 192.1 202.7 219.1 219.4 284.8 392.9 448.4 438.2 420.5 434.6 433.6 433.8 285.0 209.3 110.3 56.0 39.7 36.2 43.2 21.1 13.9 13.6 13.6 14.9 13.5 13.5 13.5 10.0 13.7 13.7 13.8 14.6 13.8
129.6 142.6 171.5 122.2 170.1 170.7 126.5 121.8 129.4 296.9 235.1 155.5 153.2 211.8 187.6 130.0 128.8 102.7 79.7 55.7 21.7 20.8 3.6 3.4 3.3 3.3 3.4 3.6 2.2 2.1 2.0 2.6 3.4 -4.2 66.2 62.5 130.5 169.1 291.0 246.9 214.8 209.8 217.9 191.5 196.5 220.6 218.7 288.9 319.8 425.0 448.4 449.6 433.3 444.4 427.0 433.5 430.6 188.9 76.3 46.8 35.2 24.1 32.2 13.5 13.7 14.6 15.2 13.7 13.5 13.5 13.5 13.6 13.7 13.7 13.8 8.7
134.6 121.5 132.2 139.8 156.8 155.6 124.7 131.5 248.7 128.7 170.3 150.4 282.6 205.3 183.5 214.3 157.5 120.5 126.2 115.1 24.5 3.6 3.4 3.6 3.5 3.3 3.4 3.4 3.4 2.2 3.3 3.9 4.4 16.2 54.0 63.5 126.0 149.3 157.1 257.6 254.7 223.9 217.6 205.0 194.2 212.8 222.1 265.1 417.5 437.6 448.9 413.1 447.8 439.5 445.6 445.6 441.0 411.8 275.4 143.5 79.4 32.9 19.9 13.4 13.1 14.5 13.1 12.8 12.7 12.9 12.9 12.8 12.8 13.0 13.1 13.1
122.1 127.9 -999.0 129.5 129.5 169.3 179.9 169.8 129.8 123.8 124.1 140.9 289.9 144.1 129.3 152.3 124.8 122.0 127.5 119.6 50.1 3.4 3.3 3.2 3.2 3.3 3.1 3.4 3.2 3.7 3.6 3.6 4.0 3.7 24.3 61.7 74.7 103.4 147.0 204.0 234.6 295.6 248.2 227.8 207.7 181.1 223.2 372.9 437.3 438.3 359.0 323.2 395.2 431.7 436.3 443.0 436.6 427.5 429.0 327.8 199.4 83.5 13.8 12.8 11.5 13.1 13.0 12.9 12.9 12.8 12.8 13.0 12.8 12.9 13.0 13.1
-999.0 -999.0 -999.0 -999.0 -999.0 313.6 319.8 127.4 130.2 105.3 127.7 198.0 175.5 176.6 105.6 127.2 54.2 46.5 112.9 113.9 73.0 6.0 3.2 3.0 3.0 3.0 3.0 3.1 3.2 3.2 3.4 3.4 3.7 4.5 9.1 43.3 60.0 136.0 136.3 165.1 198.7 285.8 279.3 304.3 223.6 197.4 167.6 219.1 326.9 324.8 301.3 304.5 224.5 344.3 432.4 444.5 429.6 433.4 439.3 419.4 193.0 37.6 21.0 8.8 5.9 10.6 10.1 9.1 8.7 9.0 8.8 8.8 8.9 8.9 9.0 9.1
-999.0 -999.0 -999.0 -999.0 -999.0 -999.0 280.5 182.5 101.6 128.5 127.1 130.6 124.5 111.6 77.9 51.2 40.7 30.1 21.6 12.3 9.0 3.9 4.8 50.6 48.8 3.8 3.0 3.0 3.0 3.2 3.4 3.4 3.9 4.2 17.3 33.1 54.1 144.4 116.8 157.9 171.9 189.0 194.0 318.5 266.7 227.8 170.6 181.9 210.2 213.9 208.4 303.5 217.5 273.0 328.6 290.8 321.5 438.5 441.1 441.1 295.3 169.9 37.2 9.6 8.9 8.9 8.9 9.6 8.8 8.7 9.0 9.0 9.0 9.0 9.0 9.0
-999.0 -999.0 -999.0 -999.0 -999.0 -999.0 132.3 126.0 99.8 131.3 250.3 267.3 184.9 127.2 102.3 121.2 52.6 13.2 13.3 8.8 7.5 3.4 3.6 31.8 45.6 46.0 2.9 2.8 2.9 2.9 3.2 3.2 3.3 3.3 13.3 17.9 56.9 141.1 147.4 151.2 163.0 110.4 198.2 269.4 250.8 281.7 240.7 217.3 140.7 99.5 143.3 187.2 148.2 223.9 227.6 205.5 164.3 216.5 288.2 441.1 224.7 176.6 33.9 11.5 5.9 8.8 9.0 8.3 9.1 9.0 6.9 8.8 8.8 8.9 8.4 9.7
-999.0 -999.0 -999.0 -999.0 -999.0 -999.0 119.8 91.8 136.5 132.5 127.6 136.4 128.2 125.3 86.5 100.1 56.2 14.2 46.3 41.6 6.4 4.8 3.5 5.7 3.6 3.1 2.9 2.9 2.9 2.9 2.9 3.0 3.2 3.4 15.4 8.5 39.7 63.0 112.8 146.6 83.1 100.5 186.6 218.8 271.2 216.8 389.7 337.2 280.5 202.5 146.2 90.2 94.0 85.1 118.3 133.4 147.1 147.3 223.9 299.1 333.8 247.9 114.0 9.1 9.1 8.8 9.0 9.0 8.8 6.5 9.1 9.1 9.0 9.1 9.1 9.1
-999.0 -999.0 -999.0 -999.0 -999.0 -999.0 -999.0 118.5 122.7 70.9 39.2 41.6 32.9 35.1 41.3 69.1 43.7 28.3 118.2 120.4 38.8 32.4 7.0 3.7 3.1 2.7 2.9 3.0 2.9 2.9 2.9 3.0 3.1 3.8 3.4 7.5 17.5 29.8 71.1 77.8 143.1 81.9 178.0 218.7 182.4 253.0 283.3 405.4 474.2 291.6 197.3 171.9 64.1 50.9 83.4 99.7 85.7 81.6 91.5 173.0 199.3 183.4 57.4 26.7 8.7 9.0 8.9 8.9 9.0 8.1 9.1 9.1 8.8 9.0 9.0 9.1
-999.0 -999.0 -999.0 -999.0 -999.0 -999.0 -999.0 49.8 53.7 60.8 109.0 124.9 112.7 82.0 34.0 13.5 15.2 40.3 46.1 105.1 117.4 105.7 48.8 33.7 15.3 2.7 2.8 2.8 2.9 2.9 2.9 2.9 3.2 3.1 3.3 3.2 3.9 16.8 23.5 71.5 74.5 81.0 175.1 150.5 134.0 190.6 263.2 386.6 430.0 380.7 254.6 216.6 173.1 73.8 41.0 74.9 48.1 35.0 34.8 54.1 88.2 52.4 25.2 7.0 6.2 6.0 6.2 6.3 6.3 5.5 6.3 6.3 6.1 6.2 6.3 6.3
