GSP_annual_reports_PET_2024_v1/GIS/PET_2022_Spring_Shallow.tif
NCOLS 191
NROWS  209
XLLCORNER 6295515.91401
YLLCORNER 1783415.49397
CELLSIZE 1000.0
NODATA_VALUE -999
[rows 102 to 135 of 209, columns 76 to 151 of 191]
105.1 99.0 181.6 218.2 238.9 326.6 421.2 430.9 422.2 426.5 421.4 436.1 437.9 440.8 439.4 441.4 449.9 454.8 441.4 446.7 446.7 445.7 445.7 445.7 447.7 446.9 445.9 446.9 446.9 448.9 448.9 447.9 454.7 446.7 454.5 447.8 375.5 374.3 336.3 234.3 163.1 177.7 174.8 203.7 180.0 176.2 204.1 196.8 223.4 426.4 444.1 441.1 441.1 440.1 440.4 440.4 435.8 434.8 436.3 436.3 435.3 435.3 435.3 436.2 439.1 439.1 442.4 443.5 443.5 442.7 444.3 443.2 444.3 443.1 443.1 444.1
108.0 123.8 168.2 242.4 249.6 278.6 350.2 421.5 424.5 429.1 431.5 444.5 435.7 439.3 439.4 446.3 442.1 448.3 455.6 443.5 445.7 445.7 446.7 452.8 455.8 445.9 446.9 445.9 446.9 448.9 448.9 452.6 449.9 447.7 448.5 446.7 457.4 444.7 456.4 298.0 201.8 188.8 178.4 155.7 178.6 211.1 173.4 149.7 212.6 242.0 444.1 444.3 441.9 440.1 439.3 440.4 434.8 435.8 436.3 436.3 435.3 436.3 442.7 436.3 439.1 438.1 442.3 442.5 444.1 442.5 443.2 443.2 443.2 444.3 443.1 444.1
141.8 184.9 230.0 188.8 244.8 286.2 344.0 422.6 436.3 427.7 431.6 440.5 438.3 437.6 447.9 440.9 445.0 448.3 445.7 456.8 446.7 446.7 446.7 453.4 445.9 446.9 445.9 446.9 446.9 448.9 448.9 447.9 446.8 457.7 453.2 457.8 447.8 444.2 456.4 347.6 297.2 208.8 202.3 162.7 161.0 165.5 153.3 162.5 190.5 279.3 449.7 441.1 441.1 440.1 443.5 440.4 435.8 435.8 436.3 435.3 436.3 436.3 435.3 436.3 435.2 439.1 439.1 449.6 443.5 450.7 442.7 435.6 443.2 444.3 444.3 444.1
150.7 174.1 193.2 255.2 245.5 308.0 347.1 423.4 425.6 430.0 432.7 434.1 435.0 438.8 438.9 443.7 446.3 446.9 445.7 446.7 456.4 445.7 445.7 447.5 456.8 445.9 446.9 446.9 457.1 447.9 447.9 447.9 447.9 442.7 446.7 451.2 444.3 444.9 458.1 380.4 278.8 339.6 223.0 151.7 137.5 154.4 154.1 164.9 189.5 227.4 232.9 231.2 441.1 441.1 440.4 440.8 441.4 435.8 435.3 435.3 436.3 435.3 436.3 436.3 436.3 439.8 439.1 442.3 443.5 443.5 443.5 449.5 444.3 444.3 443.2 443.2
167.8 172.6 196.5 206.3 259.1 252.8 277.8 437.8 426.7 433.9 432.2 435.9 434.7 441.6 440.0 441.8 440.7 448.1 446.8 450.0 447.3 446.7 445.7 445.7 445.9 445.9 446.2 446.9 446.9 448.9 447.9 447.9 447.7 447.8 451.2 446.1 444.5 443.9 462.0 426.7 240.5 196.9 217.8 148.7 123.5 128.5 136.4 160.2 158.9 199.8 333.1 444.3 441.1 440.1 440.4 440.4 441.0 441.3 436.3 436.3 435.3 435.3 436.3 436.3 436.3 435.3 439.1 446.0 443.0 443.5 442.5 443.5 444.5 444.3 444.3 444.3
166.4 172.9 201.3 217.1 248.6 254.2 254.4 324.5 421.3 427.8 433.2 442.4 434.7 439.2 438.6 451.8 441.8 448.1 445.7 449.0 448.7 446.7 447.5 458.5 445.9 450.4 446.9 450.4 445.9 447.9 447.9 447.7 446.7 446.7 446.7 444.5 443.5 443.9 444.9 328.3 237.6 198.6 174.2 168.6 169.1 130.4 127.3 152.1 164.0 217.9 343.3 440.1 440.1 440.1 440.4 440.4 434.8 437.7 438.9 435.3 436.3 436.3 435.3 436.3 436.3 432.6 436.2 439.1 442.3 450.4 443.5 443.5 443.5 451.5 443.2 444.3
166.7 175.2 201.6 217.7 252.4 242.0 250.7 312.9 419.3 424.7 433.2 435.9 435.9 438.5 445.9 441.8 441.8 448.1 450.2 446.7 446.7 452.8 446.7 453.3 456.9 455.7 445.9 451.6 446.9 447.9 446.8 447.7 446.7 447.8 443.5 444.5 444.5 444.9 443.1 396.8 240.7 243.7 233.2 184.3 148.8 103.9 125.6 126.7 148.7 187.2 223.4 388.2 441.1 441.1 439.3 441.9 434.8 435.8 431.5 436.3 436.3 436.3 443.4 436.3 436.3 431.5 436.3 439.1 439.1 451.3 443.7 443.5 443.5 443.5 450.1 451.4
165.3 161.2 191.9 227.6 263.9 228.4 337.3 350.3 361.6 416.1 434.9 435.9 435.9 437.4 438.6 441.8 441.8 448.1 446.8 445.5 446.7 446.7 445.7 456.4 456.9 445.9 453.5 446.9 445.9 446.8 447.7 446.7 447.8 444.5 444.5 444.5 444.5 444.9 441.0 379.1 332.9 242.3 234.9 199.5 167.0 105.8 116.4 117.1 126.5 153.3 193.2 232.0 279.0 445.5 439.3 440.4 434.8 438.4 436.3 436.3 436.3 436.3 436.7 436.3 435.3 436.3 436.3 436.2 439.1 439.1 442.4 446.5 443.5 443.5 442.5 444.3
134.7 158.1 229.1 250.3 251.8 330.3 341.2 390.9 427.8 429.7 432.1 435.9 435.9 437.4 445.9 441.8 441.8 448.1 446.8 445.5 446.7 446.7 452.8 456.7 453.6 445.9 445.9 445.9 444.8 447.9 446.7 447.8 443.5 444.5 444.5 444.5 444.5 445.6 442.1 363.9 331.1 326.1 242.6 202.7 177.9 154.3 110.5 105.6 110.2 125.1 168.0 262.3 230.3 445.5 440.4 439.3 435.8 435.8 436.3 436.3 435.3 436.3 439.5 436.3 435.3 439.5 436.3 436.3 438.1 439.1 442.3 442.4 443.5 442.5 443.5 443.5
128.0 194.7 228.0 260.1 257.6 233.0 312.3 367.5 380.3 422.3 433.9 435.9 437.5 438.5 439.8 440.7 440.7 456.5 446.8 456.8 446.7 448.4 446.7 447.5 447.7 447.7 445.9 455.7 456.0 447.7 454.1 452.6 444.5 444.5 444.5 444.5 444.5 442.1 442.1 387.8 352.9 233.7 237.3 211.4 171.5 138.6 103.6 100.7 101.2 104.7 123.1 180.5 219.7 362.7 440.4 439.3 434.8 435.8 435.6 435.3 443.6 435.3 436.3 436.3 435.3 436.3 436.3 436.3 436.2 439.1 439.1 442.3 441.4 442.5 443.5 444.1
116.2 193.4 240.9 196.0 247.3 209.1 237.4 247.9 329.9 428.7 440.1 436.1 434.7 437.4 438.6 440.7 441.8 448.7 445.7 459.8 446.7 445.6 446.7 445.7 446.9 456.9 449.0 445.9 444.7 456.2 448.5 443.5 444.5 444.5 444.5 444.5 441.7 442.1 441.1 448.6 380.6 318.9 239.7 191.0 183.9 126.8 124.2 98.0 98.0 95.4 116.6 115.2 293.4 229.0 361.9 439.3 435.8 442.9 435.3 436.3 443.1 436.3 435.3 435.3 436.3 436.3 436.3 436.3 436.3 439.4 439.1 439.1 442.3 452.2 443.5 449.4
97.9 160.2 110.9 108.0 161.6 173.0 256.6 248.9 325.7 428.7 439.2 434.7 435.9 432.5 439.8 441.8 451.1 448.1 456.5 453.2 446.7 456.7 455.9 445.7 447.7 446.9 450.6 449.3 444.7 448.5 443.5 444.5 444.5 444.5 444.5 441.7 441.7 441.1 442.1 409.3 346.5 333.4 232.2 234.0 174.2 128.5 120.3 97.8 96.6 94.4 96.4 107.2 203.9 226.7 256.3 440.4 435.8 435.8 436.3 436.3 435.3 436.3 436.3 435.3 435.3 435.3 436.3 436.3 436.3 435.3 436.2 439.1 439.1 442.9 442.4 443.5
116.5 117.3 121.5 107.7 172.2 221.5 223.9 226.7 284.4 415.1 432.3 428.7 435.9 438.5 439.8 451.0 440.7 446.9 446.8 445.5 445.5 448.4 456.9 446.7 445.9 451.6 452.5 445.8 444.7 444.3 450.6 445.3 443.5 444.5 445.3 440.6 441.7 442.1 442.1 442.1 416.0 259.9 291.8 240.2 201.2 174.0 125.8 107.3 94.5 88.2 95.9 119.8 112.9 182.0 185.8 331.6 226.5 361.9 436.3 436.3 435.3 436.3 435.3 435.3 436.3 435.3 436.3 435.3 436.3 436.3 443.6 436.2 439.1 439.1 440.7 442.4
113.4 87.8 93.4 92.2 181.6 210.0 207.7 231.6 246.7 366.1 433.5 450.4 435.4 447.2 445.9 452.3 443.5 446.9 445.7 446.7 445.5 445.6 446.7 446.7 456.9 444.8 451.7 454.3 443.3 443.5 443.5 450.6 443.5 444.5 440.6 441.7 441.7 442.1 442.1 442.1 442.1 287.5 238.6 237.8 211.1 169.1 126.2 110.8 95.3 88.6 89.3 92.7 122.4 118.1 177.1 136.2 226.7 359.1 436.3 436.3 436.3 436.3 436.3 378.7 337.0 402.3 435.3 436.3 435.3 436.3 435.3 436.3 436.2 439.1 439.1 439.9
115.6 116.7 96.2 117.3 119.1 212.8 205.5 249.8 263.9 357.0 429.1 446.7 446.3 431.3 437.6 454.7 441.8 448.1 446.8 445.5 446.7 445.6 446.7 446.7 445.9 450.4 452.1 444.7 441.5 443.5 444.5 444.5 448.5 440.4 441.7 441.7 440.7 447.1 442.1 445.0 442.1 341.1 233.5 224.3 208.4 179.6 125.5 111.2 94.1 85.1 52.1 91.0 109.4 118.4 113.8 216.2 431.0 435.8 435.3 435.3 436.3 429.3 228.7 197.8 436.3 436.3 435.3 436.3 436.3 442.4 436.3 436.3 436.3 435.2 439.1 439.1
110.8 107.1 120.5 121.0 119.0 199.1 198.4 251.5 264.2 342.8 360.3 413.8 445.4 452.6 437.6 440.7 440.7 446.9 456.8 446.7 441.0 456.9 446.7 455.6 445.9 445.8 456.2 451.7 444.7 444.5 444.5 443.5 453.8 441.7 441.7 441.7 440.7 442.1 442.1 442.1 442.1 442.1 223.2 210.4 186.0 175.6 125.4 109.5 93.7 85.0 83.8 83.5 95.0 92.9 114.6 131.4 400.8 435.8 431.4 441.9 357.8 215.4 184.4 212.8 436.7 423.1 436.3 436.3 321.8 436.3 436.3 441.7 436.3 436.7 435.2 439.1
99.8 119.2 111.9 128.7 116.4 144.7 122.8 245.5 306.1 309.4 355.6 383.8 435.7 436.9 454.1 452.3 453.6 445.8 450.2 445.5 445.5 448.3 445.7 445.7 445.8 445.8 442.3 442.5 442.5 446.7 444.5 432.7 444.2 436.3 441.7 452.5 448.2 442.1 442.1 442.1 442.1 441.1 235.0 184.8 178.8 164.6 125.1 104.1 96.8 83.2 83.9 52.0 87.3 75.6 126.5 225.2 298.8 442.6 436.3 337.2 416.0 418.9 227.5 400.3 436.3 342.1 339.9 334.8 435.3 335.6 435.3 436.7 435.3 438.1 435.3 435.3
102.3 106.0 99.8 98.6 124.8 124.5 192.4 208.5 222.0 246.6 342.9 405.1 430.8 441.7 429.2 457.0 454.6 458.0 445.8 444.5 444.5 444.5 445.5 445.6 444.7 443.3 441.5 442.5 441.5 443.5 444.5 448.0 441.7 441.7 445.1 452.5 452.5 442.8 442.8 441.1 441.1 283.7 220.5 178.4 154.4 130.8 115.2 94.2 86.2 81.1 77.3 48.9 86.5 94.6 91.4 86.3 99.1 224.0 275.7 215.0 435.3 346.3 229.5 205.2 278.6 224.0 241.1 214.6 226.7 402.3 436.3 378.7 436.3 436.3 436.3 436.3
98.5 100.8 102.0 98.4 132.5 115.6 112.7 170.7 180.5 246.6 248.8 339.3 422.4 446.9 437.2 419.9 457.7 444.2 457.4 452.0 450.1 444.4 447.5 445.6 442.3 451.8 442.5 448.8 448.5 443.5 444.5 444.2 440.6 446.3 441.7 456.4 452.5 452.8 442.1 441.1 442.1 344.6 331.7 164.3 136.9 124.1 105.7 91.0 88.1 80.9 72.5 50.2 67.9 84.8 86.2 79.8 80.6 157.9 156.5 110.9 288.3 295.0 177.8 97.4 105.1 115.3 138.3 109.1 164.9 274.6 337.2 362.4 385.7 438.9 443.6 439.8
83.9 93.4 91.3 100.4 99.0 104.1 112.5 129.0 131.2 205.2 224.4 252.1 333.1 394.2 356.6 448.7 453.8 457.8 451.9 451.7 444.4 455.3 440.8 442.1 444.7 441.5 441.5 441.5 442.5 443.5 443.5 443.2 440.6 441.7 442.7 452.5 452.5 452.8 442.1 437.9 442.1 301.7 246.1 174.6 163.4 130.5 116.5 97.5 87.5 82.4 72.0 68.0 69.0 79.9 76.4 71.7 68.3 67.5 79.8 85.0 106.7 112.6 103.2 91.3 96.3 100.8 117.9 148.1 142.9 304.7 225.8 373.9 435.3 437.9 436.3 431.4
61.0 68.4 80.0 92.8 98.2 101.3 121.9 181.2 167.8 167.1 175.2 214.7 242.8 325.1 366.5 454.5 458.0 447.7 455.5 448.9 444.4 456.0 452.2 443.0 442.5 443.3 442.5 442.5 444.9 443.5 445.3 447.6 440.7 441.7 440.7 447.9 452.5 450.1 423.1 442.1 442.1 237.5 241.0 178.1 176.4 141.8 117.8 96.5 87.9 82.3 67.9 67.2 65.8 44.2 65.8 66.7 60.4 65.2 69.8 74.0 77.4 79.4 82.7 84.8 90.3 92.4 109.4 115.1 130.7 227.2 386.1 354.2 375.6 435.3 436.3 442.8
54.4 57.0 65.0 82.2 90.7 103.6 128.3 162.3 134.9 193.2 234.5 247.4 276.3 258.5 357.8 447.8 343.0 463.2 454.8 442.0 452.9 445.0 442.3 456.8 442.5 442.5 441.5 455.2 441.5 443.5 444.2 441.7 440.7 440.7 440.7 441.7 440.7 452.8 456.8 343.0 279.4 231.9 223.5 206.7 168.2 150.6 123.9 94.6 86.5 81.1 67.3 62.2 61.1 61.6 62.7 60.3 60.7 57.6 60.5 62.3 64.7 68.2 76.8 80.5 84.3 88.1 89.7 109.9 115.6 105.2 222.6 329.4 372.8 441.5 436.3 436.3
47.4 52.2 57.0 67.7 68.3 100.4 115.7 156.3 127.3 146.4 194.9 236.8 241.5 261.2 264.5 338.7 298.9 386.6 363.2 452.9 440.2 441.4 440.3 440.3 443.7 440.6 441.6 441.6 441.6 443.6 443.3 440.8 440.8 440.8 440.8 439.8 440.8 440.2 452.0 351.0 239.6 231.5 213.4 199.3 173.6 161.6 123.2 98.7 86.1 79.3 67.3 62.0 59.9 59.1 57.4 58.8 54.1 54.9 57.3 59.2 63.8 64.8 74.1 74.2 80.4 75.8 83.4 88.1 85.9 189.5 319.4 297.4 338.4 435.3 436.3 435.3
43.5 52.2 52.0 80.4 79.9 90.1 107.7 144.7 145.0 132.6 157.4 218.8 231.2 243.0 243.4 259.8 341.0 258.6 322.8 454.1 455.6 440.3 450.6 440.3 441.6 441.6 441.6 447.3 440.6 443.6 448.1 437.3 440.8 440.8 439.8 439.8 439.8 440.2 440.2 363.7 287.6 234.2 232.2 226.4 176.2 136.8 122.3 94.1 84.8 82.1 67.0 61.9 57.8 52.1 51.7 50.9 50.1 48.6 52.3 57.3 56.6 60.6 62.9 65.3 74.2 78.3 77.3 81.3 78.8 161.2 267.9 332.5 332.9 436.3 436.3 436.3
48.5 94.2 78.1 85.9 105.6 102.5 104.1 114.0 98.2 114.6 163.7 199.7 192.6 205.0 206.1 273.6 259.3 254.6 326.2 343.5 373.1 453.0 438.4 449.5 441.6 449.2 448.3 441.6 441.6 442.6 443.3 439.8 440.8 442.0 440.8 439.8 441.0 440.2 441.2 341.6 311.4 293.1 276.3 287.4 144.7 130.8 111.3 92.0 82.4 74.4 66.0 60.6 52.1 51.2 51.0 50.7 50.5 49.5 48.7 49.1 51.9 56.9 58.9 62.5 64.3 64.1 63.7 74.4 67.6 140.7 221.4 404.8 332.5 436.3 435.3 435.3
99.5 60.2 101.5 55.2 85.4 95.3 103.5 93.4 148.9 119.7 149.1 166.8 166.1 168.8 236.9 242.0 258.8 219.0 324.6 252.9 366.8 396.0 458.9 440.2 450.1 440.5 441.6 447.9 450.1 443.6 442.6 448.2 440.8 439.8 441.5 439.8 439.8 441.9 441.9 441.2 293.3 288.6 252.9 280.7 124.8 105.1 92.6 83.6 83.3 66.9 62.0 59.0 51.7 44.9 51.2 51.1 49.9 49.8 49.3 48.3 49.1 49.8 49.6 55.1 55.3 58.3 62.3 63.7 48.8 96.0 155.2 346.2 435.3 436.3 436.3 430.1
46.1 45.4 57.3 52.6 66.3 64.6 91.2 85.9 153.0 120.6 121.9 131.5 158.0 192.0 225.5 271.1 204.9 230.5 237.2 243.0 321.1 326.2 348.5 387.2 439.3 445.2 439.7 446.7 447.1 439.6 440.7 438.4 433.3 436.8 442.0 436.8 437.9 441.2 441.2 441.2 297.9 232.3 284.1 231.8 99.2 91.4 83.4 81.5 74.6 65.4 61.2 55.2 51.0 50.2 51.0 51.1 46.2 48.8 45.4 49.4 48.9 44.6 47.8 48.8 49.9 52.3 56.4 57.2 58.2 69.6 98.3 226.7 436.3 436.3 436.3 432.5
27.3 29.6 38.5 40.1 42.5 47.1 48.3 80.3 141.6 99.9 112.0 121.1 122.2 124.0 223.3 207.7 162.7 240.6 238.7 238.1 333.4 323.8 321.9 361.0 432.2 445.0 445.9 447.5 437.8 441.5 439.8 440.5 438.0 438.0 444.5 438.7 438.0 447.9 441.4 441.4 297.3 230.7 231.3 211.9 93.7 85.0 81.2 75.2 66.9 61.3 59.7 52.1 44.6 46.6 49.8 51.1 49.4 48.6 48.3 47.0 47.7 46.8 46.4 42.3 48.3 42.9 48.0 52.0 54.8 56.8 77.1 187.6 342.1 435.4 435.4 436.5
18.4 22.2 25.3 31.2 35.4 33.1 44.9 55.4 85.1 93.1 98.3 99.9 102.3 104.7 143.2 206.4 168.1 213.2 229.5 174.8 217.8 233.7 217.3 277.7 350.1 387.2 444.9 439.4 440.9 440.8 447.3 448.3 436.9 438.0 438.0 438.0 442.0 441.4 441.4 441.4 357.1 219.2 198.9 228.7 99.2 83.9 80.3 71.3 66.4 59.1 52.5 51.0 47.7 49.8 46.0 46.2 46.5 46.4 41.7 41.4 42.2 42.4 41.3 45.0 46.3 48.3 48.4 48.0 48.4 49.2 58.8 78.7 189.5 447.3 442.4 436.9
17.1 22.6 21.5 27.0 31.8 35.1 43.7 49.4 60.2 90.8 91.5 91.7 89.1 92.4 93.9 118.6 154.3 209.3 205.1 141.0 218.3 215.8 252.0 234.0 252.7 283.2 300.2 439.4 445.6 444.5 447.6 423.5 446.7 438.5 437.5 438.6 438.6 431.9 441.9 441.9 441.9 291.5 200.0 165.2 134.7 89.8 82.2 74.2 66.6 61.3 56.6 50.4 50.5 44.5 43.1 47.1 43.9 42.7 40.4 40.5 40.5 38.8 40.0 41.4 41.1 44.8 48.1 48.0 47.5 46.7 55.1 67.3 109.1 192.7 365.8 437.0
13.9 15.4 15.8 18.6 29.3 33.6 35.1 45.8 53.9 61.3 78.7 87.2 91.1 89.8 92.8 99.2 98.2 135.5 131.6 144.8 199.0 221.2 226.0 238.3 256.9 214.0 230.5 335.9 416.2 449.0 427.6 441.4 441.4 448.8 437.5 422.1 445.1 440.9 441.9 441.9 448.4 410.1 322.1 203.5 169.1 111.9 89.2 81.5 69.6 56.4 54.3 49.7 47.7 43.1 42.5 44.5 41.4 39.4 41.8 38.3 38.7 39.1 39.2 43.5 39.2 41.2 47.2 45.2 46.1 48.2 53.0 63.1 80.4 121.9 211.0 220.2
20.1 13.9 13.7 18.3 23.0 31.1 34.1 42.1 49.3 51.4 59.0 68.9 79.4 80.6 89.7 92.3 92.3 90.5 93.3 100.1 211.5 206.0 214.4 214.7 225.8 189.4 240.4 222.4 329.5 444.9 441.4 441.9 426.4 435.8 435.0 441.3 435.1 439.1 437.4 438.4 438.4 438.4 327.2 222.1 206.5 131.9 88.4 80.8 72.8 59.7 52.2 49.7 46.0 40.8 39.6 39.6 39.5 39.2 38.1 37.5 36.4 35.5 38.2 41.6 38.8 39.4 46.6 37.7 44.8 47.3 47.1 55.7 79.5 139.1 163.3 215.1
17.0 13.4 11.8 14.1 21.2 25.0 30.8 36.3 37.9 43.9 56.1 58.6 61.9 66.2 79.9 85.7 79.8 80.3 85.6 94.9 133.9 193.1 198.5 160.7 185.6 179.8 222.9 212.1 237.5 284.2 401.7 328.3 441.4 416.5 439.6 429.5 434.0 438.4 438.4 441.8 347.5 339.7 261.1 224.6 229.3 217.5 144.9 79.4 62.9 57.5 48.8 48.8 46.3 42.6 39.3 38.7 39.0 38.5 38.8 35.7 28.5 37.1 36.3 37.0 37.7 38.3 39.6 46.3 43.5 46.9 46.0 56.1 76.9 107.2 152.8 197.7
16.0 16.1 12.2 15.7 14.4 21.0 25.5 32.1 34.6 37.9 43.7 50.2 51.8 58.4 62.9 69.7 73.3 77.8 74.9 79.5 94.4 126.4 128.5 145.0 164.6 168.0 214.9 145.0 229.0 232.2 203.2 334.3 349.0 440.3 436.8 439.2 423.4 440.5 438.4 438.4 418.1 329.8 225.5 217.9 220.9 238.1 122.2 81.3 62.0 58.5 49.4 47.5 44.3 42.5 39.1 38.8 40.0 37.7 36.5 36.1 29.9 36.7 36.7 35.0 34.9 30.9 37.6 42.4 43.5 43.1 48.1 57.2 68.1 147.0 163.3 148.7
