GSP_annual_reports_PET_2024_v1/GIS/PET_2023_Spring_Deep.tif
NCOLS 191
NROWS  209
XLLCORNER 6295515.91401
YLLCORNER 1783415.49397
CELLSIZE 1000.0
NODATA_VALUE -999
[rows 132 to 164 of 209, columns 76 to 151 of 191]
14.5 16.2 18.6 20.5 33.0 36.6 37.4 49.7 57.2 61.2 75.0 81.5 88.7 77.0 92.1 -16.6 13.9 132.9 131.5 142.8 188.1 207.7 212.0 217.9 239.3 198.4 215.2 280.8 390.0 439.0 418.5 428.4 428.4 437.3 424.8 412.5 434.4 428.2 429.5 429.5 437.8 382.9 276.6 193.5 163.4 112.0 66.9 69.2 65.8 50.2 52.8 48.7 43.7 48.9 50.4 47.7 48.4 43.9 47.6 42.1 41.8 42.8 42.9 45.0 42.9 47.6 43.2 41.9 42.3 45.8 52.5 59.3 82.3 119.4 201.0 211.5
21.0 14.9 14.6 20.9 25.3 34.5 40.4 43.1 56.2 57.5 60.6 70.0 75.8 66.4 78.1 73.4 71.4 84.3 93.8 93.7 198.5 196.8 204.1 198.8 211.1 180.2 228.0 209.6 284.4 430.9 428.8 429.2 417.4 423.0 422.8 430.5 422.9 427.0 425.2 426.3 426.3 426.3 280.4 209.4 196.1 127.9 91.1 81.0 66.6 53.1 50.2 47.9 42.2 44.8 43.0 44.4 42.8 42.6 41.8 40.5 39.2 38.1 40.7 47.2 41.4 43.2 42.6 44.9 41.2 42.7 45.2 50.7 80.2 135.7 155.0 205.7
17.7 13.8 12.7 15.4 22.6 28.5 35.0 39.7 42.9 46.0 58.8 61.6 64.3 66.8 69.5 76.0 68.0 69.4 70.3 75.8 134.3 183.2 189.3 157.9 178.6 173.1 209.0 201.0 224.6 253.6 371.6 276.4 428.8 407.4 429.7 419.8 421.8 426.3 426.3 431.7 293.8 291.9 235.6 211.9 218.5 206.6 141.0 58.2 57.1 53.6 50.5 44.5 42.2 48.2 41.7 41.5 42.2 40.9 43.0 37.6 29.6 39.3 38.2 39.1 39.7 40.8 42.7 47.8 45.5 46.7 43.4 49.5 76.5 105.0 147.4 187.9
16.5 16.7 11.9 16.5 16.0 22.6 27.7 35.4 39.0 43.0 43.0 57.1 59.4 64.1 66.8 70.7 67.4 64.2 64.5 68.4 60.8 124.8 127.0 143.3 161.3 163.3 206.5 144.7 213.4 221.0 192.2 294.6 294.3 427.5 424.2 427.1 414.9 429.4 426.3 426.3 394.9 277.8 217.4 208.3 213.9 226.5 120.6 82.9 54.6 56.2 48.8 43.2 46.5 46.0 41.2 40.5 42.1 39.3 38.1 37.5 30.4 38.4 38.2 36.8 36.2 32.8 39.7 46.4 45.5 47.7 46.7 43.4 62.4 142.0 156.7 143.9
34.4 32.5 13.4 12.1 17.5 15.5 23.3 27.7 32.4 38.6 38.8 42.4 53.8 57.8 58.5 66.0 73.3 70.1 74.1 69.1 74.1 73.0 120.9 123.8 108.2 113.9 132.0 131.6 161.5 157.3 207.9 215.8 226.5 277.1 286.7 388.6 428.3 426.7 426.4 426.4 403.4 247.5 210.8 235.8 212.5 204.9 160.3 72.0 55.1 50.0 45.0 48.5 47.5 42.2 43.3 38.4 38.9 38.9 31.8 37.6 28.3 35.6 31.1 30.3 31.1 29.9 31.4 36.0 42.2 44.0 52.2 49.9 68.1 87.7 192.7 216.2
84.4 42.6 47.4 12.8 9.1 11.6 15.2 19.9 25.9 31.7 36.1 38.1 41.3 51.9 51.4 59.6 58.5 64.8 73.0 72.3 72.8 87.1 90.0 56.8 51.8 67.5 74.1 105.4 131.7 192.6 181.0 191.4 188.2 225.1 299.0 359.1 360.9 427.5 428.6 428.6 434.1 427.4 206.0 206.2 270.1 208.0 152.4 83.7 54.8 51.1 44.2 48.7 42.3 41.0 37.9 38.5 33.7 37.7 32.0 30.4 27.7 36.0 26.2 31.9 27.9 29.7 30.7 32.1 36.4 44.7 62.3 51.6 81.6 70.8 153.4 188.9
37.4 36.4 23.5 25.4 15.8 12.6 7.5 14.3 20.3 24.2 29.7 34.1 37.4 39.5 44.7 53.1 53.6 59.4 61.3 66.6 71.5 83.0 82.2 71.0 83.4 89.0 78.8 97.8 86.4 128.3 155.8 160.2 153.4 212.9 225.3 226.5 220.2 214.5 269.4 346.9 427.9 428.1 429.2 206.2 218.6 206.9 124.3 83.2 54.4 50.9 45.1 46.3 45.2 39.0 39.3 39.5 34.1 30.3 30.6 31.6 29.3 26.4 32.5 27.5 24.4 27.5 27.0 29.1 32.8 42.4 44.7 88.4 67.2 145.3 128.6 142.7
42.3 29.8 42.1 26.8 16.6 10.7 10.6 8.9 13.5 17.3 23.3 25.9 29.7 33.9 37.7 40.4 48.7 48.6 52.6 59.2 63.6 60.8 72.5 84.1 72.8 68.0 126.1 129.1 131.7 155.0 106.6 147.6 124.0 143.5 163.4 169.4 183.9 202.5 202.9 277.5 313.8 432.6 334.6 218.1 187.0 207.0 126.4 73.0 55.8 53.9 48.8 44.0 48.0 43.2 39.7 31.0 31.2 29.5 29.7 27.6 27.5 29.6 26.7 27.6 25.4 24.6 23.4 26.8 31.7 37.5 42.6 44.4 77.9 101.1 147.3 69.9
69.0 34.7 27.5 22.3 12.5 7.3 4.7 8.9 8.9 15.4 17.1 17.0 22.8 24.6 33.3 33.7 36.6 41.3 50.3 52.9 59.3 61.8 60.8 64.6 70.6 121.8 140.4 144.9 144.4 143.9 132.2 102.1 146.9 118.0 136.3 148.8 161.1 163.5 181.9 212.9 212.9 284.7 298.0 205.8 184.6 121.4 102.9 86.9 57.3 53.4 47.9 47.6 49.2 42.6 40.9 31.1 40.2 37.2 31.6 25.6 26.7 24.7 25.0 25.9 26.0 23.5 24.0 24.5 27.6 32.4 37.7 46.5 51.2 102.6 144.7 75.3
96.8 87.5 33.1 25.9 15.0 4.9 3.5 3.8 9.2 9.0 8.0 8.9 12.8 16.4 20.1 25.6 31.6 34.4 38.8 46.8 47.6 54.7 53.9 57.1 50.3 87.9 73.7 92.2 124.8 153.4 152.8 159.9 157.6 157.7 122.4 135.8 167.4 192.2 204.4 215.1 207.5 246.0 280.6 233.1 170.8 121.8 198.9 106.5 82.1 53.7 47.9 46.0 46.9 43.1 41.0 38.8 39.4 31.7 31.8 24.6 25.4 24.7 23.7 23.1 24.1 21.6 20.9 23.7 24.6 29.2 30.9 42.0 45.8 57.8 118.8 64.7
77.0 92.4 37.5 31.4 29.1 3.7 4.0 3.8 3.5 5.8 7.5 8.3 6.3 8.2 12.5 14.5 19.7 24.3 31.6 38.0 42.1 41.3 43.3 41.1 56.1 76.3 167.1 150.5 146.0 141.3 162.0 199.5 177.0 191.8 152.5 134.2 155.0 191.9 187.4 188.6 204.0 215.2 279.7 209.3 203.9 217.8 289.5 159.6 122.6 136.8 50.9 43.6 47.3 42.5 37.8 35.5 35.4 31.5 28.0 29.3 23.7 23.8 22.0 20.9 25.4 20.8 20.7 21.1 23.5 24.3 31.0 40.2 46.9 53.8 77.8 50.7
104.7 102.9 84.5 91.7 41.3 26.0 4.1 4.3 5.5 3.5 3.9 3.4 6.9 7.4 3.9 8.2 14.9 14.8 18.0 27.4 32.8 35.4 35.5 37.1 57.5 80.1 151.3 152.4 163.8 195.7 151.3 196.1 186.1 185.0 203.1 166.4 139.1 163.3 172.7 213.4 214.3 216.6 211.8 218.4 211.6 323.0 432.2 313.2 213.1 119.0 145.1 48.7 46.2 47.5 40.9 31.2 30.4 30.1 26.8 22.2 23.3 24.0 20.9 20.2 19.9 20.4 19.8 19.9 21.6 22.8 24.0 32.3 42.2 45.6 43.5 72.3
84.2 76.3 54.1 51.4 45.8 4.1 9.5 4.7 5.7 4.6 5.2 4.7 5.1 2.5 2.6 -5.8 -7.8 4.5 18.1 19.7 24.3 24.4 26.0 27.5 41.3 143.4 76.7 85.8 160.1 165.7 187.5 196.6 211.1 203.4 199.6 178.7 167.4 167.1 182.4 210.8 236.9 211.5 213.0 209.2 211.5 360.0 432.2 432.5 432.5 209.4 127.6 77.5 52.6 46.3 41.2 34.2 30.8 29.5 26.5 23.9 23.3 24.3 22.8 20.4 19.9 22.9 19.5 19.5 19.5 16.7 23.2 25.8 41.7 48.4 43.7 129.2
129.7 78.6 67.6 47.4 29.1 -1.2 9.0 5.0 6.1 8.2 6.7 3.7 4.0 4.7 6.2 6.6 0.0 6.5 3.8 9.6 14.3 14.2 16.3 17.9 20.5 57.1 42.4 61.7 117.5 162.3 172.5 180.9 195.9 204.9 216.2 183.0 192.7 194.7 212.2 270.4 234.7 252.4 234.0 219.7 216.9 430.9 432.2 431.5 335.3 203.7 212.2 112.7 72.9 48.2 40.8 32.5 28.8 24.9 25.5 22.2 27.0 22.6 21.8 20.1 19.0 19.2 17.9 18.4 18.6 18.4 16.1 21.5 32.1 35.0 44.5 40.9
147.6 119.0 65.9 54.2 40.6 -0.6 3.6 4.6 4.1 5.3 4.7 3.7 4.5 3.7 5.2 4.7 7.2 2.5 4.3 -0.4 8.1 9.4 10.7 14.2 16.0 19.6 32.3 110.7 167.1 200.9 164.4 183.9 173.0 183.6 210.8 298.6 202.3 190.2 185.9 207.1 260.3 305.2 289.8 268.8 221.2 262.4 432.2 442.1 432.5 432.5 370.4 215.1 96.9 48.0 46.4 41.2 32.2 27.6 25.5 19.6 20.4 19.9 20.0 19.4 19.0 19.0 19.0 18.3 19.2 19.5 18.7 19.5 23.0 29.6 40.4 41.0
143.9 134.4 122.9 79.0 49.7 40.1 27.0 -2.9 35.0 25.7 23.2 5.9 21.7 45.7 6.0 3.4 4.2 5.6 5.5 5.6 6.6 2.8 9.0 11.2 10.9 12.7 17.1 65.7 157.2 184.4 120.2 210.0 258.8 213.1 205.9 241.6 260.6 208.5 190.8 211.6 295.9 220.5 211.9 217.7 220.9 279.2 432.2 435.6 431.3 439.3 282.2 430.1 332.0 119.4 44.1 44.2 38.4 28.1 25.1 21.8 18.8 19.4 21.9 19.1 18.2 18.9 20.2 18.5 19.6 19.1 18.6 18.7 19.7 22.8 29.2 42.4
131.9 134.5 141.1 117.9 78.7 50.3 33.9 30.1 45.3 41.4 70.1 38.9 120.9 106.9 17.2 6.1 4.9 5.5 4.6 5.9 5.8 5.7 7.8 6.8 12.0 8.7 12.1 18.7 78.1 172.1 175.6 273.3 288.7 296.9 277.5 200.0 191.4 181.3 185.6 210.6 210.2 214.2 209.8 270.2 282.1 299.1 333.6 433.4 440.2 432.2 432.2 431.0 391.2 204.8 75.1 48.7 44.9 30.0 25.8 23.7 20.3 19.7 18.3 21.7 19.3 19.9 19.9 19.9 19.9 20.0 20.0 21.0 19.7 20.4 24.7 40.2
152.0 127.0 120.6 121.6 113.5 63.2 126.0 59.6 46.5 41.0 52.4 116.7 125.5 122.4 117.9 5.5 5.8 3.7 9.6 4.3 4.8 5.1 7.0 8.2 6.9 8.3 12.2 14.8 19.7 38.8 162.3 188.3 202.7 185.9 188.4 206.6 182.5 185.8 183.2 184.8 197.6 212.4 218.0 209.2 300.9 347.4 364.8 437.3 433.4 439.5 433.4 342.7 185.3 111.7 81.0 53.0 44.9 33.0 25.6 23.5 20.9 19.5 19.7 20.8 19.8 19.9 19.8 20.1 19.8 15.7 20.5 20.6 20.9 19.7 19.7 20.5
294.9 198.4 129.1 125.5 83.4 120.4 126.1 68.6 52.5 80.3 49.2 107.9 154.3 131.8 128.7 98.1 5.3 4.1 3.7 4.1 4.0 4.9 7.4 4.9 8.5 7.6 6.9 10.2 16.5 42.1 151.2 151.7 161.4 204.8 272.1 264.5 223.7 220.8 203.7 182.9 212.0 195.4 209.1 206.6 252.6 388.7 441.9 437.0 434.7 435.9 434.8 433.4 433.4 208.3 93.2 46.9 41.0 29.3 22.0 22.1 17.7 17.3 17.2 17.1 17.3 16.9 17.2 16.9 17.2 17.1 17.1 17.9 17.1 14.7 16.9 17.1
301.2 281.2 130.5 123.3 119.4 115.4 114.8 68.1 65.8 117.8 121.5 127.6 130.2 149.3 146.9 126.4 38.8 6.9 5.9 3.7 3.7 3.8 4.0 4.6 6.9 4.8 4.9 6.4 9.9 24.1 38.5 99.7 142.2 158.3 183.7 231.4 370.9 305.5 284.4 219.4 185.4 198.2 215.6 213.2 207.6 348.5 445.3 446.4 434.3 436.4 435.4 434.9 287.2 194.6 149.7 71.3 38.1 35.8 25.2 22.6 16.5 15.6 17.2 16.0 15.9 15.9 15.9 16.7 15.9 15.7 15.9 15.7 15.9 15.9 15.9 15.9
165.8 198.4 153.7 242.8 126.6 125.6 139.8 121.4 65.7 65.9 117.5 126.5 191.4 122.1 124.4 125.5 39.2 9.6 5.3 5.6 3.5 3.7 3.9 3.8 4.3 4.3 5.4 4.5 3.6 4.8 11.7 16.9 55.0 67.0 151.9 165.1 190.9 217.0 213.1 173.1 188.9 188.7 187.2 203.1 213.7 208.8 430.9 447.0 425.4 435.3 446.9 434.0 375.7 276.6 271.6 106.1 76.4 44.1 42.5 32.7 19.1 16.2 15.9 16.1 15.9 15.7 15.9 16.6 12.0 15.9 12.0 15.7 16.0 15.7 15.9 15.8
126.4 192.2 190.1 166.2 124.6 127.2 121.9 78.4 80.5 120.6 109.2 174.9 124.8 123.3 127.7 83.3 32.3 36.6 32.0 31.9 3.7 3.6 3.6 3.6 3.6 4.2 3.9 4.3 1.9 2.1 7.8 9.9 16.5 27.4 147.0 183.4 205.2 190.6 201.7 193.3 192.0 188.8 195.0 202.4 207.7 209.8 431.7 432.8 448.5 442.4 445.0 433.3 434.3 434.3 214.0 171.4 88.2 50.4 39.2 33.9 19.0 15.5 16.6 15.8 15.7 15.7 15.5 15.6 15.8 15.8 15.7 10.6 15.9 15.7 15.8 15.8
164.3 231.3 152.8 183.7 170.2 127.7 126.2 120.6 118.0 123.5 118.6 164.5 126.7 74.1 62.7 53.5 116.6 44.6 43.9 100.0 28.3 27.0 3.5 3.5 3.4 3.5 3.9 3.9 2.0 2.2 6.4 10.0 9.5 19.7 60.0 149.6 260.8 269.9 214.3 210.3 212.0 192.9 189.2 195.9 202.3 214.6 247.9 441.6 435.0 440.4 436.3 435.0 422.5 434.0 400.0 209.5 168.6 64.8 43.1 40.9 74.9 28.3 15.5 16.0 15.5 15.9 15.2 15.9 15.4 15.8 15.4 15.1 15.4 15.7 15.3 15.3
128.9 179.7 128.2 204.6 252.4 127.8 191.2 120.9 126.3 318.5 173.9 125.2 118.1 118.2 127.5 122.3 121.8 61.7 51.8 65.2 53.2 4.0 3.5 3.5 3.4 3.7 3.4 2.3 2.1 2.0 3.2 5.9 8.9 15.0 31.5 101.6 164.0 291.8 285.0 226.1 201.2 217.5 191.4 191.7 201.7 218.3 219.5 284.2 392.8 447.0 438.0 419.5 435.0 434.0 434.3 287.0 209.5 110.6 56.8 39.9 35.7 43.6 21.4 13.7 13.5 13.5 15.2 13.4 13.4 13.5 10.2 13.7 13.7 13.7 14.5 13.7
129.4 143.4 171.3 122.5 170.2 171.3 126.7 122.3 129.6 298.7 236.4 155.7 153.8 212.8 187.6 130.0 129.3 103.0 80.0 56.1 21.4 20.7 3.7 3.4 3.3 3.3 3.4 3.7 2.3 2.1 2.1 2.6 3.6 -4.8 65.7 62.4 130.8 169.2 291.0 246.8 214.6 210.2 218.3 191.4 195.1 220.0 218.2 288.3 320.3 425.5 447.6 448.7 433.7 443.7 426.1 434.0 430.9 189.6 77.9 48.1 35.5 24.5 31.3 13.4 13.6 14.4 15.3 13.7 13.4 13.4 13.4 13.6 13.6 13.7 13.7 9.1
135.5 121.5 132.3 139.9 156.5 155.4 125.0 131.5 250.0 129.2 170.9 150.1 284.4 206.6 183.9 215.7 157.2 121.2 126.6 115.2 24.6 3.6 3.4 3.7 3.5 3.3 3.4 3.4 3.4 2.3 3.3 3.9 4.5 16.4 54.5 64.3 126.3 149.4 156.4 257.2 254.2 223.5 217.5 204.3 192.0 212.9 221.6 264.0 417.2 437.4 447.8 412.7 446.9 438.2 445.1 445.1 440.5 412.1 278.6 145.8 81.6 32.8 20.3 13.3 12.9 14.8 12.9 12.6 12.6 12.7 12.8 12.6 12.7 12.9 12.9 12.9
122.7 128.0 -999.0 129.9 130.0 169.9 180.5 170.4 130.2 124.3 124.5 141.7 291.6 144.8 129.3 153.0 125.0 122.5 127.5 120.1 51.1 3.4 3.4 3.2 3.2 3.3 3.1 3.4 3.2 3.7 3.6 3.6 4.1 3.8 24.1 61.1 74.3 104.2 146.8 203.9 234.5 295.5 247.8 226.6 207.3 179.7 222.2 373.6 437.6 438.3 359.6 325.1 394.8 432.3 435.1 442.3 435.8 428.1 430.3 332.6 200.1 84.3 13.6 12.7 11.7 12.9 12.9 12.7 12.8 12.6 12.6 12.9 12.6 12.8 12.9 13.0
-999.0 -999.0 -999.0 -999.0 -999.0 315.2 321.3 127.5 130.3 105.9 127.9 197.8 175.7 176.6 106.0 127.2 54.5 46.8 113.0 114.0 73.5 6.0 3.2 3.1 3.0 3.0 3.0 3.1 3.2 3.3 3.4 3.4 3.7 4.6 9.2 43.2 59.9 135.7 136.4 164.4 198.7 285.7 279.3 303.6 223.3 196.6 167.7 218.5 327.2 326.6 301.5 305.8 224.3 347.4 432.6 443.8 429.9 432.2 439.5 417.4 194.4 38.7 21.2 8.7 6.2 10.8 10.4 9.0 8.6 8.9 8.7 8.7 8.8 8.8 8.9 8.9
-999.0 -999.0 -999.0 -999.0 -999.0 -999.0 282.7 183.1 101.9 128.7 127.1 130.8 124.7 111.9 78.2 51.5 41.1 30.3 21.7 12.0 8.8 3.9 4.7 51.6 49.6 3.8 3.0 3.0 3.0 3.3 3.5 3.4 3.9 4.2 17.5 33.3 54.3 144.7 116.9 158.8 170.6 187.3 192.9 318.5 265.9 228.0 170.3 181.4 210.8 214.1 208.9 304.0 216.6 274.4 330.4 291.9 325.4 436.7 441.2 441.2 299.2 171.3 38.5 9.6 8.9 8.8 8.8 9.5 8.7 8.6 8.9 8.9 8.9 8.9 8.9 8.9
-999.0 -999.0 -999.0 -999.0 -999.0 -999.0 132.3 125.9 100.0 131.6 251.7 268.4 185.2 127.8 102.7 121.3 52.9 12.9 12.9 8.7 7.6 3.4 3.6 32.4 46.1 46.2 2.9 2.8 2.9 3.0 3.2 3.2 3.3 3.4 13.1 17.8 56.7 141.4 147.1 151.4 162.5 110.7 197.3 269.4 250.8 281.1 240.9 216.6 140.9 99.8 143.7 186.3 147.9 224.2 228.2 206.1 164.9 216.9 291.0 441.2 225.4 178.0 35.2 12.1 6.2 8.7 8.9 8.3 9.0 8.9 7.2 8.7 8.7 8.8 8.3 9.9
-999.0 -999.0 -999.0 -999.0 -999.0 -999.0 119.7 92.1 135.5 132.5 127.7 136.5 128.3 125.3 87.1 100.3 57.1 13.8 46.7 41.5 6.4 4.8 3.6 5.7 3.6 3.1 2.9 2.9 2.9 2.9 3.0 3.0 3.2 3.5 15.8 7.6 39.6 64.2 112.8 146.6 83.4 101.2 185.4 218.9 271.3 216.5 390.6 337.8 280.4 203.9 146.3 90.7 96.6 86.6 119.1 134.3 148.6 148.1 224.4 301.3 335.5 248.1 116.5 10.0 9.1 8.7 8.9 8.9 8.8 7.0 9.0 8.9 8.9 9.0 9.0 8.9
-999.0 -999.0 -999.0 -999.0 -999.0 -999.0 -999.0 118.3 122.5 71.1 39.6 41.4 32.9 35.1 42.0 69.5 44.2 28.6 118.5 120.6 40.0 33.1 6.9 3.8 3.2 2.8 2.9 3.1 2.9 2.9 2.9 3.1 3.2 3.8 3.6 7.6 17.4 30.1 71.8 77.8 143.1 82.6 177.2 217.7 183.1 253.7 283.0 408.3 473.3 291.5 197.5 172.2 63.6 51.3 84.4 100.8 86.7 82.5 92.8 173.8 199.8 184.6 58.6 27.0 8.6 8.9 8.9 8.8 8.9 8.1 9.0 9.0 8.7 8.9 8.9 9.0
-999.0 -999.0 -999.0 -999.0 -999.0 -999.0 -999.0 50.6 54.1 61.2 109.6 125.0 113.1 82.4 33.7 14.1 15.3 40.9 46.4 105.6 117.4 106.2 49.1 34.3 15.6 2.8 2.8 2.8 2.9 2.9 2.9 2.9 3.2 3.1 3.3 3.4 3.9 16.7 23.5 71.8 74.3 81.9 174.9 150.9 134.5 189.6 262.6 387.5 431.0 381.5 255.1 216.8 172.4 74.5 41.8 75.0 48.3 35.9 34.5 55.3 89.5 53.4 25.6 7.2 6.0 5.9 6.1 6.1 6.1 5.4 6.2 6.1 5.9 6.1 6.2 6.3
