GSP_annual_reports_PET_2024_v1/GIS/PET_2023_Spring_Shallow.tif
NCOLS 191
NROWS  209
XLLCORNER 6295515.91401
YLLCORNER 1783415.49397
CELLSIZE 1000.0
NODATA_VALUE -999
[rows 102 to 135 of 209, columns 76 to 151 of 191]
105.5 99.4 182.7 218.7 239.2 326.4 418.7 427.6 420.0 423.5 418.1 432.2 433.1 436.2 434.4 437.0 447.1 450.5 438.6 444.2 444.2 443.6 443.6 443.6 445.6 445.0 444.0 445.0 445.0 447.0 447.0 445.9 451.4 444.6 451.1 445.6 383.0 381.0 342.0 235.7 163.3 178.0 175.0 204.8 180.3 176.5 204.2 196.3 225.1 426.8 444.2 441.8 441.8 440.8 441.1 441.1 436.5 435.5 437.7 437.7 436.7 436.7 436.7 437.6 440.1 440.1 441.6 442.7 442.7 441.8 443.0 442.0 443.0 441.8 441.8 442.8
108.6 124.3 168.6 243.1 251.0 278.2 351.0 419.6 422.4 425.5 427.6 441.1 431.1 434.7 434.4 441.6 439.2 445.5 451.9 440.8 443.2 443.6 444.6 450.0 452.3 444.0 445.0 444.0 445.0 447.0 447.0 449.3 446.3 445.6 446.3 444.6 453.7 444.1 456.2 300.2 203.0 188.8 178.6 156.0 178.4 211.7 173.6 149.8 213.7 243.9 444.2 444.9 441.5 440.8 440.1 441.1 435.5 436.5 437.7 437.7 436.7 437.7 443.2 437.7 440.1 439.1 441.3 441.7 443.3 441.7 441.9 442.0 442.0 443.0 441.8 442.8
141.9 186.2 231.4 190.5 245.7 287.0 344.3 420.6 433.7 424.2 427.7 436.9 435.0 433.5 443.2 437.0 442.5 445.5 443.2 452.6 444.2 444.6 444.6 450.8 444.0 445.0 444.0 445.0 445.0 447.0 447.0 445.9 444.9 454.3 449.7 454.4 445.6 444.0 456.2 356.6 299.6 209.0 203.0 162.8 161.0 165.7 153.4 162.6 190.0 282.6 449.0 441.8 441.8 440.8 444.2 441.1 436.5 436.5 437.7 436.7 437.7 437.7 436.7 437.7 436.6 440.1 440.1 447.3 442.7 449.5 441.8 433.3 442.0 443.0 443.0 442.8
151.0 175.2 193.9 253.2 246.3 307.4 347.2 420.9 423.0 426.6 429.4 430.0 430.9 434.7 434.4 440.2 442.6 444.2 443.2 444.2 453.0 443.6 443.6 445.3 453.1 444.0 445.0 445.0 453.4 446.0 446.0 445.9 445.9 439.4 444.6 448.9 443.7 444.9 457.8 388.4 281.4 346.8 224.8 152.0 137.8 154.1 154.2 165.1 188.7 228.6 234.2 232.6 441.8 441.8 441.1 441.6 439.3 436.5 436.7 436.7 437.7 436.7 437.7 437.7 437.7 441.2 440.1 441.3 442.7 442.7 442.7 447.0 443.0 443.0 442.0 442.0
168.0 173.1 197.3 207.2 257.5 254.1 277.1 434.5 424.1 430.2 428.5 431.9 430.7 437.1 435.5 437.9 437.8 445.3 444.3 447.3 444.7 444.6 443.6 443.6 444.0 444.0 444.1 445.0 445.0 447.0 445.9 445.9 445.6 445.6 448.9 445.3 444.5 443.9 460.9 429.2 241.8 197.6 218.3 149.1 123.6 128.4 136.7 160.5 158.7 199.8 340.8 444.9 441.8 440.8 441.1 441.1 440.5 438.9 437.7 437.7 436.7 436.7 437.7 437.7 437.7 436.7 440.1 446.2 442.2 442.7 441.7 442.7 442.2 443.0 443.0 443.0
166.9 173.4 202.2 218.1 249.9 255.2 255.4 322.3 417.6 425.2 429.2 439.4 430.7 435.0 434.2 448.4 439.0 445.3 443.2 446.2 446.1 444.6 445.3 455.5 444.0 448.2 445.0 448.2 444.0 446.0 445.9 445.6 444.6 444.6 444.6 444.5 443.5 443.9 444.9 333.4 238.5 199.4 175.1 168.7 169.3 130.7 127.4 152.2 163.8 218.1 351.7 440.8 440.8 440.8 441.1 441.1 435.5 438.4 437.2 436.7 437.7 437.7 436.7 437.7 437.7 431.1 437.6 440.1 441.3 448.8 442.7 442.7 442.7 449.7 442.0 443.0
167.2 175.5 202.5 218.6 253.3 242.1 252.1 313.6 416.0 420.9 429.2 431.9 431.9 434.5 440.5 437.9 439.0 445.3 447.5 444.2 444.2 450.0 444.6 449.6 453.7 452.5 444.0 448.4 445.0 445.9 444.9 445.6 444.6 445.6 443.5 444.5 444.5 444.9 441.4 403.7 241.8 244.9 234.0 184.2 149.2 104.2 125.8 127.3 148.9 188.2 225.1 395.5 441.8 441.8 440.1 441.5 435.5 436.5 430.0 437.7 437.7 437.7 444.4 437.7 437.7 430.0 437.7 440.1 440.1 448.8 442.0 442.7 442.7 442.7 447.1 448.7
165.7 161.2 193.1 229.4 265.6 229.0 335.5 347.5 361.9 411.2 431.4 431.9 431.9 433.3 434.2 437.9 439.0 445.3 444.3 443.1 444.2 444.6 443.6 453.4 453.7 444.0 450.0 445.0 444.0 444.9 445.6 444.6 445.6 444.5 444.5 444.5 444.5 444.9 441.4 386.7 339.5 243.6 235.6 199.7 167.0 106.4 116.5 117.0 126.8 153.3 193.6 233.4 282.4 445.1 440.1 441.1 435.5 436.1 437.7 437.7 437.7 437.7 438.2 437.7 436.7 437.7 437.7 437.6 440.1 440.1 441.6 444.1 442.7 442.7 441.7 443.5
135.1 158.8 231.1 251.9 252.4 330.9 339.0 387.3 425.3 426.0 428.1 431.9 431.9 433.3 440.5 437.9 439.0 445.3 444.3 443.1 444.2 444.6 450.0 453.3 451.1 444.0 444.0 444.0 442.9 445.9 444.6 445.6 443.5 444.5 444.5 444.5 444.5 446.0 442.4 373.2 338.0 331.0 243.0 202.6 177.7 154.5 110.5 105.6 110.2 124.8 168.0 265.9 231.9 445.1 441.1 440.1 436.5 436.5 437.7 437.7 436.7 437.7 440.8 437.7 436.7 440.8 437.7 437.7 439.1 440.1 441.3 441.6 442.7 441.7 442.7 442.7
128.2 195.7 229.8 262.2 259.6 234.4 314.0 365.5 378.6 420.0 429.8 431.9 434.0 434.5 435.3 436.8 437.8 452.2 444.3 452.6 444.2 445.7 444.6 445.3 445.6 445.6 444.0 452.5 452.3 445.6 451.1 449.5 444.5 444.5 444.5 444.5 444.5 442.4 442.5 395.7 359.6 235.2 239.1 212.5 171.6 139.0 103.8 101.1 101.3 104.9 123.5 181.6 221.7 373.2 441.1 440.1 435.5 436.5 434.4 436.7 442.4 436.7 437.7 437.7 436.7 437.7 437.7 437.7 437.6 440.1 440.1 441.3 440.6 441.7 442.7 443.3
116.7 194.1 242.1 197.9 248.3 210.2 239.0 248.2 328.6 425.3 435.5 432.6 430.7 433.3 434.2 436.8 439.0 445.8 443.2 456.5 444.2 443.5 444.6 443.6 445.0 453.7 445.8 443.9 442.6 452.5 446.3 443.5 444.5 444.5 444.5 444.5 442.0 442.5 441.4 448.5 384.2 323.6 240.4 192.7 183.9 126.8 124.2 98.0 98.0 95.7 116.8 115.1 296.6 228.0 372.5 440.1 436.5 443.2 436.7 437.7 443.7 437.7 436.7 436.7 437.7 437.7 437.7 437.7 437.7 440.8 440.1 440.1 441.3 449.7 442.7 447.4
98.4 160.4 111.4 108.4 162.0 173.6 257.3 248.8 324.5 425.3 435.2 430.7 431.9 429.6 435.3 437.9 447.9 445.3 453.1 450.2 444.2 453.3 452.1 443.6 445.6 445.0 447.3 447.2 442.6 446.3 443.5 444.5 444.5 444.5 444.5 442.0 442.0 441.4 442.5 413.7 352.1 340.7 233.8 235.6 174.7 128.5 120.2 97.9 96.9 94.2 97.0 107.5 204.2 228.1 258.3 441.1 436.5 436.5 437.7 437.7 436.7 437.7 437.7 436.7 436.7 436.7 437.7 437.7 437.7 436.7 437.6 440.1 440.1 441.9 441.6 442.7
116.6 117.4 121.4 108.0 172.5 222.6 224.8 227.4 282.7 410.6 428.5 425.9 431.9 434.5 435.3 446.9 437.8 444.2 444.3 443.1 443.1 445.7 453.1 444.6 444.0 448.4 450.0 443.6 442.6 443.7 448.1 445.1 443.5 444.5 445.6 441.0 442.0 442.5 442.5 442.5 418.6 260.2 295.1 240.8 202.4 174.4 126.2 107.4 94.3 88.2 96.1 119.9 113.5 182.8 187.2 339.8 228.2 371.7 437.7 437.7 436.7 437.7 436.7 436.7 437.7 436.7 437.7 436.7 437.7 437.7 442.4 437.6 440.1 440.1 440.6 441.6
113.4 87.5 93.5 92.8 181.8 211.8 209.1 232.7 244.5 366.1 430.1 446.9 431.3 444.0 441.5 448.0 441.1 444.2 443.2 444.2 443.1 443.5 444.6 444.6 453.7 442.9 448.9 450.6 442.7 443.5 443.5 447.5 443.5 444.5 441.0 442.0 442.0 442.5 442.5 442.5 442.5 290.2 238.8 238.2 211.7 169.3 126.8 110.8 95.8 88.3 89.2 92.8 122.6 119.0 177.5 138.5 228.2 369.0 437.7 437.7 437.7 437.7 437.7 387.0 347.7 407.3 436.7 437.7 436.7 437.7 436.7 437.7 437.6 440.1 440.1 440.3
115.6 116.8 96.2 117.4 119.9 214.7 207.3 252.2 266.0 356.2 425.5 442.5 442.2 428.5 433.1 451.7 439.0 445.3 444.3 443.1 444.2 443.5 444.6 444.6 443.9 447.0 449.1 442.6 441.4 443.5 444.5 444.5 445.4 437.6 442.0 442.0 441.0 444.5 442.5 442.0 442.5 353.4 234.7 224.8 208.9 180.3 125.8 111.2 94.4 84.9 53.1 90.9 109.4 119.2 114.6 218.2 431.8 436.5 436.7 436.7 437.7 431.2 228.7 200.2 437.7 437.7 436.7 437.7 437.7 442.3 437.7 437.7 437.7 436.6 440.1 440.1
111.0 107.2 120.4 121.0 119.2 200.9 198.6 252.5 266.2 341.4 361.2 409.1 441.2 447.5 433.1 436.9 437.8 444.2 453.0 444.2 438.3 453.1 444.6 452.2 443.9 443.6 452.5 449.4 442.4 444.5 444.5 443.5 451.0 442.0 442.0 442.0 441.0 442.5 442.5 442.5 442.5 442.5 223.9 211.0 186.3 176.1 125.7 109.5 94.0 85.0 83.7 83.3 95.6 93.0 115.2 133.2 405.2 436.5 429.8 440.5 369.1 216.3 186.0 215.4 438.2 425.2 437.7 437.7 328.9 437.7 437.7 440.1 437.7 438.2 436.6 440.1
100.0 119.3 112.9 128.3 116.7 145.8 123.6 246.6 306.3 307.8 356.2 380.2 432.0 433.2 449.8 448.2 451.0 443.1 447.5 443.1 443.1 445.6 443.6 443.6 443.6 443.6 441.7 442.4 442.4 446.5 444.5 430.3 444.6 433.8 442.0 452.2 448.1 442.5 442.5 442.5 442.5 441.4 236.6 185.1 179.1 164.9 125.2 104.3 97.3 83.2 83.8 52.9 87.2 76.3 127.5 226.0 301.2 442.6 437.7 346.7 418.1 418.2 229.8 406.2 437.7 354.8 351.3 344.1 436.7 346.2 436.7 438.2 436.7 439.6 436.7 436.7
102.1 106.7 100.1 99.1 125.5 124.3 193.2 209.7 224.4 248.2 342.5 401.1 426.8 437.6 425.7 451.8 450.7 453.8 443.3 442.0 442.0 442.4 443.2 443.3 442.6 442.7 441.4 442.4 441.4 443.5 444.5 447.7 442.0 442.0 445.2 452.2 452.2 443.0 443.0 441.4 441.4 286.3 221.9 178.7 154.2 131.4 115.5 94.4 86.2 81.0 77.5 49.7 86.3 94.8 91.8 86.4 100.4 225.3 278.8 217.8 436.7 360.4 231.6 208.2 282.1 226.1 241.9 217.4 229.1 407.3 437.7 382.2 437.7 437.7 437.7 437.7
98.7 100.9 102.3 98.7 132.9 116.4 112.7 171.6 181.2 247.9 251.1 338.0 418.9 442.5 432.4 416.6 454.5 441.3 453.8 447.8 446.0 442.1 443.9 443.3 441.7 449.0 442.4 447.9 447.4 443.5 444.5 444.6 441.0 445.3 442.0 454.9 452.2 452.6 442.5 441.4 442.5 356.5 337.8 164.1 137.4 124.2 105.9 91.4 87.8 82.0 72.6 51.0 68.0 84.8 85.9 79.7 80.4 159.9 158.1 112.5 291.9 299.3 179.8 98.6 106.4 116.9 139.0 110.7 166.1 277.5 348.0 371.4 389.1 437.2 442.4 438.0
84.3 93.9 91.8 100.6 98.9 104.9 113.2 128.9 131.5 206.7 226.1 253.6 333.0 393.0 356.7 444.8 450.5 453.8 448.3 448.1 441.7 451.3 438.2 441.3 442.4 441.4 441.4 441.4 442.4 443.5 443.5 440.3 441.0 442.0 441.8 452.2 452.2 452.6 442.5 435.2 442.5 305.2 247.0 174.7 163.5 130.9 116.7 98.1 87.1 82.3 72.2 68.0 69.1 79.7 76.7 71.9 68.4 67.7 79.6 84.7 108.9 113.4 103.8 91.6 97.4 101.5 118.4 148.7 145.8 309.7 228.1 382.1 436.7 438.1 437.7 429.8
61.4 69.3 80.8 92.9 98.5 101.6 122.0 181.8 168.2 167.8 176.1 217.1 245.0 323.7 364.4 451.0 454.6 445.2 451.2 445.9 441.7 452.1 448.8 442.6 442.4 443.1 442.4 442.4 444.6 443.5 445.6 445.0 441.0 442.0 441.0 447.4 452.2 447.0 425.7 442.5 442.5 238.3 242.2 178.6 176.6 142.2 118.1 96.9 87.6 82.2 68.0 67.2 65.7 45.1 65.9 66.8 60.4 65.2 69.9 74.0 78.5 79.2 82.5 84.4 90.0 92.5 110.2 116.0 133.7 229.6 394.7 363.5 379.8 436.7 437.7 441.1
55.1 57.7 65.6 82.9 91.4 104.3 129.3 162.5 135.7 194.3 236.7 250.5 278.6 259.5 357.6 445.3 347.4 461.3 453.4 440.7 449.8 442.5 442.1 454.1 442.4 442.4 441.4 452.7 441.4 443.5 444.6 442.0 441.0 441.0 441.0 442.0 441.0 452.6 455.3 352.9 281.2 231.8 224.3 207.0 167.9 151.0 124.2 94.9 86.3 81.0 67.5 62.2 61.2 61.7 62.9 60.4 60.9 57.7 60.6 62.4 64.9 68.3 76.6 80.3 83.8 87.8 89.9 110.8 116.1 107.3 223.9 334.5 381.2 441.7 437.7 437.7
48.2 52.6 57.8 68.3 69.4 100.5 116.1 156.7 127.9 146.9 196.2 239.3 245.4 262.6 265.6 341.3 299.5 393.5 371.3 452.0 439.6 441.2 440.0 440.0 441.4 440.5 441.5 441.5 441.5 443.5 443.6 441.1 441.1 441.1 441.1 440.1 441.1 440.5 451.7 357.2 241.2 232.5 213.7 199.5 173.5 162.0 123.1 99.1 85.9 79.3 67.4 62.0 60.0 59.3 57.7 59.1 54.2 55.2 57.4 59.3 63.7 64.8 74.2 74.3 80.1 75.8 83.1 88.1 86.1 190.1 325.7 300.2 350.8 436.7 437.7 436.7
44.1 52.9 52.6 80.8 80.5 90.4 108.3 144.8 145.8 133.0 157.5 220.8 233.8 245.4 244.4 259.9 349.7 259.5 325.4 452.0 452.5 440.0 448.2 440.0 441.5 441.5 441.5 446.0 440.5 443.5 447.4 434.4 441.1 441.1 440.1 440.1 440.1 440.5 440.5 372.8 289.8 234.2 233.4 226.8 176.4 137.1 122.6 94.4 84.4 82.0 67.1 62.0 58.1 52.3 51.9 51.0 50.5 48.9 52.5 57.5 56.8 60.6 63.0 65.4 74.3 78.1 77.1 81.1 78.6 162.6 271.9 341.7 336.6 437.7 437.7 437.7
49.1 94.1 78.7 86.5 105.6 103.2 104.5 114.2 98.0 114.6 164.2 200.7 193.1 206.0 207.9 273.1 259.3 254.4 328.6 346.4 380.2 452.7 436.3 447.3 441.5 446.9 447.6 441.5 441.5 442.5 443.6 440.1 441.1 439.4 441.1 440.1 440.3 440.5 441.5 351.1 315.3 296.5 279.0 290.3 145.2 130.7 111.3 92.1 82.2 74.8 66.3 60.9 52.5 51.5 51.4 51.2 51.2 50.1 49.2 49.5 52.2 57.2 59.2 62.6 64.6 64.4 64.1 74.6 67.9 141.3 224.0 408.9 341.7 437.7 436.7 436.7
100.2 61.7 101.6 56.3 86.0 95.5 104.4 93.4 148.5 118.6 149.8 167.0 166.4 169.3 239.1 245.0 260.6 219.9 328.2 253.3 374.4 398.3 458.1 439.3 447.5 440.4 441.5 447.0 447.5 443.5 442.5 445.9 441.1 440.1 441.7 440.1 440.1 442.1 442.1 441.5 295.9 290.3 253.5 283.9 125.1 105.4 92.8 83.7 83.2 67.3 62.2 59.4 52.0 46.0 51.8 51.7 50.8 50.2 49.5 49.1 49.6 50.2 50.0 55.5 55.6 58.6 62.5 64.0 49.2 97.1 156.2 359.6 436.7 437.7 437.7 428.5
48.0 45.8 58.5 53.1 67.8 66.3 91.5 86.0 153.7 120.2 121.3 132.0 158.6 192.6 225.6 273.0 206.1 231.3 237.2 243.8 321.8 329.5 352.8 393.2 439.1 444.6 438.7 444.7 444.6 439.6 440.6 438.6 430.5 437.1 439.7 437.1 438.2 441.5 441.5 441.5 301.3 232.5 285.7 233.5 100.0 91.3 83.0 81.4 75.0 65.7 61.4 55.5 51.6 50.5 51.3 51.6 46.8 49.3 45.5 49.8 49.4 44.8 48.0 49.5 50.3 52.6 56.7 57.5 58.4 69.8 99.3 228.4 437.7 437.7 437.7 430.9
27.6 30.6 39.5 40.7 42.8 48.4 49.4 80.9 142.3 100.2 112.5 120.8 122.0 122.9 222.3 208.1 163.2 241.8 239.4 239.1 337.8 327.5 323.8 369.0 433.0 444.5 444.0 445.9 438.2 441.0 440.2 441.3 438.8 438.8 444.8 439.4 438.8 448.2 442.2 442.2 300.5 231.2 232.0 213.0 94.0 84.6 81.0 75.6 67.2 61.5 60.1 52.6 45.0 47.2 50.0 51.6 49.7 49.2 48.6 46.9 48.3 47.1 46.7 43.3 48.7 43.4 48.6 52.5 55.2 57.0 76.9 188.8 350.6 437.4 437.4 438.4
17.9 22.5 25.8 31.6 36.1 34.1 46.7 57.0 85.4 93.0 97.8 100.4 103.0 104.5 143.8 207.7 168.3 212.6 230.3 175.0 218.0 233.4 217.6 279.4 356.9 392.2 443.4 438.8 441.1 441.2 445.4 446.2 437.8 438.8 438.8 438.8 440.0 442.2 442.2 442.2 366.7 218.9 199.8 229.3 100.1 83.9 80.3 71.6 66.8 59.4 53.0 51.5 48.2 50.2 46.6 46.3 46.9 46.8 42.3 41.9 42.7 42.6 41.8 45.5 46.6 48.8 49.0 48.7 48.9 49.6 59.0 78.6 190.3 448.1 442.0 438.9
17.2 22.5 21.7 27.5 32.2 36.3 45.1 50.5 61.6 90.4 91.6 90.5 88.7 92.2 93.7 118.1 155.0 209.1 205.7 141.7 218.2 217.8 254.2 234.0 254.7 284.8 303.3 439.8 445.1 444.0 445.7 421.6 444.1 439.3 438.4 439.4 439.4 429.8 442.8 442.8 442.8 294.8 200.5 165.4 134.7 89.6 81.8 74.5 66.9 61.7 57.1 51.1 51.2 45.1 43.8 47.6 44.5 43.2 40.8 40.8 40.9 39.0 40.4 42.0 41.7 44.6 48.4 48.6 48.1 47.5 55.3 67.4 109.6 193.1 374.2 438.9
14.2 15.4 15.5 19.0 29.8 33.9 36.4 47.3 55.0 62.6 78.9 87.3 91.2 90.5 93.0 99.7 98.0 135.6 132.4 145.6 199.8 222.9 226.8 237.7 258.1 215.7 231.2 346.4 417.4 447.2 426.2 441.8 441.8 446.8 438.3 420.3 445.4 441.8 442.8 442.8 448.8 413.1 330.0 204.3 169.4 112.0 89.3 81.4 69.8 56.5 54.8 49.9 48.1 43.8 42.9 45.1 41.9 39.7 42.4 38.5 38.8 39.4 39.5 44.0 39.5 41.4 47.5 45.7 46.4 48.7 53.3 63.2 81.0 122.8 212.0 222.0
20.0 14.7 13.9 18.4 22.3 31.7 34.7 43.1 49.7 52.2 60.2 70.1 80.3 81.7 89.1 92.5 92.7 91.5 93.8 100.4 212.5 207.2 216.2 216.2 226.2 190.5 240.7 223.8 332.5 445.1 442.2 442.5 424.4 436.5 436.1 441.5 436.2 440.1 438.6 439.6 439.6 439.6 331.5 222.0 207.3 131.9 88.7 80.5 73.2 59.9 52.6 50.0 46.3 40.9 39.9 39.8 39.9 39.3 38.5 38.3 36.4 35.9 38.6 42.0 39.1 39.4 46.5 38.6 45.0 47.6 47.5 55.7 79.3 139.3 164.1 215.9
17.3 13.8 12.3 14.7 21.5 25.4 31.7 36.8 38.6 45.0 57.3 60.0 62.7 67.2 80.8 85.8 81.7 81.2 87.5 95.4 134.6 193.6 199.4 161.2 186.3 180.2 223.7 213.1 238.8 285.7 405.7 335.5 442.2 415.2 438.6 428.1 435.2 439.6 439.6 442.7 355.3 344.9 262.8 223.8 231.4 219.1 145.1 79.2 63.2 57.6 49.1 49.0 46.5 42.7 39.4 38.8 39.0 38.8 38.9 36.5 29.0 37.8 37.0 37.6 38.2 38.6 39.6 46.1 44.2 47.4 46.5 56.3 76.6 107.9 153.8 198.1
16.1 16.6 12.5 16.0 15.1 21.3 25.7 32.7 35.3 38.6 44.6 50.9 52.5 59.4 63.9 70.4 73.7 78.2 76.3 80.0 94.9 126.6 129.0 145.2 164.6 168.1 216.3 145.7 229.8 233.5 204.5 337.6 355.4 441.0 437.6 440.3 421.8 441.5 439.6 439.6 418.2 337.1 225.7 219.0 221.5 239.1 122.2 81.4 62.2 58.8 50.0 47.5 44.5 42.7 39.8 39.3 40.3 38.3 37.2 36.7 30.1 37.4 37.4 35.3 35.6 31.3 38.1 42.7 44.3 43.9 48.4 57.3 68.2 147.9 164.6 149.4
