GSP_annual_reports_PET_2024_v1/GIS/PET_2022_Fall_Shallow.tif
NCOLS 191
NROWS  209
XLLCORNER 6295515.91401
YLLCORNER 1783415.49397
CELLSIZE 1000.0
NODATA_VALUE -999
[rows 170 to 203 of 209, columns 76 to 151 of 191]
-999.0 -999.0 -999.0 -999.0 -999.0 -999.0 -999.0 -999.0 -999.0 -999.0 -999.0 126.5 142.0 339.3 338.2 341.4 341.5 343.4 341.2 340.2 340.2 342.3 146.4 95.9 33.7 59.7 10.0 22.1 34.9 2.3 2.4 2.5 2.5 2.8 2.8 2.5 1.8 2.0 2.0 2.6 7.9 8.2 9.3 12.2 18.5 24.3 78.7 96.3 123.8 139.6 215.1 206.6 151.2 219.9 232.6 227.8 38.1 58.5 21.5 6.8 2.7 1.9 1.7 1.4 1.5 1.4 1.4 1.4 1.8 1.5 1.8 1.6 1.6 2.0 1.8 1.8
-999.0 -999.0 -999.0 -999.0 -999.0 -999.0 -999.0 -999.0 -999.0 -999.0 -999.0 -999.0 -999.0 331.4 338.2 341.8 340.0 339.4 339.7 338.7 338.7 202.9 188.1 250.8 132.4 12.1 2.7 6.3 8.8 3.3 2.5 2.7 2.6 2.7 2.2 2.0 1.7 1.8 2.0 1.9 1.7 8.2 8.8 9.6 13.4 18.4 42.4 68.8 119.8 137.5 198.8 132.6 152.5 188.0 224.1 228.1 205.2 68.0 32.5 8.5 2.8 1.9 1.7 1.3 1.4 1.3 1.3 1.3 1.3 2.1 1.6 1.7 1.3 1.6 3.2 1.6
-999.0 -999.0 -999.0 -999.0 -999.0 -999.0 -999.0 -999.0 -999.0 -999.0 -999.0 -999.0 -999.0 -999.0 -999.0 339.9 340.8 339.4 339.7 339.7 338.7 338.8 124.1 125.6 132.8 51.3 12.8 4.6 10.1 2.9 4.8 2.6 2.7 2.7 2.3 2.1 1.6 1.7 2.0 1.9 1.6 1.5 4.5 8.1 9.7 13.6 24.4 39.6 67.6 133.6 166.6 118.7 142.3 139.9 138.2 178.2 312.7 354.3 76.7 17.6 6.7 1.6 1.5 1.1 1.1 1.1 1.0 1.0 1.1 1.6 1.1 1.3 1.6 1.6 2.1 1.9
-999.0 -999.0 -999.0 -999.0 -999.0 -999.0 -999.0 -999.0 -999.0 -999.0 -999.0 -999.0 -999.0 -999.0 -999.0 -999.0 -999.0 -999.0 -999.0 -999.0 338.7 338.8 215.7 131.5 120.1 44.4 27.1 11.0 2.4 2.8 2.7 2.6 2.3 2.3 2.8 2.1 1.6 1.8 1.9 1.9 1.6 1.4 2.3 4.1 5.9 9.9 16.6 24.8 44.0 132.9 129.1 93.3 122.6 96.8 88.7 135.5 309.6 424.9 386.9 81.6 53.5 1.6 1.3 0.8 0.8 0.9 0.8 0.8 0.8 0.8 0.8 1.3 2.9 1.6 1.0 0.9
-999.0 -999.0 -999.0 -999.0 -999.0 -999.0 -999.0 -999.0 -999.0 -999.0 -999.0 -999.0 -999.0 -999.0 -999.0 -999.0 -999.0 -999.0 -999.0 -999.0 338.7 338.6 339.8 208.7 117.8 86.6 41.0 7.7 2.6 2.7 2.5 2.2 3.0 2.9 2.8 2.7 1.8 1.7 1.9 1.9 1.7 1.4 1.9 3.0 8.3 9.3 10.3 11.1 21.1 53.8 91.8 88.7 110.7 56.2 99.6 202.0 209.8 397.5 399.5 160.7 66.6 1.4 0.7 2.3 0.7 0.6 0.4 0.3 0.3 0.4 0.4 0.4 1.8 0.8 1.5 2.7
-999.0 -999.0 -999.0 -999.0 -999.0 -999.0 -999.0 -999.0 -999.0 -999.0 -999.0 -999.0 -999.0 -999.0 -999.0 -999.0 -999.0 -999.0 -999.0 -999.0 -999.0 338.8 340.4 342.1 152.4 134.8 46.0 2.3 2.8 2.7 2.6 2.8 2.8 2.2 2.9 2.8 3.1 1.9 2.0 2.8 1.8 1.2 0.9 1.2 2.7 3.6 3.8 3.7 3.2 20.3 25.0 60.0 73.4 42.3 52.4 113.0 171.4 129.8 213.8 136.1 27.5 5.4 0.9 0.5 -0.1 -0.1 -0.2 -0.1 -0.1 -0.1 -0.1 -0.1 -0.0 1.3 1.6 1.2
-999.0 -999.0 -999.0 -999.0 -999.0 -999.0 -999.0 -999.0 -999.0 -999.0 -999.0 -999.0 -999.0 -999.0 -999.0 -999.0 -999.0 -999.0 -999.0 -999.0 -999.0 340.5 342.1 342.1 346.6 349.3 121.3 9.0 2.2 2.8 3.0 2.7 2.2 2.3 4.0 3.2 3.1 1.9 2.0 1.8 2.6 1.5 0.9 2.5 0.9 1.3 1.1 0.8 1.4 7.7 12.9 26.2 33.3 23.4 27.4 57.5 86.3 77.3 71.7 70.4 92.4 66.7 0.9 0.3 2.3 -0.4 -0.4 -0.4 -0.3 -0.3 -0.4 -0.3 -0.4 1.5 1.0 1.0
-999.0 -999.0 -999.0 -999.0 -999.0 -999.0 -999.0 -999.0 -999.0 -999.0 -999.0 -999.0 -999.0 -999.0 -999.0 -999.0 -999.0 -999.0 -999.0 -999.0 -999.0 -999.0 343.4 345.2 345.2 352.1 124.0 33.6 2.4 2.5 2.3 2.1 2.5 2.1 2.1 3.0 3.5 3.2 3.2 3.1 2.0 1.5 1.2 0.8 0.6 1.2 0.9 0.4 1.1 2.9 7.5 4.9 7.2 13.4 23.7 25.8 23.7 35.8 33.3 68.3 49.1 17.2 -0.3 -0.8 -0.7 0.3 -0.6 -0.9 -0.8 -0.8 -0.8 -0.9 -0.7 0.7 0.7 -0.2
-999.0 -999.0 -999.0 -999.0 -999.0 -999.0 -999.0 -999.0 -999.0 -999.0 -999.0 -999.0 -999.0 -999.0 -999.0 -999.0 -999.0 -999.0 -999.0 -999.0 -999.0 -999.0 -999.0 344.7 348.0 353.5 111.9 16.2 6.1 2.9 2.1 3.4 2.1 2.1 2.1 1.9 1.6 2.1 3.3 3.1 1.9 1.8 1.4 1.0 0.6 0.4 0.5 0.3 0.0 1.9 1.8 9.6 6.9 10.0 6.9 6.5 13.2 10.6 14.4 25.0 28.9 36.3 -0.5 -1.1 -0.3 -0.3 -1.0 -1.0 -1.1 -1.1 -1.0 -0.9 -0.5 0.3 -0.0 -0.6
-999.0 -999.0 -999.0 -999.0 -999.0 -999.0 -999.0 -999.0 -999.0 -999.0 -999.0 -999.0 -999.0 -999.0 -999.0 -999.0 -999.0 -999.0 -999.0 -999.0 -999.0 -999.0 -999.0 344.3 224.1 104.4 55.8 13.3 3.5 2.5 2.9 1.6 2.1 2.1 2.8 3.1 5.5 1.8 1.8 3.1 3.2 1.8 2.2 1.1 0.7 0.1 -0.1 0.1 0.5 -0.4 -0.5 1.4 -0.2 1.3 1.2 1.9 0.7 1.4 0.2 12.5 11.3 13.6 -0.8 -0.2 -1.1 -1.1 -1.1 -1.0 -1.1 -1.1 -0.6 -1.1 0.6 0.5 0.6 -0.3
-999.0 -999.0 -999.0 -999.0 -999.0 -999.0 -999.0 -999.0 -999.0 -999.0 -999.0 -999.0 -999.0 -999.0 -999.0 -999.0 -999.0 -999.0 -999.0 -999.0 -999.0 -999.0 -999.0 -999.0 222.5 109.2 116.6 9.3 3.0 11.1 3.2 3.2 3.1 2.6 2.3 2.3 2.8 2.8 2.8 2.9 3.0 3.0 1.6 1.4 1.0 0.4 -0.2 -0.2 -0.7 -0.6 -0.5 -0.7 -1.0 -0.9 -0.4 -0.8 -1.2 -1.6 -1.5 -1.2 2.1 -1.2 -0.8 -1.2 -1.2 -1.2 -1.2 -1.1 -1.2 -1.2 -1.2 0.1 -0.2 0.3 -0.2 -0.4
-999.0 -999.0 -999.0 -999.0 -999.0 -999.0 -999.0 -999.0 -999.0 -999.0 -999.0 -999.0 -999.0 -999.0 -999.0 -999.0 -999.0 -999.0 -999.0 -999.0 -999.0 -999.0 -999.0 -999.0 -999.0 -999.0 61.1 5.7 2.0 2.0 2.0 1.8 2.3 7.9 2.3 2.3 2.6 2.5 2.3 2.3 3.0 3.0 1.6 1.5 0.9 0.7 -0.1 -0.3 -0.6 -0.9 -0.9 -1.2 -0.9 -0.8 -0.7 -0.9 -1.3 -1.6 -0.9 -1.9 -1.5 -1.4 -1.5 0.0 -1.4 -1.4 -1.2 -1.5 -1.2 -1.4 -0.9 0.2 0.3 -0.8 -0.6 -1.2
-999.0 -999.0 -999.0 -999.0 -999.0 -999.0 -999.0 -999.0 -999.0 -999.0 -999.0 -999.0 -999.0 -999.0 -999.0 -999.0 -999.0 -999.0 -999.0 -999.0 -999.0 -999.0 -999.0 -999.0 -999.0 -999.0 -999.0 -999.0 2.6 2.5 2.6 2.7 2.8 20.9 23.7 2.3 2.5 2.6 2.6 2.5 2.9 2.8 2.3 2.5 1.2 0.5 0.3 -0.2 -0.6 -1.8 -1.3 -1.1 -1.6 -1.2 -0.9 -1.2 -1.1 -1.8 -1.8 -1.8 -1.2 -1.4 -1.0 -1.1 -1.2 -1.4 -1.3 -1.4 -1.3 -1.3 0.3 -0.8 -0.7 -1.0 -1.3 -1.3
-999.0 -999.0 -999.0 -999.0 -999.0 -999.0 -999.0 -999.0 -999.0 -999.0 -999.0 -999.0 -999.0 -999.0 -999.0 -999.0 -999.0 -999.0 -999.0 -999.0 -999.0 -999.0 -999.0 -999.0 -999.0 -999.0 -999.0 -999.0 -999.0 2.2 2.7 73.4 37.0 2.7 127.0 55.0 34.2 18.1 2.7 2.8 2.9 3.0 3.0 3.0 0.9 0.9 0.5 0.8 -0.3 -0.6 -0.1 -1.1 -1.1 -0.8 -0.4 -0.9 -1.3 -1.4 -1.8 -1.7 -0.8 -0.7 -0.9 -1.2 -0.7 -1.2 -1.3 -1.2 2.9 -0.8 -1.3 -1.3 -1.3 -1.3 -1.3 -1.3
-999.0 -999.0 -999.0 -999.0 -999.0 -999.0 -999.0 -999.0 -999.0 -999.0 -999.0 -999.0 -999.0 -999.0 -999.0 -999.0 -999.0 -999.0 -999.0 -999.0 -999.0 -999.0 -999.0 -999.0 -999.0 -999.0 -999.0 -999.0 -999.0 -999.0 4.4 34.4 138.8 11.9 38.3 105.4 50.8 52.5 3.2 5.7 3.7 3.0 3.1 3.2 2.3 1.2 0.6 -1.2 2.2 0.4 0.5 -0.3 -0.0 1.7 -0.3 -0.4 -0.8 -0.4 -0.8 -1.0 -0.2 -0.5 -0.9 -0.3 0.3 -0.9 -0.9 -0.4 -0.7 -1.0 -1.0 -1.0 -1.0 -1.0 -1.0 -1.0
-999.0 -999.0 -999.0 -999.0 -999.0 -999.0 -999.0 -999.0 -999.0 -999.0 -999.0 -999.0 -999.0 -999.0 -999.0 -999.0 -999.0 -999.0 -999.0 -999.0 -999.0 -999.0 -999.0 -999.0 -999.0 -999.0 -999.0 -999.0 -999.0 -999.0 -999.0 -999.0 47.0 6.8 49.0 92.7 118.1 49.8 9.9 7.1 7.7 3.3 3.1 1.9 0.7 1.2 0.9 0.8 6.9 0.7 1.4 1.9 2.0 1.9 -0.2 -0.3 -0.5 -0.5 -0.4 0.6 0.2 -0.0 -0.1 -0.6 -0.1 -0.8 -0.2 -0.6 -0.7 -0.7 -0.7 -0.7 -0.7 -0.7 -0.7 -0.7
-999.0 -999.0 -999.0 -999.0 -999.0 -999.0 -999.0 -999.0 -999.0 -999.0 -999.0 -999.0 -999.0 -999.0 -999.0 -999.0 -999.0 -999.0 -999.0 -999.0 -999.0 -999.0 -999.0 -999.0 -999.0 -999.0 -999.0 -999.0 -999.0 -999.0 -999.0 -999.0 -999.0 16.4 21.5 136.1 127.1 124.6 24.2 114.6 21.9 3.1 3.1 2.1 3.2 1.5 1.2 2.9 1.6 2.3 2.4 2.3 2.2 1.5 0.2 0.0 -0.1 -0.3 2.8 0.5 -0.0 0.1 0.1 0.2 0.0 0.0 -0.5 -0.4 -0.4 -0.4 -0.4 -0.4 -0.4 -0.4 -0.4 -0.4
-999.0 -999.0 -999.0 -999.0 -999.0 -999.0 -999.0 -999.0 -999.0 -999.0 -999.0 -999.0 -999.0 -999.0 -999.0 -999.0 -999.0 -999.0 -999.0 -999.0 -999.0 -999.0 -999.0 -999.0 -999.0 -999.0 -999.0 -999.0 -999.0 -999.0 -999.0 -999.0 -999.0 50.6 118.6 55.2 133.4 132.1 121.9 61.9 117.6 21.6 3.0 3.1 1.9 1.9 3.1 6.3 2.5 2.4 2.7 2.6 2.2 2.1 0.4 1.6 1.6 1.3 1.2 0.4 1.5 -0.3 0.0 0.3 0.3 -0.1 -0.1 -0.1 -0.1 -0.1 -0.1 -0.1 -0.1 -0.1 -0.1 -0.1
-999.0 -999.0 -999.0 -999.0 -999.0 -999.0 -999.0 -999.0 -999.0 -999.0 -999.0 -999.0 -999.0 -999.0 -999.0 -999.0 -999.0 -999.0 -999.0 -999.0 -999.0 -999.0 -999.0 -999.0 -999.0 -999.0 -999.0 -999.0 -999.0 -999.0 -999.0 -999.0 -999.0 105.3 12.6 51.7 96.7 120.4 17.8 56.4 132.4 141.3 7.1 50.7 4.7 3.0 3.2 3.0 3.1 3.0 3.0 2.8 2.6 2.1 1.9 1.6 1.3 0.1 0.4 -0.1 0.6 0.6 0.3 0.1 -0.1 -0.1 -0.1 -0.1 -0.1 -0.1 -0.1 -0.1 -0.1 -0.1 -0.1 -0.1
-999.0 -999.0 -999.0 -999.0 -999.0 -999.0 -999.0 -999.0 -999.0 -999.0 -999.0 -999.0 -999.0 -999.0 -999.0 -999.0 -999.0 -999.0 -999.0 -999.0 -999.0 -999.0 -999.0 -999.0 -999.0 -999.0 -999.0 -999.0 -999.0 -999.0 -999.0 -999.0 -999.0 124.9 14.2 3.1 7.9 16.5 49.7 138.4 135.2 60.6 142.0 71.2 31.2 3.3 3.3 3.2 2.9 2.3 2.5 1.1 0.9 0.7 0.6 0.4 0.4 0.4 0.4 0.1 0.1 0.1 -0.1 -0.1 -0.1 -0.1 -0.1 -0.1 -0.1 -0.1 -0.1 -0.1 -0.1 -0.1 -0.1 -0.1
-999.0 -999.0 -999.0 -999.0 -999.0 -999.0 -999.0 -999.0 -999.0 -999.0 -999.0 -999.0 -999.0 -999.0 -999.0 -999.0 -999.0 -999.0 -999.0 -999.0 -999.0 -999.0 -999.0 -999.0 -999.0 -999.0 -999.0 -999.0 -999.0 -999.0 -999.0 -999.0 -999.0 -999.0 8.5 2.7 2.9 3.2 54.3 136.6 69.0 68.2 20.0 72.5 6.6 55.8 76.4 3.2 3.4 1.2 1.2 1.1 0.8 0.7 0.6 0.4 0.4 0.4 0.3 0.2 0.1 0.1 -0.1 -0.1 -0.1 -0.1 -0.1 -0.1 -0.1 -0.1 -0.1 -0.1 -0.1 -0.1 -0.1 -0.1
-999.0 -999.0 -999.0 -999.0 -999.0 -999.0 -999.0 -999.0 -999.0 -999.0 -999.0 -999.0 -999.0 -999.0 -999.0 -999.0 -999.0 -999.0 -999.0 -999.0 -999.0 -999.0 -999.0 -999.0 -999.0 -999.0 -999.0 -999.0 -999.0 -999.0 -999.0 -999.0 -999.0 -999.0 14.7 2.4 2.7 2.6 2.8 9.4 6.6 39.2 5.3 3.2 33.9 71.4 46.3 4.9 1.0 3.6 2.1 1.4 0.8 0.7 0.6 0.4 0.4 0.4 0.3 0.2 0.1 -0.0 -0.1 -0.1 -0.1 -0.1 -0.1 -0.1 -0.1 -0.1 -0.1 -0.1 -0.1 -0.1 -0.1 -0.1
-999.0 -999.0 -999.0 -999.0 -999.0 -999.0 -999.0 -999.0 -999.0 -999.0 -999.0 -999.0 -999.0 -999.0 -999.0 -999.0 -999.0 -999.0 -999.0 -999.0 -999.0 -999.0 -999.0 -999.0 -999.0 -999.0 -999.0 -999.0 -999.0 -999.0 -999.0 -999.0 -999.0 -999.0 -999.0 21.4 2.7 2.8 2.3 2.5 2.7 2.5 3.3 11.6 103.2 40.9 20.4 11.3 18.8 3.4 2.5 1.5 0.8 0.6 0.5 0.4 0.4 0.4 0.3 0.2 0.1 -0.1 -0.1 -0.1 -0.1 -0.1 -0.1 -0.1 -0.1 -0.1 -0.1 -0.1 -0.1 -0.1 -0.1 -0.1
-999.0 -999.0 -999.0 -999.0 -999.0 -999.0 -999.0 -999.0 -999.0 -999.0 -999.0 -999.0 -999.0 -999.0 -999.0 -999.0 -999.0 -999.0 -999.0 -999.0 -999.0 -999.0 -999.0 -999.0 -999.0 -999.0 -999.0 -999.0 -999.0 -999.0 -999.0 -999.0 -999.0 -999.0 -999.0 92.0 2.2 2.1 3.3 2.3 3.2 2.5 2.0 6.8 10.0 55.1 12.8 4.2 22.2 3.4 2.6 1.3 0.8 0.7 0.5 0.4 0.3 0.4 0.3 0.1 0.1 -0.1 -0.1 -0.1 -0.1 -0.1 -0.1 -0.1 -0.1 -0.1 -0.1 -0.1 -0.1 -0.1 -0.1 -0.1
-999.0 -999.0 -999.0 -999.0 -999.0 -999.0 -999.0 -999.0 -999.0 -999.0 -999.0 -999.0 -999.0 -999.0 -999.0 -999.0 -999.0 -999.0 -999.0 -999.0 -999.0 -999.0 -999.0 -999.0 -999.0 -999.0 -999.0 -999.0 -999.0 -999.0 -999.0 -999.0 -999.0 -999.0 -999.0 -999.0 12.7 2.4 2.2 2.4 2.3 2.6 2.2 2.4 16.7 1.8 1.0 1.2 3.2 3.4 3.0 1.6 0.8 0.7 0.5 0.4 0.3 0.4 0.3 0.1 0.1 -0.1 -0.1 -0.1 -0.1 -0.1 -0.1 -0.1 -0.1 -0.1 -0.1 -0.1 -0.1 -0.1 -0.1 -0.1
-999.0 -999.0 -999.0 -999.0 -999.0 -999.0 -999.0 -999.0 -999.0 -999.0 -999.0 -999.0 -999.0 -999.0 -999.0 -999.0 -999.0 -999.0 -999.0 -999.0 -999.0 -999.0 -999.0 -999.0 -999.0 -999.0 -999.0 -999.0 -999.0 -999.0 -999.0 -999.0 -999.0 -999.0 -999.0 -999.0 -999.0 4.4 2.3 2.8 2.6 2.8 1.9 1.7 1.5 1.2 1.2 1.0 3.5 3.4 3.0 0.9 0.7 0.7 0.5 0.4 0.3 0.4 0.3 0.1 0.1 -0.1 -0.1 -0.1 -0.1 -0.1 -0.1 -0.1 -0.1 -0.1 -0.1 -0.1 -0.1 -0.1 -0.1 -0.1
-999.0 -999.0 -999.0 -999.0 -999.0 -999.0 -999.0 -999.0 -999.0 -999.0 -999.0 -999.0 -999.0 -999.0 -999.0 -999.0 -999.0 -999.0 -999.0 -999.0 -999.0 -999.0 -999.0 -999.0 -999.0 -999.0 -999.0 -999.0 -999.0 -999.0 -999.0 -999.0 -999.0 -999.0 -999.0 -999.0 -999.0 2.0 3.2 2.3 2.2 2.0 1.8 1.6 1.4 1.2 1.2 3.2 3.4 4.0 2.8 0.9 0.7 0.7 0.5 0.4 0.3 0.4 0.3 0.1 0.1 -0.1 -0.1 -0.1 -0.1 -0.1 -0.1 -0.1 -0.1 -0.1 -0.1 -0.1 -0.1 -0.1 -0.1 -0.1
-999.0 -999.0 -999.0 -999.0 -999.0 -999.0 -999.0 -999.0 -999.0 -999.0 -999.0 -999.0 -999.0 -999.0 -999.0 -999.0 -999.0 -999.0 -999.0 -999.0 -999.0 -999.0 -999.0 -999.0 -999.0 -999.0 -999.0 -999.0 -999.0 -999.0 -999.0 -999.0 -999.0 -999.0 -999.0 -999.0 -999.0 -999.0 -999.0 2.7 3.4 3.6 1.9 1.5 2.4 1.3 3.1 1.0 1.3 2.6 2.8 0.9 0.7 0.7 0.4 0.4 0.3 0.4 0.3 0.1 0.1 -0.1 -0.1 -0.1 -0.1 -0.1 -0.1 -0.1 -0.1 -0.1 -0.1 -0.1 -0.1 -0.1 -0.1 -0.1
-999.0 -999.0 -999.0 -999.0 -999.0 -999.0 -999.0 -999.0 -999.0 -999.0 -999.0 -999.0 -999.0 -999.0 -999.0 -999.0 -999.0 -999.0 -999.0 -999.0 -999.0 -999.0 -999.0 -999.0 -999.0 -999.0 -999.0 -999.0 -999.0 -999.0 -999.0 -999.0 -999.0 -999.0 -999.0 -999.0 -999.0 -999.0 -999.0 -999.0 -999.0 3.1 1.6 1.7 1.2 3.9 1.6 1.6 1.3 2.0 2.8 1.1 0.6 0.6 0.4 -999.0 -999.0 -999.0 -999.0 0.1 0.1 -0.1 -0.1 -0.1 -0.1 -0.1 -0.1 -0.1 -0.1 -0.1 -0.1 -0.1 -0.1 -0.1 -0.1 -0.1
-999.0 -999.0 -999.0 -999.0 -999.0 -999.0 -999.0 -999.0 -999.0 -999.0 -999.0 -999.0 -999.0 -999.0 -999.0 -999.0 -999.0 -999.0 -999.0 -999.0 -999.0 -999.0 -999.0 -999.0 -999.0 -999.0 -999.0 -999.0 -999.0 -999.0 -999.0 -999.0 -999.0 -999.0 -999.0 -999.0 -999.0 -999.0 -999.0 -999.0 -999.0 -999.0 -999.0 3.8 2.8 1.5 1.6 1.5 2.0 1.9 2.8 1.0 -999.0 -999.0 -999.0 -999.0 -999.0 -999.0 -999.0 0.1 0.1 -0.1 -0.1 -0.1 -0.1 -0.1 -0.1 -0.1 -0.1 -0.1 -0.1 -0.1 -0.1 -0.1 -0.1 -0.1
-999.0 -999.0 -999.0 -999.0 -999.0 -999.0 -999.0 -999.0 -999.0 -999.0 -999.0 -999.0 -999.0 -999.0 -999.0 -999.0 -999.0 -999.0 -999.0 -999.0 -999.0 -999.0 -999.0 -999.0 -999.0 -999.0 -999.0 -999.0 -999.0 -999.0 -999.0 -999.0 -999.0 -999.0 -999.0 -999.0 -999.0 -999.0 -999.0 -999.0 -999.0 -999.0 -999.0 -999.0 -999.0 -999.0 -999.0 -999.0 -999.0 -999.0 -999.0 -999.0 -999.0 -999.0 -999.0 -999.0 -999.0 -999.0 -999.0 -999.0 0.1 -0.1 -0.1 -0.1 -0.1 -0.1 -0.1 -0.1 -0.1 -0.1 -0.1 -0.1 -0.1 -0.1 -0.1 -0.1
-999.0 -999.0 -999.0 -999.0 -999.0 -999.0 -999.0 -999.0 -999.0 -999.0 -999.0 -999.0 -999.0 -999.0 -999.0 -999.0 -999.0 -999.0 -999.0 -999.0 -999.0 -999.0 -999.0 -999.0 -999.0 -999.0 -999.0 -999.0 -999.0 -999.0 -999.0 -999.0 -999.0 -999.0 -999.0 -999.0 -999.0 -999.0 -999.0 -999.0 -999.0 -999.0 -999.0 -999.0 -999.0 -999.0 -999.0 -999.0 -999.0 -999.0 -999.0 -999.0 -999.0 -999.0 -999.0 -999.0 -999.0 -999.0 -999.0 -999.0 0.1 -0.1 -0.1 -0.1 -0.1 -0.1 -0.1 -0.1 -0.1 -0.1 -0.1 -0.1 -0.1 -0.1 -0.1 -0.1
-999.0 -999.0 -999.0 -999.0 -999.0 -999.0 -999.0 -999.0 -999.0 -999.0 -999.0 -999.0 -999.0 -999.0 -999.0 -999.0 -999.0 -999.0 -999.0 -999.0 -999.0 -999.0 -999.0 -999.0 -999.0 -999.0 -999.0 -999.0 -999.0 -999.0 -999.0 -999.0 -999.0 -999.0 -999.0 -999.0 -999.0 -999.0 -999.0 -999.0 -999.0 -999.0 -999.0 -999.0 -999.0 -999.0 -999.0 -999.0 -999.0 -999.0 -999.0 -999.0 -999.0 -999.0 -999.0 -999.0 -999.0 -999.0 -999.0 -999.0 0.1 -0.1 -0.1 -0.1 -0.1 -0.1 -0.1 -0.1 -0.1 -0.1 -0.1 -0.1 -0.1 -0.1 -0.1 -0.1
-999.0 -999.0 -999.0 -999.0 -999.0 -999.0 -999.0 -999.0 -999.0 -999.0 -999.0 -999.0 -999.0 -999.0 -999.0 -999.0 -999.0 -999.0 -999.0 -999.0 -999.0 -999.0 -999.0 -999.0 -999.0 -999.0 -999.0 -999.0 -999.0 -999.0 -999.0 -999.0 -999.0 -999.0 -999.0 -999.0 -999.0 -999.0 -999.0 -999.0 -999.0 -999.0 -999.0 -999.0 -999.0 -999.0 -999.0 -999.0 -999.0 -999.0 -999.0 -999.0 -999.0 -999.0 -999.0 -999.0 -999.0 -999.0 -999.0 -999.0 -999.0 -0.1 -0.1 -0.1 -0.1 -0.1 -0.1 -0.1 -0.1 -0.1 -0.1 -0.1 -0.1 -0.1 -0.1 -0.1
