GSP_annual_reports_PET_2024_v1/GIS/PET_2023_Fall_Deep.tif
NCOLS 191
NROWS  209
XLLCORNER 6295515.91401
YLLCORNER 1783415.49397
CELLSIZE 1000.0
NODATA_VALUE -999
[rows 136 to 169 of 209, columns 76 to 151 of 191]
34.0 33.0 12.3 11.3 16.1 13.7 22.1 26.7 31.1 34.7 35.0 47.5 53.8 55.5 60.6 66.3 74.1 76.0 79.4 82.6 76.3 96.8 125.2 121.9 111.6 115.5 131.8 129.8 159.3 155.5 205.2 213.2 223.1 270.5 277.6 387.5 426.0 427.1 421.9 421.9 399.8 243.1 209.0 232.2 210.7 202.2 159.2 80.5 61.2 55.6 52.9 50.5 47.9 42.4 43.7 38.0 38.4 38.5 31.2 36.2 28.3 35.3 31.0 29.9 30.6 29.8 30.8 35.8 42.6 46.2 52.5 57.7 69.7 85.1 192.6 215.0
82.1 41.4 45.0 11.6 8.5 10.6 12.9 18.3 25.2 29.4 32.9 34.2 38.1 52.5 51.4 59.1 61.2 66.5 73.4 77.7 82.0 89.2 88.0 74.8 82.1 83.1 94.5 110.2 130.8 191.1 177.5 187.9 185.1 221.9 291.9 351.2 354.2 422.8 424.4 424.4 432.2 423.2 203.3 203.1 264.3 204.3 153.0 82.9 60.5 55.9 53.0 48.9 40.8 39.9 37.0 37.7 32.6 37.0 31.0 29.7 27.1 34.7 25.6 30.8 27.3 29.0 30.5 31.1 35.6 47.3 61.5 55.9 79.8 83.2 152.1 188.8
34.3 34.8 20.4 24.1 15.1 11.3 7.1 12.6 18.7 23.3 28.7 32.3 34.3 35.9 48.6 56.9 57.0 60.8 64.9 68.8 75.9 82.6 84.9 79.7 80.1 87.8 81.5 108.4 101.1 127.8 153.8 159.5 151.2 210.8 221.6 224.5 218.6 211.6 263.0 337.6 423.3 423.4 424.4 204.0 217.0 204.6 123.5 83.9 58.4 56.3 53.0 49.6 44.8 38.2 38.6 37.2 33.3 29.7 29.9 30.6 29.2 25.8 31.5 27.0 24.2 27.0 26.3 28.7 31.7 42.0 46.8 86.8 77.8 144.6 128.4 141.8
38.8 28.2 40.5 25.2 14.0 9.9 10.3 8.6 12.4 15.4 22.1 24.8 27.9 30.7 34.6 39.9 54.0 56.5 54.4 63.1 66.9 67.9 76.2 82.7 81.1 79.2 125.3 128.8 131.4 153.4 112.0 146.6 122.4 140.6 161.3 168.1 182.3 200.3 200.4 270.6 303.4 431.2 324.6 216.4 187.5 203.8 126.1 71.3 62.9 58.8 55.2 52.6 47.7 42.8 38.8 29.8 30.5 29.2 29.3 27.1 26.6 29.1 26.1 27.1 24.4 23.6 23.1 26.2 31.0 36.8 42.3 46.1 76.5 100.9 147.0 81.4
65.4 31.1 25.9 21.4 10.7 6.6 4.5 8.5 8.4 13.4 14.7 15.5 21.5 23.6 31.0 31.6 34.1 40.6 59.8 56.2 61.6 66.1 69.2 68.8 73.1 120.2 138.4 142.9 144.0 143.5 132.3 104.9 145.8 118.2 135.5 147.2 159.3 161.4 180.3 211.1 211.3 275.9 290.0 202.4 184.7 120.4 102.0 85.0 57.6 58.9 55.0 50.6 48.9 42.8 39.9 30.4 39.3 36.5 30.5 25.0 26.1 24.4 24.6 24.7 25.5 23.3 23.4 24.2 27.1 31.4 37.1 48.0 53.9 101.6 143.9 73.9
92.5 83.6 30.5 28.1 13.8 4.6 3.3 3.8 8.8 8.7 7.7 8.6 12.3 15.4 18.6 24.7 29.9 32.2 36.8 47.8 57.6 56.6 59.2 60.5 51.1 85.8 74.4 89.0 121.9 151.5 151.6 157.6 156.1 157.0 123.2 132.6 165.6 191.7 202.6 211.7 203.9 242.3 274.1 231.4 171.0 121.2 196.8 105.5 80.3 55.2 53.9 49.8 47.4 42.4 39.8 38.0 37.2 30.7 30.7 24.4 25.0 24.3 23.2 22.8 23.8 21.3 20.1 23.2 24.2 28.7 30.1 41.3 50.5 58.6 116.9 63.8
73.4 88.6 33.7 30.4 27.8 3.4 3.6 3.6 3.4 5.8 7.2 8.0 6.2 7.7 12.3 13.4 18.6 23.1 30.1 34.8 44.9 47.8 53.7 56.0 58.9 76.0 165.2 149.7 144.3 139.0 160.0 198.8 176.8 192.0 150.9 134.5 152.4 190.0 187.5 186.6 200.4 212.7 272.6 207.5 201.4 216.2 281.3 158.3 120.9 134.5 52.9 53.0 47.7 42.4 36.9 34.4 34.1 30.6 27.3 29.1 23.0 23.4 21.8 20.7 24.2 20.6 20.5 20.8 23.0 24.1 30.7 38.9 46.7 55.1 80.3 51.8
100.5 100.9 80.1 88.5 38.9 24.3 3.8 4.0 4.7 3.2 3.5 3.2 6.9 6.8 4.0 8.2 13.5 13.7 16.4 26.0 30.1 33.0 33.7 35.3 59.3 79.8 150.3 151.0 162.3 195.8 150.1 195.7 186.1 184.9 203.2 165.6 136.9 162.2 170.2 209.8 211.8 213.4 209.8 217.0 208.9 312.9 427.3 303.0 211.0 117.7 143.9 54.6 52.2 47.8 39.7 30.1 29.6 29.6 26.4 21.0 22.8 23.6 20.6 19.9 19.7 20.1 19.5 19.7 21.2 22.4 23.6 31.1 42.2 46.5 45.2 71.7
81.5 71.8 50.2 47.7 42.6 3.0 8.5 4.1 5.2 4.4 4.3 4.3 4.7 2.3 2.6 -5.4 -7.9 3.9 17.2 18.7 22.7 23.5 24.9 25.9 38.5 141.3 76.0 83.4 158.3 165.5 188.7 196.3 210.0 202.8 199.5 177.7 167.2 164.9 181.3 208.8 234.7 208.5 212.1 207.6 209.7 351.0 427.3 427.6 427.6 207.3 128.0 75.4 58.5 52.3 41.2 33.0 29.8 28.9 25.9 23.5 22.8 23.0 22.4 20.0 19.6 22.0 18.6 19.3 19.3 15.8 22.6 25.5 41.6 48.7 45.5 129.5
126.7 75.8 64.6 43.3 27.4 -2.1 8.2 4.2 5.0 7.2 6.1 3.1 3.6 4.3 5.1 5.4 -0.5 6.0 2.6 9.5 13.8 13.9 16.0 17.3 19.1 56.8 44.4 66.3 112.8 160.5 171.0 181.0 195.5 204.5 215.1 183.7 194.0 194.2 210.7 265.7 232.3 249.3 230.8 216.5 213.2 426.5 427.3 426.5 324.9 201.2 210.2 111.7 70.9 48.6 40.9 31.3 28.2 24.0 24.8 21.8 25.6 22.2 21.3 19.4 18.7 18.9 17.0 18.1 18.4 18.1 15.1 21.2 31.0 34.0 44.4 43.2
145.9 115.4 61.6 50.7 38.1 -1.1 2.8 4.0 3.7 4.8 4.3 3.3 3.8 3.1 4.2 4.2 5.9 2.4 3.5 -1.0 7.2 8.1 10.7 14.0 15.6 18.6 29.9 107.7 165.4 200.3 162.5 182.2 171.8 184.8 209.4 292.2 202.2 191.0 187.2 207.0 255.9 294.3 283.2 264.3 219.4 257.2 427.3 438.5 427.6 427.6 363.0 213.4 95.2 50.8 45.4 40.3 30.8 27.1 25.2 19.3 19.9 19.6 19.7 19.0 18.7 18.7 18.7 18.1 18.9 18.5 18.4 19.2 22.6 29.0 39.8 40.9
141.4 131.9 119.7 75.0 45.8 38.8 25.1 -3.3 33.3 23.6 21.2 5.1 19.4 44.6 5.1 3.0 3.6 4.6 4.6 4.7 5.3 2.1 7.8 10.3 10.6 12.0 16.7 65.5 153.2 183.7 116.1 208.7 255.5 212.2 204.8 238.9 257.5 207.6 193.5 210.5 290.3 219.1 210.9 216.6 217.5 272.0 427.3 431.1 426.4 436.0 275.5 424.9 321.8 118.7 49.4 47.1 37.0 27.3 23.9 21.2 18.6 18.9 21.3 19.0 17.9 18.6 19.5 18.4 19.2 18.7 18.4 18.4 19.4 22.2 28.4 42.3
129.3 131.9 138.8 114.7 74.5 46.9 32.7 28.0 41.7 38.0 67.1 36.5 116.5 103.7 16.4 5.2 4.5 4.5 3.9 5.0 4.8 4.6 6.9 5.6 10.3 8.6 10.8 16.4 74.4 170.9 174.2 269.6 282.8 290.7 272.2 202.1 194.1 181.0 184.6 210.3 209.4 213.9 209.8 265.4 274.5 292.1 322.7 428.3 436.7 427.1 427.1 425.7 384.2 202.4 73.9 49.0 45.2 29.3 25.1 23.3 20.1 19.4 17.4 21.3 18.4 19.9 19.8 19.9 20.0 19.9 19.9 20.6 19.6 20.2 23.8 38.7
149.2 124.3 117.6 118.5 110.1 59.2 122.9 55.7 43.2 38.0 50.4 112.6 122.7 120.2 113.5 4.9 4.8 3.4 8.7 3.8 4.1 4.3 5.7 6.7 5.7 6.9 10.8 14.8 18.2 40.2 161.1 186.9 202.4 185.2 187.9 205.5 182.8 185.3 182.7 185.3 202.5 212.6 216.8 209.2 291.9 338.5 355.5 433.9 428.3 436.6 428.3 332.2 184.0 110.2 78.9 57.9 44.6 32.0 24.9 22.8 20.2 19.4 19.6 20.2 19.8 19.9 19.8 19.9 19.8 14.7 20.3 20.4 20.5 19.6 19.6 20.3
290.5 194.7 126.3 122.3 80.1 117.3 123.2 64.8 48.9 82.1 45.5 104.5 151.4 129.6 126.0 94.6 4.8 3.6 3.5 3.6 3.5 4.1 5.7 4.1 7.0 6.5 5.6 8.7 16.0 41.8 149.3 147.7 160.1 203.6 268.4 260.8 222.3 219.7 204.5 182.3 213.5 198.0 208.3 212.8 248.2 381.5 436.6 431.8 429.6 430.8 429.7 428.1 428.1 206.2 92.6 46.7 40.9 28.1 21.5 21.5 17.4 17.1 17.1 17.0 17.2 17.0 17.2 17.0 17.2 17.2 17.1 17.5 17.0 13.8 17.0 17.2
298.4 276.2 127.8 120.4 116.6 111.8 111.6 64.7 62.4 113.9 117.6 125.0 127.9 147.5 144.4 124.2 36.4 6.0 4.9 3.5 3.5 3.4 3.6 4.0 5.8 4.0 3.9 5.3 8.1 23.1 38.1 95.2 138.4 156.8 182.5 230.3 362.9 297.0 279.7 218.2 184.7 200.4 216.6 215.7 206.5 338.5 442.0 442.8 429.1 431.5 430.5 430.2 278.8 193.0 149.2 69.5 38.8 34.9 24.7 21.8 16.2 15.4 16.9 15.9 16.0 15.9 15.9 16.4 15.9 15.7 15.9 15.7 15.9 15.9 15.9 15.9
163.4 194.7 151.2 237.1 123.4 122.5 137.8 118.4 62.1 61.8 111.9 124.0 186.8 119.8 122.1 123.0 37.1 9.0 4.8 4.6 3.4 3.3 3.4 3.5 3.7 3.7 4.6 3.7 3.4 4.1 9.7 14.7 53.4 66.4 150.1 163.7 190.7 216.0 212.9 172.8 187.4 188.8 187.7 209.6 217.2 208.3 426.3 442.5 423.5 430.1 442.6 428.9 368.2 269.8 264.9 105.5 74.7 44.5 41.1 31.6 18.7 16.1 15.9 15.9 16.0 15.7 15.9 16.3 11.3 16.0 11.0 15.8 15.9 15.7 16.0 15.9
123.9 188.8 186.0 163.3 121.8 124.4 119.4 75.4 76.3 116.1 105.7 171.3 122.4 120.5 125.1 84.0 30.6 33.3 29.7 29.5 3.5 3.4 3.4 3.3 3.3 3.6 3.5 3.7 2.2 2.5 6.3 9.0 16.1 25.7 143.1 181.7 203.7 190.9 201.0 191.7 190.9 188.4 194.8 205.4 218.0 210.4 426.1 427.7 444.7 439.1 441.5 428.0 429.0 429.0 212.7 170.9 87.2 51.2 40.0 32.0 18.6 15.3 16.2 15.8 15.7 15.8 15.6 15.7 15.8 15.7 15.8 9.7 15.9 15.8 15.8 15.8
161.8 228.0 150.7 180.4 167.4 124.9 123.4 117.7 115.0 120.8 116.0 161.4 123.4 69.9 59.5 50.6 112.4 41.5 40.5 95.6 26.3 24.0 3.4 3.4 3.3 3.3 3.5 3.4 2.5 2.6 5.3 8.2 7.5 18.0 58.8 147.6 256.3 266.8 213.8 211.8 210.8 192.1 188.4 199.7 217.4 215.8 245.2 436.6 429.9 434.6 430.4 429.2 420.2 428.1 393.2 208.6 168.1 76.6 42.5 40.9 73.6 26.9 15.5 15.9 15.6 15.7 15.4 15.7 15.5 15.6 15.6 15.3 15.5 15.6 15.5 15.4
125.9 176.6 125.6 200.5 246.8 125.2 186.3 118.1 123.6 314.7 170.6 122.2 113.1 115.2 124.6 119.3 119.2 58.2 48.4 62.6 49.1 3.5 3.4 3.3 3.3 3.3 3.2 2.7 2.7 2.5 3.3 4.9 7.8 14.6 30.7 96.2 162.9 284.7 276.8 225.4 200.9 216.8 191.4 193.4 206.8 221.0 220.3 279.2 383.9 443.1 432.2 417.2 429.2 428.1 428.5 279.8 208.4 110.4 56.4 45.2 35.3 47.4 20.6 14.0 13.8 13.8 14.7 13.7 13.7 13.7 9.8 14.0 14.0 14.0 14.4 14.0
126.9 141.0 169.8 120.0 167.4 168.0 124.1 119.6 126.8 293.2 230.7 152.8 151.3 207.4 184.2 127.4 126.8 99.3 80.6 52.2 20.4 19.5 3.3 3.3 3.2 3.2 3.2 3.3 2.6 2.6 2.7 2.8 3.3 -6.9 62.2 60.0 130.2 168.0 285.4 245.0 213.9 209.4 217.8 191.9 200.8 224.2 221.0 283.1 309.7 418.7 443.1 444.1 428.0 439.2 423.8 428.2 425.2 188.8 76.1 47.8 33.4 23.6 32.5 13.7 13.9 14.6 14.9 13.9 13.7 13.7 13.7 13.9 13.9 14.0 13.9 8.3
133.1 118.2 129.6 137.6 155.2 154.6 122.7 128.9 243.6 126.4 167.5 149.1 278.7 201.2 180.4 210.7 154.9 118.8 124.1 110.0 22.8 3.3 3.0 3.3 3.2 3.1 3.2 3.2 3.2 2.6 3.2 3.4 3.9 15.9 52.9 62.8 118.3 148.2 156.2 254.6 251.5 222.5 219.5 203.5 196.1 218.0 222.3 261.7 410.9 432.6 443.4 406.0 442.2 434.6 440.6 440.6 436.5 405.8 270.9 144.7 80.1 32.4 19.1 13.5 13.3 14.2 13.3 13.0 13.0 13.1 13.2 13.0 13.1 13.3 13.3 13.3
117.2 123.8 -999.0 127.3 127.1 167.1 177.3 167.2 127.6 121.7 121.8 139.0 286.0 142.3 126.6 150.6 122.0 119.9 125.2 117.1 47.4 2.9 2.6 2.7 2.7 3.0 2.8 3.0 2.9 3.3 3.3 3.3 3.6 3.4 21.9 58.8 70.3 95.1 146.1 202.9 233.9 289.8 247.3 230.0 206.9 180.4 223.8 364.2 433.2 433.7 349.3 315.3 386.9 426.1 431.4 437.8 431.8 422.7 424.9 321.8 198.8 82.4 13.6 13.1 11.3 13.3 13.3 13.1 13.1 13.0 13.0 13.3 13.0 13.2 13.3 13.3
-999.0 -999.0 -999.0 -999.0 -999.0 311.6 317.5 125.0 127.8 102.4 125.5 194.5 172.5 173.5 102.4 124.6 50.4 43.3 110.7 111.8 73.7 5.3 2.7 2.3 2.3 2.6 2.7 2.6 2.9 3.0 3.1 3.1 3.3 3.9 7.7 41.3 57.8 135.1 135.7 164.8 198.7 281.5 275.4 297.7 223.8 195.2 167.0 219.7 317.6 316.9 295.8 297.8 223.7 335.9 426.4 439.4 424.4 429.0 434.2 412.2 192.3 38.3 20.0 9.1 5.7 9.8 9.4 9.3 9.0 9.3 9.0 9.1 9.2 9.2 9.2 9.3
-999.0 -999.0 -999.0 -999.0 -999.0 -999.0 277.3 179.7 98.3 125.8 124.3 128.2 122.1 107.3 74.4 47.6 38.7 28.4 20.4 11.2 8.0 3.1 4.1 47.5 47.1 3.4 2.6 2.5 2.5 2.9 3.0 3.0 3.4 3.6 16.9 30.8 53.0 141.9 116.3 156.6 171.0 188.2 194.0 311.2 263.9 228.6 169.7 179.0 217.0 217.5 211.6 296.4 216.0 268.4 321.3 286.4 314.6 432.7 435.8 435.8 288.4 170.2 38.0 9.7 8.9 9.2 9.2 9.5 9.1 9.0 9.3 9.2 9.2 9.2 9.2 9.3
-999.0 -999.0 -999.0 -999.0 -999.0 -999.0 129.7 122.9 96.2 128.9 246.0 262.1 181.8 124.8 99.6 118.4 48.9 12.1 12.1 7.9 6.5 2.5 3.1 29.5 43.1 43.8 2.4 2.2 2.4 2.5 2.8 2.9 2.9 3.2 11.9 17.3 54.8 138.9 145.3 149.5 161.9 109.1 198.0 266.1 248.8 277.7 241.3 217.6 139.6 95.1 141.8 189.3 145.6 223.5 226.6 204.8 163.7 215.6 282.7 435.8 224.4 177.1 34.5 12.2 5.7 9.0 9.2 8.2 9.2 9.2 6.2 8.6 8.6 8.8 8.3 9.2
-999.0 -999.0 -999.0 -999.0 -999.0 -999.0 118.0 87.2 132.5 130.0 125.5 134.0 126.0 122.8 83.6 96.2 53.4 13.0 43.2 39.3 5.3 3.8 3.1 4.9 2.8 2.2 2.3 2.2 2.4 2.4 2.6 2.7 2.8 3.3 14.9 7.1 37.1 61.6 107.8 145.0 80.8 100.1 186.6 218.9 268.4 217.6 382.4 330.5 277.4 212.4 144.8 88.6 92.9 84.2 117.5 132.4 147.5 147.4 223.6 294.7 327.7 245.7 115.7 9.2 9.1 9.0 9.2 9.2 8.8 6.0 9.2 9.2 9.2 9.3 9.2 9.2
-999.0 -999.0 -999.0 -999.0 -999.0 -999.0 -999.0 116.8 121.3 68.5 36.6 39.3 31.0 32.7 39.2 66.3 41.5 26.8 116.0 117.6 37.4 30.7 6.0 3.2 1.8 1.4 2.1 2.3 2.3 2.3 2.4 2.8 2.8 3.3 3.5 6.4 15.8 29.0 69.6 74.7 142.1 84.9 177.9 217.9 180.9 252.5 279.0 400.2 470.0 287.7 201.2 169.7 64.6 50.2 82.9 99.5 85.6 82.2 91.7 174.9 198.4 183.4 57.2 25.1 8.9 9.2 9.2 9.1 9.2 8.0 9.2 9.2 9.0 9.2 9.2 9.2
-999.0 -999.0 -999.0 -999.0 -999.0 -999.0 -999.0 46.2 50.9 58.1 106.3 122.7 109.9 84.1 31.6 13.4 14.3 38.0 44.8 102.0 114.4 102.5 44.8 31.4 14.6 1.4 1.9 1.9 2.2 2.3 2.4 2.6 2.9 2.8 3.1 3.3 3.7 15.3 22.4 69.5 71.8 80.7 173.6 148.7 132.7 189.9 260.0 379.6 429.3 372.1 253.6 218.0 173.8 71.4 39.7 72.8 47.3 34.6 34.3 54.1 88.2 52.1 23.2 6.1 6.0 5.9 6.1 6.0 6.0 5.1 6.1 6.0 6.0 6.1 6.1 6.1
-999.0 -999.0 -999.0 -999.0 -999.0 -999.0 -999.0 90.7 59.0 49.7 113.6 163.2 191.9 132.5 119.3 119.1 97.0 96.3 60.9 113.8 49.6 59.4 124.3 134.5 37.5 15.2 1.8 2.0 2.0 2.1 2.6 2.6 2.7 2.9 3.3 3.0 9.2 11.3 15.8 64.5 64.5 50.7 133.5 78.8 91.1 125.9 212.7 392.4 452.7 416.8 306.9 222.3 214.7 114.9 41.8 42.4 88.6 44.2 17.6 30.6 30.9 32.0 6.0 6.3 5.8 5.9 6.1 6.0 5.8 5.0 7.3 5.9 6.1 5.8 6.1 6.1
-999.0 -999.0 -999.0 -999.0 -999.0 -999.0 -999.0 -999.0 89.6 66.1 56.3 86.3 124.2 122.7 212.0 206.4 168.8 240.6 192.9 117.4 53.1 52.0 126.2 85.4 26.3 4.6 26.7 16.1 1.9 2.1 2.6 2.6 2.9 2.8 2.9 3.1 3.4 9.8 18.3 24.5 68.5 74.0 71.3 89.4 106.0 185.4 276.6 302.8 426.1 466.7 332.5 282.9 214.8 117.3 66.4 36.4 31.0 29.1 14.0 9.6 36.6 12.6 5.5 5.5 5.6 5.4 4.5 5.4 5.8 5.5 4.8 5.5 5.6 5.5 5.6 5.5
-999.0 -999.0 -999.0 -999.0 -999.0 -999.0 -999.0 -999.0 79.0 125.8 127.4 79.5 84.7 101.0 119.4 189.0 307.9 336.4 144.3 119.3 61.3 42.2 31.3 8.5 7.6 2.4 39.4 19.7 1.9 2.3 2.5 2.7 2.7 2.8 2.9 3.1 3.8 7.3 18.4 39.3 17.4 57.9 57.5 73.2 74.2 131.6 146.7 269.2 349.6 448.3 386.6 334.8 212.6 133.1 199.2 99.4 36.3 14.8 15.0 7.9 11.9 20.9 4.3 4.5 4.6 4.6 4.6 4.2 4.6 4.6 3.7 4.6 4.6 4.6 4.6 4.9
-999.0 -999.0 -999.0 -999.0 -999.0 -999.0 -999.0 -999.0 -999.0 120.9 203.7 124.3 122.8 193.9 268.6 161.9 171.1 200.3 186.6 125.9 128.5 56.1 36.7 9.5 7.5 2.9 17.4 42.3 2.0 2.6 2.4 2.8 2.8 2.9 2.9 3.1 3.4 4.7 5.9 11.7 29.6 32.4 42.6 60.9 71.0 78.9 159.8 192.6 223.3 334.7 301.1 348.9 236.7 211.2 210.0 190.8 97.6 37.3 10.9 9.0 9.0 4.9 6.4 3.7 4.2 4.2 4.3 4.2 4.8 4.5 3.7 4.4 4.5 4.5 4.5 4.6
-999.0 -999.0 -999.0 -999.0 -999.0 -999.0 -999.0 -999.0 -999.0 -999.0 209.7 129.1 130.8 336.3 336.3 336.3 339.9 339.2 316.6 313.6 338.6 127.5 99.2 35.1 7.3 14.7 3.1 36.5 45.7 2.7 5.2 2.5 2.7 2.7 3.2 3.0 3.2 3.3 3.5 4.1 17.1 16.1 17.7 26.6 50.4 81.5 129.6 121.6 182.2 214.6 257.7 272.4 237.4 212.8 201.4 82.0 65.5 48.1 27.2 6.4 5.7 4.4 4.1 3.4 4.2 4.0 4.3 4.3 4.3 4.3 3.5 4.3 4.4 4.3 4.3 4.3
