GSP_annual_reports_SRP_2024_v3/GIS/SRP_2022_Fall_Deep.tif
NCOLS 191
NROWS  209
XLLCORNER 6295515.91401
YLLCORNER 1783415.49397
CELLSIZE 1000.0
NODATA_VALUE -999
[rows 170 to 203 of 209, columns 76 to 151 of 191]
-999.0 -999.0 -999.0 -999.0 -999.0 -999.0 -999.0 -999.0 -999.0 -999.0 -999.0 326.8 350.3 502.9 567.9 784.7 727.5 660.1 518.3 496.8 482.2 504.9 397.9 332.8 315.3 321.4 144.0 144.0 141.7 133.9 133.9 133.9 133.9 133.9 141.6 143.4 133.9 133.9 133.9 133.9 144.0 142.8 134.8 135.4 138.0 140.4 168.6 188.0 191.5 201.4 266.3 268.6 219.1 275.7 289.7 295.3 323.4 294.7 133.9 125.3 126.8 121.8 123.3 123.0 123.7 121.9 122.2 122.7 129.9 127.0 126.7 126.7 126.7 129.3 126.7 126.7
-999.0 -999.0 -999.0 -999.0 -999.0 -999.0 -999.0 -999.0 -999.0 -999.0 -999.0 -999.0 -999.0 473.5 528.9 774.2 781.0 776.7 677.2 580.7 501.9 445.6 428.5 484.1 382.6 315.5 311.1 138.0 141.6 141.7 133.9 133.9 133.9 133.9 133.9 133.9 133.9 133.9 133.9 133.9 133.9 141.6 133.9 139.6 141.7 141.1 143.7 150.2 186.8 199.8 261.8 202.6 234.1 261.6 285.0 312.0 376.8 328.4 136.0 118.5 122.3 120.9 123.2 123.0 123.7 121.9 122.2 122.7 126.7 130.5 126.7 126.7 126.7 126.7 129.4 126.7
-999.0 -999.0 -999.0 -999.0 -999.0 -999.0 -999.0 -999.0 -999.0 -999.0 -999.0 -999.0 -999.0 -999.0 -999.0 709.6 782.5 748.6 795.5 737.9 693.9 515.5 364.6 358.3 388.7 320.2 315.5 142.4 141.5 133.9 141.7 138.6 133.9 133.9 134.4 133.9 133.9 133.9 133.9 133.9 138.0 133.9 133.9 138.0 133.9 132.6 137.5 141.2 147.6 197.4 248.1 179.6 209.1 234.5 222.8 261.2 451.9 463.9 313.0 127.8 117.3 120.8 122.9 123.0 123.7 121.9 122.2 122.7 126.7 128.7 126.7 126.7 126.7 126.7 129.4 129.4
-999.0 -999.0 -999.0 -999.0 -999.0 -999.0 -999.0 -999.0 -999.0 -999.0 -999.0 -999.0 -999.0 -999.0 -999.0 -999.0 -999.0 -999.0 -999.0 -999.0 778.0 499.2 472.8 369.3 344.9 142.3 143.4 141.6 134.8 133.9 134.8 133.9 138.0 133.9 133.9 133.9 133.9 135.4 133.9 133.9 133.9 133.9 133.9 133.9 138.0 139.6 136.0 141.3 144.5 194.6 190.6 155.4 188.1 164.2 150.4 234.1 446.3 549.3 455.6 301.3 137.6 120.8 123.2 123.3 123.7 121.9 122.2 122.7 126.7 126.7 126.7 129.6 129.4 126.7 126.7 126.7
-999.0 -999.0 -999.0 -999.0 -999.0 -999.0 -999.0 -999.0 -999.0 -999.0 -999.0 -999.0 -999.0 -999.0 -999.0 -999.0 -999.0 -999.0 -999.0 -999.0 723.4 730.1 607.4 454.5 352.6 337.2 316.0 141.7 133.9 139.8 133.9 135.4 142.4 143.2 133.9 133.9 133.9 133.9 133.9 133.9 133.9 133.9 141.7 144.0 138.0 143.5 142.1 131.7 138.9 137.0 164.1 152.1 177.3 135.1 170.4 275.1 293.5 465.1 461.9 243.0 134.0 120.1 122.8 129.5 123.7 125.7 122.2 122.7 126.7 126.7 126.7 126.7 132.7 126.7 126.7 129.5
-999.0 -999.0 -999.0 -999.0 -999.0 -999.0 -999.0 -999.0 -999.0 -999.0 -999.0 -999.0 -999.0 -999.0 -999.0 -999.0 -999.0 -999.0 -999.0 -999.0 -999.0 719.7 522.4 567.0 402.1 375.5 319.9 142.2 137.3 142.4 133.9 133.9 133.9 133.9 133.9 133.9 133.9 133.9 133.9 143.2 133.9 133.9 133.9 133.9 133.9 133.9 141.1 131.7 140.1 137.0 134.4 137.9 135.8 135.6 136.8 180.6 262.1 247.2 408.1 215.6 127.8 120.5 123.5 121.8 123.5 121.9 122.2 122.7 129.5 126.7 126.7 126.7 126.7 126.7 129.4 126.7
-999.0 -999.0 -999.0 -999.0 -999.0 -999.0 -999.0 -999.0 -999.0 -999.0 -999.0 -999.0 -999.0 -999.0 -999.0 -999.0 -999.0 -999.0 -999.0 -999.0 -999.0 783.7 776.7 627.6 529.6 500.5 358.5 141.6 133.9 133.9 139.7 133.9 133.9 134.4 141.6 133.9 133.9 133.9 136.7 133.9 141.7 133.9 133.9 143.5 133.9 133.9 133.9 132.6 131.3 136.1 127.0 138.1 133.4 131.0 134.4 133.0 142.2 137.2 134.2 129.6 153.8 126.1 126.8 124.4 126.1 121.9 122.2 123.1 126.7 126.7 126.7 126.7 126.7 129.9 126.7 126.7
-999.0 -999.0 -999.0 -999.0 -999.0 -999.0 -999.0 -999.0 -999.0 -999.0 -999.0 -999.0 -999.0 -999.0 -999.0 -999.0 -999.0 -999.0 -999.0 -999.0 -999.0 -999.0 767.8 597.8 683.9 519.1 279.8 147.8 133.9 144.0 133.9 133.9 133.9 133.9 133.9 133.9 133.9 133.9 141.6 139.7 133.9 133.9 133.9 133.9 133.9 138.0 138.0 132.6 131.7 131.8 137.0 129.4 135.3 131.0 134.2 133.5 128.6 127.1 128.5 128.3 132.7 134.8 124.6 123.6 125.8 124.6 126.3 123.1 126.7 126.7 126.7 126.7 126.7 126.7 126.7 131.8
-999.0 -999.0 -999.0 -999.0 -999.0 -999.0 -999.0 -999.0 -999.0 -999.0 -999.0 -999.0 -999.0 -999.0 -999.0 -999.0 -999.0 -999.0 -999.0 -999.0 -999.0 -999.0 -999.0 513.9 446.9 425.9 261.9 145.8 133.9 133.9 133.9 141.5 133.9 133.9 138.6 141.7 141.6 141.6 133.9 133.9 133.9 133.9 133.9 133.9 133.9 133.9 133.9 132.6 131.7 130.8 127.9 133.4 125.3 135.8 124.9 133.5 127.9 127.7 128.4 128.2 125.7 119.1 123.5 122.8 123.7 121.9 122.4 123.1 126.7 126.7 126.7 126.7 126.7 126.7 126.7 131.8
-999.0 -999.0 -999.0 -999.0 -999.0 -999.0 -999.0 -999.0 -999.0 -999.0 -999.0 -999.0 -999.0 -999.0 -999.0 -999.0 -999.0 -999.0 -999.0 -999.0 -999.0 -999.0 -999.0 521.9 357.6 259.8 163.8 141.6 141.7 133.9 133.9 141.6 133.9 133.9 133.9 133.9 141.6 133.9 133.9 133.9 133.9 133.9 136.7 133.9 133.9 141.7 133.9 132.6 140.2 131.2 127.9 125.3 131.2 125.3 124.9 135.2 119.8 125.1 121.3 125.8 126.8 134.8 122.8 122.9 123.7 121.9 122.4 128.4 126.7 126.7 126.7 126.7 127.9 130.5 126.7 126.7
-999.0 -999.0 -999.0 -999.0 -999.0 -999.0 -999.0 -999.0 -999.0 -999.0 -999.0 -999.0 -999.0 -999.0 -999.0 -999.0 -999.0 -999.0 -999.0 -999.0 -999.0 -999.0 -999.0 -999.0 354.5 251.1 211.4 143.5 141.7 147.8 141.6 141.6 141.6 133.9 133.9 133.9 133.9 133.9 142.5 133.9 133.9 133.9 133.9 138.0 133.9 133.9 133.9 132.6 131.7 131.2 136.4 134.7 125.3 125.3 135.7 125.3 117.9 117.4 119.6 127.8 126.7 120.7 124.9 123.3 123.7 121.9 122.4 128.2 126.7 126.7 126.7 129.4 126.7 126.7 131.7 126.7
-999.0 -999.0 -999.0 -999.0 -999.0 -999.0 -999.0 -999.0 -999.0 -999.0 -999.0 -999.0 -999.0 -999.0 -999.0 -999.0 -999.0 -999.0 -999.0 -999.0 -999.0 -999.0 -999.0 -999.0 -999.0 -999.0 168.2 139.8 133.9 133.9 133.9 133.9 141.6 314.2 133.9 133.9 133.9 133.9 143.5 144.0 133.9 133.9 133.9 133.9 133.9 134.4 133.9 132.6 131.7 131.2 127.9 126.7 129.4 125.3 126.2 125.3 117.9 118.2 130.2 117.0 116.4 121.5 123.3 123.2 124.5 121.9 127.5 126.7 126.7 126.7 126.7 126.7 126.7 126.7 126.7 127.9
-999.0 -999.0 -999.0 -999.0 -999.0 -999.0 -999.0 -999.0 -999.0 -999.0 -999.0 -999.0 -999.0 -999.0 -999.0 -999.0 -999.0 -999.0 -999.0 -999.0 -999.0 -999.0 -999.0 -999.0 -999.0 -999.0 -999.0 -999.0 133.9 133.9 142.4 133.9 313.1 320.6 312.7 314.5 133.9 133.9 133.9 139.7 133.9 141.6 141.7 142.2 144.0 133.9 133.9 132.6 132.6 138.9 127.9 127.1 125.3 126.3 125.3 120.1 128.6 118.2 117.9 116.9 125.0 120.3 122.7 123.0 126.9 121.9 122.7 126.7 126.7 131.8 126.7 126.7 126.7 126.7 126.7 126.7
-999.0 -999.0 -999.0 -999.0 -999.0 -999.0 -999.0 -999.0 -999.0 -999.0 -999.0 -999.0 -999.0 -999.0 -999.0 -999.0 -999.0 -999.0 -999.0 -999.0 -999.0 -999.0 -999.0 -999.0 -999.0 -999.0 -999.0 -999.0 -999.0 133.9 133.9 328.6 312.9 312.8 343.5 323.3 322.3 147.8 133.9 133.9 133.9 133.9 133.9 141.5 133.9 133.9 139.7 140.4 131.7 131.7 136.1 125.3 125.3 125.3 131.6 120.1 118.3 118.2 117.5 115.8 124.5 126.0 123.9 123.0 124.7 121.9 122.7 126.7 132.7 126.7 126.7 126.7 126.7 126.7 126.7 126.7
-999.0 -999.0 -999.0 -999.0 -999.0 -999.0 -999.0 -999.0 -999.0 -999.0 -999.0 -999.0 -999.0 -999.0 -999.0 -999.0 -999.0 -999.0 -999.0 -999.0 -999.0 -999.0 -999.0 -999.0 -999.0 -999.0 -999.0 -999.0 -999.0 -999.0 141.7 312.4 373.3 317.2 322.3 344.4 314.3 317.4 133.9 316.5 142.2 133.9 133.9 138.0 141.6 133.9 133.9 140.4 131.7 132.7 130.8 125.3 133.9 126.6 125.3 120.1 117.0 125.9 118.4 115.6 117.3 121.6 122.9 124.0 124.5 121.9 122.7 126.7 126.7 126.7 126.7 126.7 126.7 126.7 126.7 126.7
-999.0 -999.0 -999.0 -999.0 -999.0 -999.0 -999.0 -999.0 -999.0 -999.0 -999.0 -999.0 -999.0 -999.0 -999.0 -999.0 -999.0 -999.0 -999.0 -999.0 -999.0 -999.0 -999.0 -999.0 -999.0 -999.0 -999.0 -999.0 -999.0 -999.0 -999.0 -999.0 313.6 314.7 322.8 338.3 338.0 322.8 318.9 318.7 318.6 133.9 133.9 133.9 141.6 133.9 133.9 133.5 139.3 136.0 136.1 125.3 125.3 125.2 120.5 120.1 116.7 119.9 116.6 116.5 119.7 126.6 123.6 123.3 121.9 122.2 122.7 126.7 126.7 126.7 126.7 126.7 126.7 126.7 126.7 126.7
-999.0 -999.0 -999.0 -999.0 -999.0 -999.0 -999.0 -999.0 -999.0 -999.0 -999.0 -999.0 -999.0 -999.0 -999.0 -999.0 -999.0 -999.0 -999.0 -999.0 -999.0 -999.0 -999.0 -999.0 -999.0 -999.0 -999.0 -999.0 -999.0 -999.0 -999.0 -999.0 -999.0 310.4 319.4 356.5 355.4 355.2 322.3 343.4 322.3 133.9 133.9 133.9 133.9 133.9 141.7 132.6 135.9 130.3 126.2 125.3 126.6 125.2 121.5 118.1 117.0 118.5 129.3 115.4 120.3 124.4 123.0 123.3 121.9 122.2 122.7 126.7 126.7 126.7 126.7 126.7 126.7 126.7 126.7 126.7
-999.0 -999.0 -999.0 -999.0 -999.0 -999.0 -999.0 -999.0 -999.0 -999.0 -999.0 -999.0 -999.0 -999.0 -999.0 -999.0 -999.0 -999.0 -999.0 -999.0 -999.0 -999.0 -999.0 -999.0 -999.0 -999.0 -999.0 -999.0 -999.0 -999.0 -999.0 -999.0 -999.0 314.5 338.9 319.4 357.3 345.1 343.6 326.2 338.9 320.7 133.9 133.9 133.9 139.8 133.9 142.7 131.2 128.7 126.2 125.3 126.6 121.7 120.1 117.6 118.0 117.9 115.8 125.6 127.9 122.4 122.9 123.3 121.9 122.2 122.7 126.7 126.7 126.7 126.7 126.7 126.7 126.7 126.7 126.7
-999.0 -999.0 -999.0 -999.0 -999.0 -999.0 -999.0 -999.0 -999.0 -999.0 -999.0 -999.0 -999.0 -999.0 -999.0 -999.0 -999.0 -999.0 -999.0 -999.0 -999.0 -999.0 -999.0 -999.0 -999.0 -999.0 -999.0 -999.0 -999.0 -999.0 -999.0 -999.0 -999.0 344.4 143.4 319.7 196.3 338.6 318.9 314.8 341.0 342.0 306.5 305.9 141.5 138.0 132.6 131.7 131.2 127.9 125.3 125.3 134.2 120.5 120.1 117.7 118.1 118.1 116.1 115.3 120.4 123.9 122.9 123.5 121.9 122.2 122.7 126.7 126.7 126.7 126.7 126.7 126.7 126.7 126.7 126.7
-999.0 -999.0 -999.0 -999.0 -999.0 -999.0 -999.0 -999.0 -999.0 -999.0 -999.0 -999.0 -999.0 -999.0 -999.0 -999.0 -999.0 -999.0 -999.0 -999.0 -999.0 -999.0 -999.0 -999.0 -999.0 -999.0 -999.0 -999.0 -999.0 -999.0 -999.0 -999.0 -999.0 361.2 146.3 144.0 141.7 144.0 147.4 361.2 349.5 308.6 340.7 321.2 310.8 133.9 132.6 132.2 134.4 137.5 125.3 126.6 125.2 120.5 120.0 117.7 118.2 118.1 115.9 116.5 120.3 122.6 123.1 123.7 121.9 122.2 122.7 126.7 126.7 126.7 126.7 126.7 126.7 126.7 126.7 126.7
-999.0 -999.0 -999.0 -999.0 -999.0 -999.0 -999.0 -999.0 -999.0 -999.0 -999.0 -999.0 -999.0 -999.0 -999.0 -999.0 -999.0 -999.0 -999.0 -999.0 -999.0 -999.0 -999.0 -999.0 -999.0 -999.0 -999.0 -999.0 -999.0 -999.0 -999.0 -999.0 -999.0 -999.0 319.4 133.9 133.9 141.7 150.8 353.9 322.8 321.2 310.9 319.5 309.7 305.9 315.7 132.2 130.3 127.0 125.3 126.6 125.2 120.5 118.5 116.5 117.9 118.1 116.3 116.5 120.3 123.9 123.1 123.7 121.9 122.2 122.7 126.7 126.7 126.7 126.7 126.7 126.7 126.7 126.7 126.7
-999.0 -999.0 -999.0 -999.0 -999.0 -999.0 -999.0 -999.0 -999.0 -999.0 -999.0 -999.0 -999.0 -999.0 -999.0 -999.0 -999.0 -999.0 -999.0 -999.0 -999.0 -999.0 -999.0 -999.0 -999.0 -999.0 -999.0 -999.0 -999.0 -999.0 -999.0 -999.0 -999.0 -999.0 318.9 319.4 133.9 133.9 133.9 145.8 144.0 314.3 310.9 306.8 312.6 308.9 312.6 135.3 129.4 126.2 125.3 125.7 120.5 120.5 117.5 116.2 119.5 118.1 116.0 116.5 120.3 123.8 123.1 123.7 121.9 122.2 122.7 126.7 126.7 126.7 126.7 126.7 126.7 126.7 126.7 126.7
-999.0 -999.0 -999.0 -999.0 -999.0 -999.0 -999.0 -999.0 -999.0 -999.0 -999.0 -999.0 -999.0 -999.0 -999.0 -999.0 -999.0 -999.0 -999.0 -999.0 -999.0 -999.0 -999.0 -999.0 -999.0 -999.0 -999.0 -999.0 -999.0 -999.0 -999.0 -999.0 -999.0 -999.0 -999.0 322.3 141.7 133.9 133.9 133.9 141.7 133.9 133.9 145.8 326.2 312.6 306.2 145.5 142.7 131.9 126.6 125.7 120.5 120.5 117.5 116.3 118.8 118.1 115.7 116.3 120.9 123.9 123.1 123.7 121.9 122.4 122.7 126.7 126.7 126.7 126.7 126.7 126.7 126.7 126.7 126.7
-999.0 -999.0 -999.0 -999.0 -999.0 -999.0 -999.0 -999.0 -999.0 -999.0 -999.0 -999.0 -999.0 -999.0 -999.0 -999.0 -999.0 -999.0 -999.0 -999.0 -999.0 -999.0 -999.0 -999.0 -999.0 -999.0 -999.0 -999.0 -999.0 -999.0 -999.0 -999.0 -999.0 -999.0 -999.0 344.4 133.9 133.9 133.9 133.9 133.9 139.6 136.7 141.6 309.2 306.2 146.1 141.2 140.7 129.4 126.6 125.7 120.5 120.1 117.6 116.2 118.9 115.9 115.8 116.0 120.9 123.9 123.1 123.7 121.9 122.2 122.7 126.7 126.7 126.7 126.7 126.7 126.7 126.7 126.7 126.7
-999.0 -999.0 -999.0 -999.0 -999.0 -999.0 -999.0 -999.0 -999.0 -999.0 -999.0 -999.0 -999.0 -999.0 -999.0 -999.0 -999.0 -999.0 -999.0 -999.0 -999.0 -999.0 -999.0 -999.0 -999.0 -999.0 -999.0 -999.0 -999.0 -999.0 -999.0 -999.0 -999.0 -999.0 -999.0 -999.0 314.3 144.0 133.9 133.9 138.0 133.9 133.9 136.7 145.9 133.0 131.8 130.3 126.2 125.3 129.8 121.7 120.5 118.5 117.7 118.1 118.2 115.3 115.8 116.0 121.4 123.9 123.1 123.7 121.9 122.2 122.7 126.7 126.7 126.7 126.7 126.7 126.7 126.7 126.7 126.7
-999.0 -999.0 -999.0 -999.0 -999.0 -999.0 -999.0 -999.0 -999.0 -999.0 -999.0 -999.0 -999.0 -999.0 -999.0 -999.0 -999.0 -999.0 -999.0 -999.0 -999.0 -999.0 -999.0 -999.0 -999.0 -999.0 -999.0 -999.0 -999.0 -999.0 -999.0 -999.0 -999.0 -999.0 -999.0 -999.0 -999.0 142.2 133.9 133.9 133.9 141.7 134.8 133.9 133.0 132.2 131.2 127.9 126.2 126.6 131.4 120.5 120.5 117.8 117.2 117.7 118.2 115.0 115.8 116.5 121.4 123.9 123.1 123.7 121.9 122.2 122.7 126.7 126.7 126.7 126.7 126.7 126.7 126.7 126.7 126.7
-999.0 -999.0 -999.0 -999.0 -999.0 -999.0 -999.0 -999.0 -999.0 -999.0 -999.0 -999.0 -999.0 -999.0 -999.0 -999.0 -999.0 -999.0 -999.0 -999.0 -999.0 -999.0 -999.0 -999.0 -999.0 -999.0 -999.0 -999.0 -999.0 -999.0 -999.0 -999.0 -999.0 -999.0 -999.0 -999.0 -999.0 133.9 140.2 133.9 133.9 141.7 133.9 135.4 133.0 132.2 131.2 127.9 125.3 125.7 125.7 120.5 120.5 117.8 116.5 116.7 118.2 115.4 115.8 117.1 121.7 123.9 123.1 123.7 121.9 122.2 122.7 126.7 126.7 126.7 126.7 126.7 126.7 126.7 126.7 126.7
-999.0 -999.0 -999.0 -999.0 -999.0 -999.0 -999.0 -999.0 -999.0 -999.0 -999.0 -999.0 -999.0 -999.0 -999.0 -999.0 -999.0 -999.0 -999.0 -999.0 -999.0 -999.0 -999.0 -999.0 -999.0 -999.0 -999.0 -999.0 -999.0 -999.0 -999.0 -999.0 -999.0 -999.0 -999.0 -999.0 -999.0 -999.0 -999.0 133.9 133.9 133.9 133.9 133.0 142.5 132.2 130.3 126.2 126.6 133.9 120.9 120.5 120.4 117.5 116.6 117.7 118.2 115.9 115.4 119.4 122.0 124.5 123.1 123.7 121.9 122.2 122.7 126.7 126.7 126.7 126.7 126.7 126.7 126.7 126.7 126.7
-999.0 -999.0 -999.0 -999.0 -999.0 -999.0 -999.0 -999.0 -999.0 -999.0 -999.0 -999.0 -999.0 -999.0 -999.0 -999.0 -999.0 -999.0 -999.0 -999.0 -999.0 -999.0 -999.0 -999.0 -999.0 -999.0 -999.0 -999.0 -999.0 -999.0 -999.0 -999.0 -999.0 -999.0 -999.0 -999.0 -999.0 -999.0 -999.0 -999.0 -999.0 133.9 133.9 133.0 132.2 131.2 129.4 130.3 125.7 125.7 120.5 120.5 118.2 117.5 116.8 -999.0 -999.0 -999.0 -999.0 119.7 122.0 122.7 123.0 124.5 121.9 122.2 122.7 126.7 126.7 126.7 126.7 126.7 126.7 126.7 126.7 126.7
-999.0 -999.0 -999.0 -999.0 -999.0 -999.0 -999.0 -999.0 -999.0 -999.0 -999.0 -999.0 -999.0 -999.0 -999.0 -999.0 -999.0 -999.0 -999.0 -999.0 -999.0 -999.0 -999.0 -999.0 -999.0 -999.0 -999.0 -999.0 -999.0 -999.0 -999.0 -999.0 -999.0 -999.0 -999.0 -999.0 -999.0 -999.0 -999.0 -999.0 -999.0 -999.0 -999.0 133.0 139.9 131.2 127.9 127.5 125.7 120.9 120.5 120.5 -999.0 -999.0 -999.0 -999.0 -999.0 -999.0 -999.0 120.3 122.2 122.9 123.0 124.5 121.9 122.2 122.7 126.7 126.7 126.7 126.7 126.7 126.7 126.7 126.7 126.7
-999.0 -999.0 -999.0 -999.0 -999.0 -999.0 -999.0 -999.0 -999.0 -999.0 -999.0 -999.0 -999.0 -999.0 -999.0 -999.0 -999.0 -999.0 -999.0 -999.0 -999.0 -999.0 -999.0 -999.0 -999.0 -999.0 -999.0 -999.0 -999.0 -999.0 -999.0 -999.0 -999.0 -999.0 -999.0 -999.0 -999.0 -999.0 -999.0 -999.0 -999.0 -999.0 -999.0 -999.0 -999.0 -999.0 -999.0 -999.0 -999.0 -999.0 -999.0 -999.0 -999.0 -999.0 -999.0 -999.0 -999.0 -999.0 -999.0 -999.0 123.7 122.9 123.0 124.5 121.9 122.2 122.7 126.7 126.7 126.7 126.7 126.7 126.7 126.7 126.7 126.7
-999.0 -999.0 -999.0 -999.0 -999.0 -999.0 -999.0 -999.0 -999.0 -999.0 -999.0 -999.0 -999.0 -999.0 -999.0 -999.0 -999.0 -999.0 -999.0 -999.0 -999.0 -999.0 -999.0 -999.0 -999.0 -999.0 -999.0 -999.0 -999.0 -999.0 -999.0 -999.0 -999.0 -999.0 -999.0 -999.0 -999.0 -999.0 -999.0 -999.0 -999.0 -999.0 -999.0 -999.0 -999.0 -999.0 -999.0 -999.0 -999.0 -999.0 -999.0 -999.0 -999.0 -999.0 -999.0 -999.0 -999.0 -999.0 -999.0 -999.0 122.5 122.9 123.0 124.5 121.9 121.9 122.7 126.7 126.7 126.7 126.7 126.7 126.7 126.7 126.7 126.7
-999.0 -999.0 -999.0 -999.0 -999.0 -999.0 -999.0 -999.0 -999.0 -999.0 -999.0 -999.0 -999.0 -999.0 -999.0 -999.0 -999.0 -999.0 -999.0 -999.0 -999.0 -999.0 -999.0 -999.0 -999.0 -999.0 -999.0 -999.0 -999.0 -999.0 -999.0 -999.0 -999.0 -999.0 -999.0 -999.0 -999.0 -999.0 -999.0 -999.0 -999.0 -999.0 -999.0 -999.0 -999.0 -999.0 -999.0 -999.0 -999.0 -999.0 -999.0 -999.0 -999.0 -999.0 -999.0 -999.0 -999.0 -999.0 -999.0 -999.0 122.9 122.9 123.0 124.5 121.9 121.9 122.7 125.6 126.7 126.7 126.7 126.7 126.7 126.7 126.7 126.7
-999.0 -999.0 -999.0 -999.0 -999.0 -999.0 -999.0 -999.0 -999.0 -999.0 -999.0 -999.0 -999.0 -999.0 -999.0 -999.0 -999.0 -999.0 -999.0 -999.0 -999.0 -999.0 -999.0 -999.0 -999.0 -999.0 -999.0 -999.0 -999.0 -999.0 -999.0 -999.0 -999.0 -999.0 -999.0 -999.0 -999.0 -999.0 -999.0 -999.0 -999.0 -999.0 -999.0 -999.0 -999.0 -999.0 -999.0 -999.0 -999.0 -999.0 -999.0 -999.0 -999.0 -999.0 -999.0 -999.0 -999.0 -999.0 -999.0 -999.0 -999.0 122.9 123.0 123.7 121.9 121.9 122.4 123.1 126.7 126.7 126.7 126.7 126.7 126.7 126.7 126.7
