GSP_annual_reports_SRP_2024_v3/GIS/SRP_2022_Spring_Shallow.tif
NCOLS 191
NROWS  209
XLLCORNER 6295515.91401
YLLCORNER 1783415.49397
CELLSIZE 1000.0
NODATA_VALUE -999
[rows 132 to 164 of 209, columns 76 to 151 of 191]
55.9 59.2 60.8 64.4 70.6 73.8 83.3 92.0 107.2 119.7 141.5 151.5 166.0 169.1 174.5 176.1 174.2 207.8 212.7 216.7 270.7 283.4 296.0 299.3 341.3 273.3 332.3 470.2 483.0 502.2 511.8 500.8 550.5 616.2 535.8 569.3 563.8 612.2 590.3 486.3 481.4 448.5 427.1 261.0 251.9 193.9 178.2 173.6 163.2 152.4 151.9 148.3 144.0 142.8 143.8 147.0 143.9 142.3 145.8 142.2 142.2 142.4 142.3 147.5 142.2 143.8 148.3 147.5 148.0 151.5 155.8 167.4 181.3 217.4 283.7 396.9
55.4 59.2 59.6 66.2 69.2 74.0 78.4 89.6 106.2 115.5 134.8 144.8 159.9 156.5 170.5 172.9 175.0 167.0 167.9 169.9 280.4 280.3 276.2 270.6 308.8 258.8 325.3 332.5 356.2 494.0 495.9 482.8 528.3 601.4 631.3 561.2 483.7 593.5 600.4 486.2 470.8 477.7 442.7 373.8 275.5 210.6 177.0 173.1 165.6 153.8 151.7 148.5 143.8 138.6 140.9 142.6 142.1 142.2 142.3 142.1 141.6 141.0 142.1 143.7 141.9 142.2 147.9 151.3 147.5 150.9 154.8 157.0 178.9 226.9 255.4 281.6
55.4 59.3 59.6 66.1 69.4 73.3 78.5 88.0 100.5 108.8 126.3 134.8 156.2 153.0 158.8 158.8 160.3 158.6 166.6 173.0 211.9 259.0 272.4 239.6 259.2 249.0 298.2 273.2 329.0 350.8 477.0 464.5 502.7 515.4 614.1 637.1 564.2 489.2 537.3 495.3 457.7 456.6 421.0 387.2 291.2 273.2 211.0 175.7 162.4 152.1 149.0 146.3 143.8 139.8 138.6 140.9 142.2 142.0 142.2 141.1 140.8 141.1 141.1 141.1 141.0 142.1 142.2 149.4 172.5 153.1 154.1 158.2 176.8 199.7 241.0 280.7
82.3 74.6 59.7 71.5 69.3 72.3 78.2 81.9 98.8 105.8 121.0 129.5 150.2 150.2 153.3 153.7 152.6 156.6 158.0 158.1 165.9 206.3 215.6 219.1 240.6 240.8 279.8 216.0 303.2 286.8 277.9 362.9 376.3 509.6 479.3 524.1 579.0 623.0 601.3 484.8 472.3 441.1 376.0 346.9 354.2 321.1 202.2 173.3 158.8 151.1 147.9 143.7 143.7 139.8 138.1 137.8 141.9 140.9 141.1 141.1 141.0 141.1 140.9 141.0 140.8 138.9 141.6 143.7 171.2 147.4 155.6 162.0 170.5 241.3 257.5 236.7
79.8 116.8 58.5 66.2 75.2 72.0 77.1 81.7 94.6 102.1 116.3 122.3 142.2 145.2 150.1 149.2 151.2 152.4 152.2 157.8 170.8 184.8 203.4 201.6 194.2 199.8 203.4 211.1 243.8 242.2 286.2 316.3 315.4 363.2 468.2 489.7 508.0 509.7 496.7 542.7 462.7 413.1 363.3 403.9 343.5 345.7 252.6 175.8 150.7 149.6 145.0 140.8 139.5 138.2 138.1 136.9 137.2 141.3 141.1 138.9 140.9 141.0 141.2 138.9 140.9 140.9 141.0 141.0 142.2 153.1 173.6 162.7 171.2 184.5 285.3 352.8
147.0 106.7 103.3 66.0 69.4 72.1 75.2 80.5 93.3 98.2 111.2 118.9 136.1 139.4 140.3 145.1 145.6 150.6 150.6 154.4 159.2 170.6 174.4 181.1 172.3 170.7 167.8 173.1 207.8 273.5 264.8 276.2 272.4 326.8 379.7 477.9 471.8 487.3 485.7 498.8 496.4 470.0 384.1 378.4 435.1 337.2 214.7 174.9 151.7 148.0 142.8 138.5 137.3 137.4 137.2 137.2 137.2 137.4 140.9 140.9 140.9 138.9 140.9 138.9 141.0 141.0 141.0 141.1 141.1 147.6 170.4 155.9 180.7 183.2 251.3 281.7
102.7 81.2 59.9 75.3 94.0 72.1 77.0 80.5 93.4 98.9 112.9 117.4 131.2 135.7 139.5 142.0 140.6 141.3 147.8 148.9 156.2 165.0 173.8 175.6 173.3 169.1 161.2 172.1 173.0 195.1 235.7 255.5 220.7 284.7 294.0 302.4 426.1 410.6 436.1 472.5 488.5 488.2 457.7 358.8 396.9 331.6 203.4 174.2 152.9 149.8 144.9 142.6 137.5 136.2 136.7 135.0 139.2 136.9 137.4 141.0 141.0 140.8 141.1 140.8 140.9 140.9 141.3 140.8 141.0 142.2 147.1 182.9 173.9 236.6 215.2 239.2
102.6 106.4 106.5 81.2 69.5 72.2 77.2 81.3 93.4 99.0 111.7 115.8 133.2 132.5 133.1 139.1 139.5 141.6 138.5 144.9 145.6 153.9 154.9 159.8 156.1 153.0 202.1 202.3 203.6 221.7 172.1 207.0 190.8 215.7 245.1 259.1 264.8 288.4 388.8 442.8 459.8 508.3 450.7 391.5 336.9 341.6 301.9 166.7 157.8 152.2 146.0 142.2 138.3 137.1 136.2 134.6 137.0 137.2 136.9 137.4 138.9 141.1 141.1 141.0 138.9 141.0 140.8 141.0 141.1 141.1 142.2 153.3 182.1 195.7 249.7 185.5
116.8 101.9 71.6 78.8 69.5 72.1 77.2 80.6 93.3 97.0 111.6 115.9 133.1 133.1 134.3 134.4 134.6 138.7 141.7 138.6 144.8 147.7 146.5 146.8 147.9 200.7 213.7 214.6 205.2 211.5 202.7 173.3 205.3 196.3 205.5 219.4 240.8 250.5 356.7 395.4 399.5 449.2 458.4 375.4 331.9 312.4 299.0 287.6 162.1 151.1 147.4 141.5 136.7 137.3 136.2 136.2 136.6 136.9 137.2 136.8 138.7 141.1 141.1 141.0 140.8 141.0 141.0 141.1 141.0 141.1 141.1 146.9 154.1 198.6 243.7 175.0
189.0 153.4 107.4 76.9 83.9 72.3 77.1 80.5 93.3 99.0 111.6 115.8 133.1 133.1 133.1 133.1 134.3 134.4 137.6 145.7 142.1 143.0 141.2 143.3 133.4 167.1 163.0 167.3 194.0 228.9 248.3 240.8 246.1 250.9 193.3 206.9 256.6 280.2 283.3 381.3 398.3 439.2 447.4 413.5 331.6 309.5 333.2 304.2 175.0 160.2 147.5 144.0 138.2 136.7 136.3 135.9 134.1 136.7 137.3 136.9 137.0 138.7 141.3 140.8 141.1 141.1 144.7 140.9 141.1 141.0 141.1 142.2 154.6 164.6 220.4 170.4
208.6 164.2 91.1 113.2 94.6 72.1 77.1 80.4 93.4 99.0 111.7 115.9 133.2 133.1 133.0 133.1 133.0 133.1 134.5 136.7 139.1 139.5 138.9 138.7 311.5 160.6 252.0 257.4 212.7 215.9 254.8 274.7 265.6 269.2 219.7 206.1 224.9 278.1 280.1 270.0 403.7 405.1 447.4 416.4 347.1 398.1 448.0 319.7 304.0 216.4 149.8 143.6 139.6 136.6 135.7 135.5 135.9 136.3 136.8 137.0 140.8 137.0 139.6 140.8 138.9 140.8 141.0 141.0 141.0 140.9 141.0 141.7 150.2 155.6 177.9 155.3
155.2 174.0 140.8 204.4 88.8 97.2 76.9 80.4 93.3 98.9 111.6 115.8 133.1 133.2 133.1 133.1 133.0 133.1 133.1 134.3 134.6 136.8 135.0 135.0 316.5 324.7 222.2 218.4 253.5 265.9 248.9 269.1 265.4 272.6 270.2 254.8 216.4 257.5 250.5 309.3 288.9 416.4 375.4 418.2 362.0 452.5 482.6 444.6 372.1 303.2 216.0 150.5 147.3 140.0 136.4 135.7 135.5 135.8 136.3 134.6 136.8 136.8 137.1 139.6 140.8 141.0 141.0 140.8 141.0 141.1 141.1 138.9 142.2 165.2 160.2 186.0
175.5 182.3 184.1 190.6 189.8 72.1 89.3 80.1 98.0 98.9 111.7 115.9 131.2 133.1 133.1 133.0 133.0 133.1 137.6 133.1 134.3 133.1 133.1 133.2 315.5 334.1 321.6 169.8 224.4 256.2 269.5 272.5 290.4 275.8 273.7 267.0 254.5 241.2 268.8 289.3 345.1 404.0 392.5 379.6 382.4 472.4 540.1 545.9 471.6 346.1 311.9 165.7 150.0 145.9 137.6 135.6 135.7 135.7 135.9 136.5 136.6 135.0 137.1 137.4 140.9 138.9 138.9 140.8 141.1 138.9 141.1 141.2 142.1 151.0 153.1 213.8
200.3 183.7 180.1 188.3 184.7 186.3 75.7 80.5 93.3 98.1 109.7 115.9 133.2 133.1 133.1 133.1 133.1 135.5 131.2 133.0 131.2 133.1 133.2 133.1 133.0 152.4 140.3 319.7 187.2 224.2 258.5 268.1 278.0 275.5 294.9 266.9 263.5 260.8 299.6 338.9 333.8 360.2 349.7 422.4 419.4 491.5 609.4 626.7 454.0 343.2 373.4 306.3 168.2 146.9 137.0 136.4 135.5 135.8 135.5 135.6 139.9 136.6 137.0 135.0 139.8 140.9 138.9 140.8 140.8 141.0 138.9 141.1 141.0 141.0 151.3 166.4
201.5 204.8 184.0 188.1 187.3 186.3 77.0 80.5 226.3 97.0 111.7 115.9 133.2 298.2 133.1 131.2 133.2 133.1 133.1 133.1 133.1 133.1 133.0 133.1 133.1 133.1 134.5 333.3 347.6 262.2 226.2 257.0 262.7 272.6 298.5 340.7 271.8 262.2 269.9 279.7 341.9 359.7 359.0 449.3 413.0 441.7 496.5 653.9 478.6 487.2 454.8 400.8 295.8 148.3 136.9 137.2 137.1 135.4 135.8 135.7 135.9 136.5 136.9 137.0 136.9 140.8 140.9 141.0 140.9 138.9 140.9 141.1 141.1 141.0 151.3 142.1
202.4 211.2 224.5 193.2 190.3 188.6 191.6 212.7 227.2 230.6 254.5 279.8 292.2 308.3 131.2 133.2 133.2 133.2 133.2 133.2 133.1 133.1 133.1 133.1 133.1 133.1 133.1 163.3 344.6 358.3 205.2 270.8 329.5 306.1 286.3 320.2 329.1 275.9 264.4 300.4 344.2 329.2 297.1 308.2 423.9 443.9 488.5 568.0 596.2 500.1 426.0 517.1 446.6 299.8 147.5 142.8 137.2 137.0 133.5 135.9 135.6 136.2 136.8 137.0 137.0 139.7 141.0 141.0 141.0 141.1 141.0 140.8 140.9 141.0 141.0 145.6
201.2 261.6 267.1 238.9 196.3 190.2 194.6 213.1 232.2 235.6 266.1 285.8 321.0 320.9 295.4 133.2 133.1 133.2 133.2 131.2 133.1 133.2 135.5 133.1 133.2 133.0 133.1 133.1 174.2 355.7 353.5 330.7 330.6 333.7 335.7 267.6 265.0 252.4 254.5 284.4 303.8 317.8 285.9 348.5 459.5 477.9 467.6 496.9 604.2 621.8 484.0 461.4 449.1 336.0 177.8 149.0 139.2 136.6 135.3 135.8 135.8 135.6 134.2 136.6 139.2 136.9 140.9 140.8 140.9 141.1 141.0 141.0 140.9 140.8 138.9 140.4
290.0 210.4 215.8 228.9 213.2 197.4 226.7 224.0 232.3 238.0 261.0 306.7 355.2 353.5 323.6 299.4 133.1 133.2 137.6 133.1 133.2 133.2 133.2 133.2 133.2 133.2 133.2 133.1 133.5 321.1 359.7 363.3 253.0 258.5 257.8 264.3 261.6 255.9 251.9 261.1 267.8 286.6 319.9 290.1 468.0 478.9 468.7 511.0 612.5 688.5 540.6 446.3 336.4 308.6 291.6 150.8 140.2 135.4 137.4 135.5 135.8 135.6 135.6 136.7 136.9 137.2 139.7 141.1 140.9 138.9 141.0 140.8 141.1 141.0 140.9 141.0
357.4 349.6 254.5 219.3 199.7 238.9 229.8 228.3 231.4 246.7 264.6 302.6 392.3 344.7 342.7 316.8 299.4 133.1 133.2 133.1 133.2 133.1 133.1 133.1 133.2 133.2 133.2 133.1 131.2 319.8 354.1 348.8 353.5 392.6 327.8 329.2 307.5 296.7 271.4 252.5 275.9 264.9 319.5 278.5 441.3 477.7 503.3 498.2 501.7 605.6 683.3 544.7 480.3 358.4 304.8 288.8 140.0 134.8 136.6 136.2 135.5 135.6 135.6 136.0 136.8 136.9 137.2 140.9 140.9 140.9 140.8 141.1 140.8 144.7 140.9 140.9
366.8 364.9 254.7 247.7 229.6 217.4 260.2 224.4 235.2 261.9 281.8 322.7 336.9 361.3 398.0 343.2 309.7 307.3 133.1 133.2 133.2 133.1 133.1 133.2 131.2 133.2 133.1 133.1 133.1 316.3 318.7 331.3 350.4 353.2 369.0 299.2 395.3 357.0 331.9 292.6 251.8 263.4 281.3 279.5 321.6 483.8 508.5 513.3 565.2 649.6 688.5 499.9 435.9 340.1 322.4 295.1 151.4 134.5 135.5 136.5 135.5 135.9 135.8 135.8 136.5 136.9 136.9 141.0 140.8 141.1 140.9 140.8 141.0 140.8 140.9 140.8
300.7 351.1 274.2 363.8 269.4 225.9 288.2 263.0 238.7 248.0 286.4 349.5 429.7 341.3 340.9 339.1 302.7 133.1 133.0 133.0 133.2 133.0 133.0 133.2 133.1 133.2 131.2 133.1 133.2 133.1 132.4 131.2 164.4 323.5 356.8 357.5 357.9 283.5 271.7 263.8 250.3 253.0 262.7 264.0 290.4 411.2 497.5 597.1 600.3 707.0 726.7 616.6 469.7 432.7 425.4 309.0 295.9 147.5 275.9 135.4 137.2 135.7 135.6 135.9 136.0 136.9 136.9 139.9 138.9 141.3 138.9 141.1 141.1 140.9 140.8 140.8
213.1 328.8 345.2 315.9 265.2 236.5 225.0 229.0 241.7 266.8 285.0 419.0 355.1 338.3 336.0 313.6 300.7 302.9 132.3 306.6 133.2 133.2 133.1 133.1 133.2 133.1 133.2 133.2 133.2 133.2 133.1 133.0 133.1 320.7 347.7 389.4 390.3 356.9 359.8 253.6 252.1 251.8 256.5 262.7 273.4 384.1 479.0 620.9 632.6 634.0 690.0 678.6 548.2 487.4 398.5 326.8 303.5 288.7 281.8 270.8 136.4 137.3 135.9 135.9 136.0 136.7 137.1 137.2 140.9 141.1 140.8 138.9 141.0 140.9 140.9 141.1
299.5 357.5 291.7 334.5 328.8 249.1 275.2 267.2 271.6 284.3 300.3 412.0 327.2 311.3 306.8 305.0 326.5 153.5 311.6 328.1 309.3 140.4 133.2 133.2 133.2 133.2 133.2 133.1 133.1 133.2 133.1 133.2 133.0 133.1 324.5 353.4 446.3 445.5 358.9 355.7 357.7 253.1 252.9 262.6 268.8 396.9 440.9 492.2 511.0 590.3 611.4 608.6 637.1 621.0 465.7 385.8 331.8 298.5 287.2 277.7 290.7 143.3 135.5 135.6 135.8 136.5 136.9 137.0 141.0 140.8 141.0 140.9 140.8 141.0 140.8 141.1
239.6 332.0 217.6 356.9 367.7 248.8 365.6 272.5 293.0 429.9 384.9 321.6 320.5 339.5 345.1 344.1 342.5 318.3 311.4 321.5 170.0 133.0 133.2 133.2 133.2 133.1 133.1 133.2 133.1 133.1 133.1 133.1 131.2 133.1 141.5 338.1 376.5 472.7 476.9 405.0 358.7 357.1 251.8 254.8 264.6 377.2 422.2 444.0 474.2 516.5 510.4 568.4 569.3 594.4 556.4 438.9 404.6 308.3 293.7 278.7 136.6 280.2 141.5 135.7 135.6 136.1 135.0 136.8 140.8 140.8 138.9 140.8 140.8 140.9 141.1 140.9
205.0 263.6 216.3 238.5 320.2 321.0 260.9 273.3 289.7 409.8 430.2 385.1 390.6 469.5 442.1 357.9 375.9 330.6 318.6 320.6 137.6 137.6 133.1 133.2 133.1 133.2 133.2 133.1 133.1 133.2 133.1 131.2 133.1 136.8 174.9 170.7 258.2 364.9 335.5 313.6 357.6 357.9 357.2 252.7 257.9 374.9 392.4 453.2 469.9 479.8 517.4 523.5 560.4 600.0 653.0 554.6 458.0 337.2 302.1 285.8 134.6 135.7 156.4 135.7 135.8 136.2 134.6 136.9 140.8 140.8 140.8 140.8 140.8 140.8 140.8 138.9
245.9 217.6 214.1 227.7 233.4 235.6 250.0 274.0 405.2 315.8 387.1 330.0 464.3 457.2 434.4 464.2 401.7 347.6 345.2 339.2 131.2 133.1 133.2 133.1 133.1 133.2 133.2 133.2 133.2 133.2 133.2 133.2 133.1 131.2 163.5 153.2 209.2 253.9 261.5 315.7 314.3 380.3 353.3 353.6 259.0 360.7 398.6 449.9 481.0 491.8 502.1 484.5 502.6 505.4 558.9 623.6 574.9 451.4 434.4 316.0 296.0 146.7 138.2 135.5 135.8 133.7 136.5 136.9 139.9 140.9 140.8 140.8 140.8 140.8 140.9 140.9
191.7 201.0 -999.0 259.5 257.3 322.5 343.9 342.4 309.7 286.4 312.3 374.2 467.3 396.2 355.6 400.4 358.3 347.2 362.5 354.6 312.4 307.9 133.1 133.2 133.2 133.2 133.1 133.1 133.2 133.1 133.2 133.2 133.2 133.1 148.7 173.1 172.0 194.2 270.8 280.3 302.7 449.8 411.4 357.6 357.3 256.6 285.7 395.1 506.9 499.2 481.6 475.4 475.0 484.8 511.1 509.2 573.5 601.9 485.3 450.9 345.8 193.3 136.7 137.4 133.8 135.8 136.5 136.9 139.9 140.8 140.8 140.8 140.8 140.8 140.8 140.9
-999.0 -999.0 -999.0 -999.0 -999.0 419.4 394.6 273.3 276.5 259.6 312.1 435.1 417.6 423.3 321.2 350.1 172.0 153.5 270.9 283.1 179.5 132.3 314.5 317.3 133.2 133.2 133.2 133.1 133.2 133.2 133.2 133.2 133.2 133.2 133.1 147.0 167.1 265.5 273.9 270.9 260.4 441.5 439.7 447.6 372.6 354.7 248.4 286.6 366.4 378.8 346.9 351.1 336.4 471.0 484.2 508.5 500.1 593.6 506.8 417.8 342.0 278.3 133.3 137.4 133.7 133.7 134.6 137.2 139.6 140.8 140.9 140.9 140.8 140.8 140.8 140.9
-999.0 -999.0 -999.0 -999.0 -999.0 -999.0 378.4 354.2 254.3 269.5 293.7 328.3 333.2 333.8 311.3 302.3 300.0 131.0 131.0 132.3 133.1 133.1 131.1 318.0 321.5 317.2 133.2 133.1 133.2 133.1 133.0 133.2 133.2 133.2 131.2 149.7 164.4 248.8 271.9 247.4 253.6 261.0 258.4 461.3 436.6 361.9 250.6 259.7 269.1 283.7 287.1 334.5 292.1 358.6 372.9 456.5 460.1 497.3 482.9 461.4 376.7 319.0 271.5 136.3 135.4 135.6 136.0 136.8 139.6 140.8 140.8 140.8 140.8 141.0 140.8 140.8
-999.0 -999.0 -999.0 -999.0 -999.0 -999.0 248.3 252.2 248.9 310.4 428.1 461.4 423.7 372.9 323.8 336.4 302.3 307.1 307.1 133.2 133.2 133.1 133.2 140.3 169.0 148.3 133.2 133.1 133.2 133.2 133.1 133.2 133.2 133.1 135.5 131.2 168.9 240.9 256.9 254.2 267.3 209.4 264.7 320.0 316.1 331.2 310.5 275.3 212.8 183.2 221.2 275.2 253.6 316.8 310.0 394.5 343.5 323.0 361.1 477.6 347.6 327.6 276.7 276.5 133.4 135.6 136.1 137.2 139.8 140.9 138.9 141.0 141.0 141.0 140.8 138.9
-999.0 -999.0 -999.0 -999.0 -999.0 -999.0 239.5 164.1 270.6 300.1 308.2 335.1 329.9 334.4 314.8 326.1 315.8 307.4 307.3 308.4 133.2 133.1 133.2 131.2 133.2 133.2 133.2 133.2 133.2 133.2 133.2 133.2 133.2 133.2 131.0 133.1 147.8 170.4 210.0 241.3 173.0 206.3 262.2 271.2 318.5 285.3 386.2 346.2 333.3 270.9 241.1 169.0 169.6 168.5 217.4 245.9 344.0 344.3 353.0 381.0 378.2 425.7 310.3 277.0 135.5 135.6 136.0 137.2 139.9 138.9 140.9 141.1 140.8 141.1 141.0 140.8
-999.0 -999.0 -999.0 -999.0 -999.0 -999.0 -999.0 224.5 218.4 246.6 254.2 281.4 292.7 296.2 299.2 311.6 307.8 307.3 355.3 353.0 309.5 307.7 133.1 133.2 133.2 133.2 133.2 133.2 133.2 133.1 133.2 133.1 133.2 133.1 133.1 133.2 138.1 141.5 154.3 172.2 269.7 177.9 254.8 280.4 255.1 321.8 439.4 400.8 431.6 321.4 271.3 258.4 160.4 153.2 194.9 218.9 331.9 327.3 324.6 336.1 351.3 336.5 288.9 140.6 136.7 135.7 136.0 136.9 139.6 140.8 140.9 140.9 141.0 141.0 141.0 140.8
-999.0 -999.0 -999.0 -999.0 -999.0 -999.0 -999.0 97.2 136.5 119.8 207.0 334.2 326.4 318.9 298.2 300.2 300.2 305.8 310.3 331.2 351.7 339.3 314.8 140.4 132.3 133.2 133.2 133.2 133.2 133.2 133.1 133.2 133.2 133.2 133.2 133.2 133.1 131.1 137.1 156.5 174.0 154.0 260.2 232.8 212.8 261.4 425.4 485.6 504.8 396.0 321.0 285.4 263.9 158.8 148.9 177.3 319.7 305.5 299.0 307.1 313.2 296.0 143.3 133.4 136.6 135.7 136.1 136.8 139.7 140.8 140.9 140.8 140.8 141.0 141.0 141.1
