GSP_annual_reports_SRP_2024_v3/GIS/SRP_2022_Spring_Shallow.tif
NCOLS 191
NROWS  209
XLLCORNER 6295515.91401
YLLCORNER 1783415.49397
CELLSIZE 1000.0
NODATA_VALUE -999
[rows 0 to 32 of 209, columns 0 to 75 of 191]
-999.0 -999.0 -999.0 -999.0 -999.0 -999.0 -999.0 -999.0 -999.0 -999.0 -999.0 -999.0 -999.0 -999.0 -999.0 -999.0 -999.0 -999.0 -999.0 -999.0 -999.0 -999.0 -999.0 -999.0 157.9 142.7 180.3 236.9 277.4 174.1 144.3 142.6 168.8 243.9 -999.0 -999.0 -999.0 -999.0 -999.0 -999.0 -999.0 -999.0 -999.0 -999.0 -999.0 -999.0 -999.0 -999.0 -999.0 -999.0 -999.0 -999.0 -999.0 -999.0 -999.0 -999.0 -999.0 -999.0 -999.0 -999.0 -999.0 -999.0 -999.0 -999.0 -999.0 -999.0 -999.0 -999.0 -999.0 -999.0 -999.0 -999.0 -999.0 -999.0 -999.0 -999.0
-999.0 -999.0 -999.0 -999.0 -999.0 -999.0 -999.0 -999.0 -999.0 -999.0 -999.0 -999.0 -999.0 -999.0 -999.0 -999.0 -999.0 -999.0 -999.0 -999.0 -999.0 -999.0 233.0 140.3 147.8 185.0 197.6 265.1 266.1 284.6 162.5 142.8 140.0 172.3 218.7 293.4 342.9 425.1 -999.0 -999.0 -999.0 -999.0 -999.0 -999.0 -999.0 -999.0 -999.0 -999.0 -999.0 -999.0 -999.0 -999.0 -999.0 -999.0 -999.0 -999.0 -999.0 -999.0 -999.0 -999.0 -999.0 -999.0 -999.0 -999.0 -999.0 -999.0 -999.0 -999.0 -999.0 -999.0 -999.0 -999.0 -999.0 -999.0 -999.0 -999.0
-999.0 -999.0 -999.0 -999.0 -999.0 -999.0 -999.0 -999.0 -999.0 -999.0 -999.0 -999.0 -999.0 -999.0 -999.0 -999.0 -999.0 -999.0 -999.0 -999.0 98.9 242.0 300.4 263.5 169.8 137.8 144.7 138.5 145.2 176.3 256.2 202.5 152.2 142.0 211.0 314.2 357.2 386.8 364.2 310.1 234.0 147.9 -999.0 -999.0 -999.0 -999.0 -999.0 -999.0 -999.0 -999.0 -999.0 -999.0 -999.0 -999.0 -999.0 -999.0 -999.0 -999.0 -999.0 -999.0 -999.0 -999.0 -999.0 -999.0 -999.0 -999.0 -999.0 -999.0 -999.0 -999.0 -999.0 -999.0 -999.0 -999.0 -999.0 -999.0
-999.0 -999.0 -999.0 -999.0 -999.0 -999.0 -999.0 -999.0 -999.0 -999.0 -999.0 -999.0 -999.0 -999.0 -999.0 -999.0 -999.0 -999.0 -999.0 100.7 96.0 107.1 296.5 329.3 379.3 436.2 393.0 275.9 242.5 146.0 179.2 339.6 291.6 218.3 140.9 222.9 314.6 379.9 364.2 274.0 233.1 151.1 229.9 178.2 -999.0 -999.0 -999.0 -999.0 -999.0 -999.0 -999.0 -999.0 -999.0 -999.0 -999.0 -999.0 -999.0 -999.0 -999.0 -999.0 -999.0 -999.0 -999.0 -999.0 -999.0 -999.0 -999.0 -999.0 -999.0 -999.0 -999.0 -999.0 -999.0 -999.0 -999.0 -999.0
-999.0 -999.0 -999.0 -999.0 -999.0 -999.0 -999.0 -999.0 -999.0 -999.0 -999.0 -999.0 -999.0 -999.0 -999.0 -999.0 -999.0 -999.0 88.3 83.4 94.7 106.9 209.6 269.9 373.4 499.8 494.3 495.6 346.4 139.4 245.8 388.1 391.3 293.6 212.7 140.7 263.3 341.4 380.1 344.8 278.8 174.3 160.1 213.8 124.3 138.3 -999.0 -999.0 -999.0 -999.0 -999.0 -999.0 -999.0 -999.0 -999.0 -999.0 -999.0 -999.0 -999.0 -999.0 -999.0 -999.0 -999.0 -999.0 -999.0 -999.0 -999.0 -999.0 -999.0 -999.0 -999.0 -999.0 -999.0 -999.0 -999.0 -999.0
-999.0 -999.0 -999.0 -999.0 -999.0 -999.0 -999.0 -999.0 -999.0 -999.0 -999.0 -999.0 -999.0 -999.0 -999.0 -999.0 -999.0 -999.0 82.7 81.1 90.0 97.8 99.9 137.3 250.5 248.5 322.7 219.8 189.4 252.2 333.4 383.2 464.8 424.4 436.3 260.5 181.9 271.5 385.8 358.4 273.9 193.3 171.6 142.7 170.9 133.1 161.5 143.5 -999.0 -999.0 -999.0 -999.0 -999.0 -999.0 -999.0 -999.0 -999.0 -999.0 -999.0 -999.0 -999.0 -999.0 -999.0 -999.0 -999.0 -999.0 -999.0 -999.0 -999.0 -999.0 -999.0 -999.0 -999.0 -999.0 -999.0 -999.0
-999.0 -999.0 -999.0 -999.0 -999.0 -999.0 -999.0 -999.0 -999.0 -999.0 -999.0 -999.0 -999.0 -999.0 -999.0 -999.0 -999.0 81.7 81.5 81.9 82.1 84.8 81.3 84.8 92.1 138.8 143.1 164.9 145.8 178.9 329.8 399.8 481.9 468.8 451.4 430.7 209.9 248.0 295.0 385.8 264.5 198.5 174.1 120.0 124.0 125.7 146.7 137.9 142.3 -999.0 -999.0 -999.0 -999.0 -999.0 -999.0 -999.0 -999.0 -999.0 -999.0 -999.0 -999.0 -999.0 -999.0 -999.0 -999.0 -999.0 -999.0 -999.0 -999.0 -999.0 -999.0 -999.0 -999.0 -999.0 -999.0 -999.0
-999.0 -999.0 -999.0 -999.0 -999.0 -999.0 -999.0 -999.0 -999.0 -999.0 -999.0 -999.0 -999.0 -999.0 -999.0 -999.0 79.1 79.7 80.5 80.6 84.5 80.8 79.8 81.4 74.3 140.6 191.3 259.4 278.0 229.2 364.3 490.3 492.9 510.2 426.5 334.8 249.6 153.6 205.4 283.2 318.1 238.5 180.8 132.8 131.5 145.9 127.3 163.7 208.9 253.2 -999.0 -999.0 -999.0 -999.0 -999.0 -999.0 -999.0 -999.0 -999.0 -999.0 -999.0 -999.0 -999.0 -999.0 -999.0 -999.0 -999.0 -999.0 -999.0 -999.0 -999.0 -999.0 -999.0 -999.0 -999.0 -999.0
-999.0 -999.0 -999.0 -999.0 -999.0 -999.0 -999.0 -999.0 -999.0 -999.0 -999.0 -999.0 -999.0 -999.0 -999.0 77.9 73.2 70.5 78.6 80.6 78.1 75.5 82.1 76.0 69.9 137.8 151.7 295.8 396.9 354.8 345.6 341.2 407.9 527.1 464.8 386.5 317.8 178.7 177.8 202.0 270.1 210.7 171.0 188.5 174.6 198.6 242.2 264.2 145.9 206.7 -999.0 -999.0 -999.0 -999.0 -999.0 -999.0 -999.0 -999.0 532.5 577.4 595.2 580.3 584.6 570.3 507.8 404.5 474.8 341.0 348.9 -999.0 -999.0 -999.0 -999.0 -999.0 -999.0 -999.0
-999.0 -999.0 -999.0 -999.0 -999.0 -999.0 -999.0 -999.0 -999.0 -999.0 -999.0 -999.0 -999.0 -999.0 -999.0 77.3 75.9 73.4 79.0 77.8 64.6 72.8 80.3 81.1 80.9 77.4 195.3 276.3 419.6 492.6 428.2 404.5 405.4 513.6 478.9 389.7 315.4 201.0 159.8 144.3 179.2 206.1 233.0 199.4 188.1 221.5 217.8 248.6 211.0 193.7 229.5 -999.0 -999.0 -999.0 -999.0 435.4 439.8 506.2 493.5 542.7 592.1 570.0 580.5 590.9 588.0 508.9 474.9 532.2 486.5 368.7 483.7 -999.0 -999.0 -999.0 -999.0 -999.0
-999.0 -999.0 -999.0 -999.0 -999.0 -999.0 -999.0 -999.0 -999.0 -999.0 -999.0 -999.0 -999.0 -999.0 59.8 73.8 73.8 72.6 73.3 73.5 57.8 79.6 80.4 78.6 78.5 79.4 126.8 205.3 419.5 403.7 485.7 484.9 512.7 520.9 503.0 453.9 352.5 265.1 274.8 288.0 304.2 316.7 233.5 154.1 163.1 225.2 226.3 292.0 299.3 306.5 234.7 319.8 -999.0 324.1 400.3 340.8 436.3 475.1 441.8 538.8 581.4 595.6 590.5 583.0 614.5 480.7 481.1 573.7 590.7 416.8 477.4 463.9 -999.0 -999.0 -999.0 -999.0
-999.0 -999.0 -999.0 -999.0 -999.0 -999.0 -999.0 -999.0 -999.0 -999.0 -999.0 -999.0 -999.0 -999.0 72.3 63.4 72.9 71.3 72.0 72.4 67.7 75.5 78.3 75.0 74.0 74.5 91.7 158.6 234.2 428.8 420.7 428.3 491.6 486.4 511.4 473.5 387.5 379.8 379.1 376.8 376.9 375.7 310.6 201.7 184.5 187.1 252.7 202.2 287.1 227.3 233.3 298.5 296.6 357.6 353.4 438.7 401.2 455.2 447.6 536.3 550.6 580.8 595.2 594.4 612.2 582.8 484.1 569.6 587.6 470.1 449.7 540.5 574.4 -999.0 -999.0 -999.0
-999.0 -999.0 -999.0 -999.0 -999.0 -999.0 -999.0 -999.0 -999.0 -999.0 -999.0 -999.0 -999.0 -999.0 66.9 69.8 75.6 70.3 70.8 71.2 64.2 72.7 75.4 72.4 72.9 86.3 133.7 135.1 194.1 294.7 435.1 439.4 402.7 426.0 496.4 486.7 445.9 407.0 380.9 371.8 333.2 310.7 262.1 256.9 186.9 193.2 195.7 303.9 245.6 348.6 279.5 291.6 229.0 306.7 322.2 479.6 428.0 429.6 459.8 487.2 536.0 595.7 598.0 577.6 611.1 588.0 469.2 561.9 597.3 474.9 461.6 465.7 492.7 524.2 -999.0 -999.0
-999.0 -999.0 -999.0 -999.0 -999.0 -999.0 -999.0 -999.0 -999.0 -999.0 -999.0 -999.0 -999.0 -999.0 131.0 66.7 55.8 67.4 67.5 69.9 66.8 70.4 71.6 81.7 66.4 86.7 90.9 100.7 122.5 160.5 176.7 257.5 396.9 402.6 399.3 396.9 445.4 412.6 370.2 374.7 374.5 378.8 320.5 234.8 188.1 138.4 189.7 244.4 224.2 296.3 250.9 257.2 248.7 300.0 312.4 379.1 487.3 447.2 437.0 474.2 488.4 572.4 591.6 587.1 597.3 590.7 574.2 558.6 568.8 543.7 445.9 424.5 448.1 459.3 442.1 441.1
-999.0 -999.0 -999.0 -999.0 -999.0 -999.0 -999.0 -999.0 -999.0 -999.0 -999.0 -999.0 -999.0 -999.0 87.3 67.3 67.0 67.9 66.9 67.4 68.1 68.3 78.4 77.3 76.3 80.5 88.4 93.1 98.7 123.9 217.7 208.0 253.9 225.1 297.3 391.0 405.8 388.4 368.4 367.5 347.2 381.0 370.2 310.7 272.3 217.8 159.3 179.4 209.7 261.7 194.5 274.5 337.3 410.9 324.5 494.5 415.8 439.5 457.5 467.2 500.9 520.9 573.8 605.4 581.2 578.8 601.6 570.0 524.2 544.1 457.1 445.1 434.0 426.4 453.6 521.5
-999.0 -999.0 -999.0 -999.0 -999.0 -999.0 -999.0 -999.0 -999.0 -999.0 -999.0 -999.0 -999.0 -999.0 72.2 68.1 67.0 67.0 67.2 67.3 61.3 67.1 73.8 76.6 76.1 78.4 82.5 89.5 101.4 117.7 149.6 163.4 207.9 204.0 206.3 210.9 412.7 416.7 367.5 302.0 334.1 348.1 328.1 245.5 284.9 310.0 285.3 149.7 231.6 232.0 187.2 308.4 297.8 354.7 325.8 465.2 372.4 491.9 456.5 461.3 491.9 522.4 512.2 590.7 635.2 576.2 589.5 587.0 575.5 564.9 464.5 422.1 421.0 416.9 439.1 452.6
-999.0 -999.0 -999.0 -999.0 -999.0 -999.0 -999.0 -999.0 -999.0 -999.0 -999.0 -999.0 -999.0 -999.0 130.8 71.8 67.1 66.7 67.5 63.7 56.1 66.6 67.8 65.1 74.0 80.3 85.9 92.7 97.5 125.9 139.5 155.8 194.3 166.7 244.6 413.9 341.8 311.1 238.4 273.1 327.8 311.7 317.0 308.6 270.3 373.1 320.3 248.2 258.9 214.5 313.6 247.1 281.5 462.3 439.8 389.4 411.2 434.2 482.8 444.0 471.4 516.2 522.6 631.1 586.4 613.7 582.6 561.7 566.7 555.7 448.9 429.4 391.3 416.6 447.1 456.3
-999.0 -999.0 -999.0 -999.0 -999.0 -999.0 -999.0 -999.0 -999.0 -999.0 -999.0 -999.0 -999.0 -999.0 129.6 135.4 67.7 67.1 67.3 62.8 66.6 62.8 67.7 68.1 74.7 73.0 80.0 89.4 102.2 116.3 113.1 161.0 157.9 244.1 245.1 289.0 194.8 271.4 232.7 271.9 278.4 298.1 371.2 373.9 352.5 349.5 326.6 224.8 201.2 288.3 436.3 314.8 340.6 291.7 412.7 428.0 385.4 405.2 443.9 489.1 484.3 516.9 526.7 542.6 684.6 635.1 601.2 586.0 552.3 543.1 442.3 431.3 434.4 435.6 423.5 454.9
-999.0 -999.0 -999.0 -999.0 -999.0 -999.0 -999.0 -999.0 -999.0 -999.0 -999.0 -999.0 -999.0 -999.0 196.2 138.8 68.2 67.8 49.4 48.3 59.8 64.3 66.2 67.8 64.5 73.4 77.0 88.5 94.6 96.6 143.6 149.5 135.9 141.9 180.6 217.2 237.2 196.7 220.6 172.5 242.1 295.9 420.5 380.9 310.2 330.9 323.8 264.2 265.1 224.9 260.2 344.4 440.5 262.5 439.6 398.6 469.8 396.0 433.8 467.6 497.4 489.8 519.4 537.0 554.7 643.3 616.3 539.6 550.0 547.5 523.1 473.8 440.4 434.5 441.2 451.4
-999.0 -999.0 -999.0 -999.0 -999.0 -999.0 -999.0 -999.0 -999.0 -999.0 -999.0 -999.0 -999.0 -999.0 170.1 139.7 66.0 65.9 49.3 50.8 49.3 57.8 66.1 66.4 73.4 75.7 92.0 95.8 107.2 125.6 103.9 129.2 126.7 147.5 159.4 160.4 187.0 222.7 173.2 155.3 163.1 195.1 267.7 417.3 308.5 336.6 339.5 250.7 288.2 216.9 309.8 445.3 390.1 434.9 344.2 395.5 445.7 406.3 423.3 469.8 477.0 506.9 498.5 528.5 565.4 622.4 642.0 595.2 538.8 548.3 519.6 502.1 482.1 427.9 447.4 473.2
-999.0 -999.0 -999.0 -999.0 -999.0 -999.0 -999.0 -999.0 -999.0 -999.0 -999.0 -999.0 -999.0 -999.0 136.1 71.9 64.4 62.3 66.2 66.1 49.8 67.8 66.2 65.2 68.5 70.1 80.0 86.5 89.0 112.3 127.7 115.0 113.2 143.0 171.7 189.0 171.4 167.5 134.6 155.8 172.7 237.7 401.0 251.8 329.7 348.1 395.2 399.9 306.1 350.7 299.6 438.2 408.7 458.0 410.2 412.2 382.3 430.8 456.0 437.4 454.4 482.4 511.0 500.2 536.6 543.3 573.8 632.2 617.9 633.4 552.5 524.9 497.8 447.0 442.9 504.3
-999.0 -999.0 -999.0 -999.0 -999.0 -999.0 -999.0 -999.0 -999.0 -999.0 -999.0 -999.0 -999.0 -999.0 181.7 88.5 66.0 64.2 60.8 65.0 49.7 49.7 50.3 65.2 68.9 73.9 75.4 82.9 90.3 91.8 96.5 118.4 104.6 125.8 130.7 144.4 155.1 130.2 157.5 208.2 170.3 231.1 265.4 245.7 237.3 265.0 384.8 371.0 388.5 384.8 292.2 385.4 405.5 437.2 383.3 392.6 431.5 403.4 418.3 425.0 460.1 475.4 497.9 508.7 512.1 536.0 504.8 549.4 615.0 559.4 534.5 532.6 492.0 502.8 444.8 454.0
-999.0 -999.0 -999.0 -999.0 -999.0 -999.0 -999.0 -999.0 -999.0 -999.0 -999.0 -999.0 -999.0 -999.0 203.9 109.7 88.3 68.4 59.7 48.0 47.2 49.7 58.1 64.1 66.9 72.6 85.1 79.1 90.8 97.7 99.4 100.1 106.9 110.8 120.5 148.9 146.2 121.9 186.2 200.9 204.4 169.1 192.1 186.9 210.0 279.2 286.1 304.8 434.3 440.7 394.7 427.0 400.2 382.1 427.0 405.6 395.6 444.7 380.9 389.4 423.3 440.9 489.7 484.8 511.1 516.7 524.5 550.9 553.9 542.9 553.6 553.3 521.2 522.9 527.0 466.7
-999.0 -999.0 -999.0 -999.0 -999.0 -999.0 -999.0 -999.0 -999.0 -999.0 -999.0 -999.0 -999.0 -999.0 205.8 187.2 92.6 84.2 70.8 59.2 60.4 61.5 48.7 61.3 67.0 72.4 88.1 80.3 89.2 94.4 99.1 102.9 108.2 110.6 109.9 122.2 117.9 121.4 167.2 234.8 246.2 239.8 172.0 177.6 207.5 228.9 340.0 382.3 428.3 389.4 408.9 389.3 384.4 393.8 391.0 393.8 385.2 396.5 468.0 378.5 416.7 424.7 459.6 486.4 499.3 505.9 503.1 558.4 556.8 565.8 561.8 568.5 580.9 540.4 574.0 491.0
-999.0 -999.0 -999.0 -999.0 -999.0 -999.0 -999.0 -999.0 -999.0 -999.0 -999.0 -999.0 -999.0 -999.0 203.8 183.7 90.7 84.6 67.3 59.6 46.7 62.4 51.5 60.6 72.1 61.6 89.9 93.2 96.2 97.7 96.0 101.9 109.4 110.4 113.0 114.0 119.4 126.5 156.2 186.5 165.7 243.6 226.1 185.2 213.3 244.0 283.5 299.2 392.0 407.4 380.0 424.9 401.5 398.0 435.7 398.0 400.7 389.2 431.4 382.4 377.1 421.3 459.4 471.9 505.8 516.8 503.5 568.6 560.0 576.4 569.9 551.4 560.6 559.8 598.0 615.6
-999.0 -999.0 -999.0 -999.0 -999.0 -999.0 -999.0 -999.0 -999.0 -999.0 -999.0 -999.0 -999.0 -999.0 148.4 166.9 67.0 65.0 69.9 59.4 54.6 60.4 51.6 60.0 65.5 84.9 89.1 91.2 93.4 96.0 96.9 97.8 111.6 109.6 108.7 112.1 119.3 110.3 126.5 116.1 137.8 179.6 255.2 205.8 206.6 214.8 273.4 290.9 298.0 314.6 381.5 458.5 452.2 453.7 448.7 407.7 460.4 512.5 409.6 481.5 402.1 411.7 450.2 467.1 536.5 548.8 520.0 554.7 547.3 553.1 565.2 572.4 573.1 607.3 575.2 591.8
-999.0 -999.0 -999.0 -999.0 -999.0 -999.0 -999.0 -999.0 -999.0 -999.0 -999.0 -999.0 -999.0 -999.0 170.3 92.4 64.8 60.6 54.9 55.4 57.4 52.6 59.1 59.6 88.1 88.3 88.6 87.8 90.2 94.4 93.1 104.6 112.0 109.5 107.5 110.4 113.9 116.5 112.9 111.8 125.3 167.8 255.4 236.6 184.0 256.4 301.5 339.8 307.3 427.7 438.7 421.6 430.3 444.1 444.3 426.4 491.7 469.8 504.1 484.4 433.2 442.6 492.2 503.4 489.5 512.2 453.1 464.4 467.5 463.4 572.8 580.7 586.8 590.4 591.3 610.2
-999.0 -999.0 -999.0 -999.0 -999.0 -999.0 -999.0 -999.0 -999.0 -999.0 -999.0 -999.0 -999.0 -999.0 215.8 162.3 88.3 85.2 54.6 53.8 69.7 57.7 53.2 57.8 97.3 93.3 87.6 90.0 94.1 94.6 97.5 100.0 112.9 107.3 106.6 108.3 108.3 115.2 117.9 117.5 115.1 131.8 207.7 234.0 174.8 179.7 234.5 258.9 312.2 309.5 400.5 406.9 422.9 444.4 443.9 427.6 429.6 387.3 473.2 468.8 480.5 469.4 478.1 487.1 471.3 537.0 447.0 441.7 541.1 558.6 577.7 579.6 591.6 611.5 597.8 620.8
-999.0 -999.0 -999.0 -999.0 -999.0 -999.0 -999.0 -999.0 -999.0 -999.0 -999.0 -999.0 -999.0 -999.0 258.3 179.2 166.6 85.0 74.0 51.0 50.3 43.9 44.5 58.7 76.3 85.7 91.7 83.4 97.2 93.4 89.7 95.8 115.6 108.4 86.6 101.9 100.0 110.3 114.3 121.3 122.7 124.4 133.9 192.1 255.0 180.9 251.0 293.1 223.1 291.1 343.7 426.6 436.1 423.0 432.0 446.8 447.4 409.3 362.4 405.2 392.9 411.6 389.6 464.8 426.6 400.8 447.5 451.7 584.4 585.7 595.4 604.9 618.4 580.9 648.1 656.4
-999.0 -999.0 -999.0 -999.0 -999.0 -999.0 -999.0 -999.0 -999.0 -999.0 -999.0 -999.0 -999.0 -999.0 250.0 209.6 161.0 83.5 71.8 51.5 46.5 43.3 59.8 58.6 94.1 97.9 87.9 86.3 88.0 94.2 90.5 93.6 106.3 101.4 93.7 98.0 99.4 96.0 110.4 116.6 125.1 123.2 124.1 139.5 238.5 163.5 210.6 198.3 213.9 295.1 448.5 427.4 427.5 444.1 424.5 447.0 431.2 441.2 422.2 367.5 359.9 403.5 390.7 381.9 398.5 394.8 444.9 540.1 528.2 564.6 597.0 612.9 611.1 617.6 614.6 684.7
-999.0 -999.0 -999.0 -999.0 -999.0 -999.0 -999.0 -999.0 -999.0 -999.0 -999.0 -999.0 -999.0 -999.0 192.7 203.0 169.7 79.2 69.4 60.0 50.5 51.9 45.0 55.9 95.5 104.1 88.8 93.0 86.8 101.1 84.0 94.7 99.7 91.2 83.2 91.1 95.7 98.2 109.8 114.8 122.7 125.1 126.2 126.3 126.9 136.5 180.8 183.9 187.8 275.5 266.9 389.3 398.0 460.9 453.9 456.3 453.7 451.6 417.8 406.7 405.1 411.8 409.9 376.8 387.8 396.8 409.2 425.2 468.1 467.7 564.1 617.1 613.4 629.5 659.5 559.3
-999.0 -999.0 -999.0 -999.0 -999.0 -999.0 -999.0 -999.0 -999.0 -999.0 -999.0 -999.0 -999.0 -999.0 224.4 173.7 168.9 80.8 56.2 49.7 52.3 44.4 43.8 45.5 85.9 87.6 93.1 93.6 85.0 88.7 88.6 94.4 96.4 91.3 88.0 93.4 100.1 97.0 107.0 113.1 120.7 123.7 127.2 126.4 138.3 252.8 269.0 246.6 249.6 324.9 305.2 438.4 441.7 402.8 413.4 451.4 451.2 451.4 459.3 412.3 427.2 466.1 448.6 453.3 470.2 471.4 526.8 449.0 462.1 553.0 470.6 579.1 634.3 615.5 663.4 546.7
-999.0 -999.0 -999.0 -999.0 -999.0 -999.0 -999.0 -999.0 -999.0 -999.0 -999.0 -999.0 -999.0 -999.0 175.6 220.7 170.0 60.0 65.2 51.3 45.1 42.2 43.6 55.8 92.8 85.9 93.6 92.6 85.7 87.6 87.6 88.2 95.1 91.0 89.8 90.0 98.1 101.9 105.8 115.8 118.7 122.6 126.4 127.2 132.5 159.2 263.6 365.7 376.0 321.5 295.1 382.9 349.7 448.5 411.3 426.2 468.0 454.2 455.5 419.0 404.5 453.3 492.9 494.7 505.2 530.2 533.5 535.3 454.1 567.1 503.6 458.5 618.7 610.6 647.3 663.1
