GSP_annual_reports_SRP_2024_v3/GIS/SRP_2022_Fall_Deep.tif
NCOLS 191
NROWS  209
XLLCORNER 6295515.91401
YLLCORNER 1783415.49397
CELLSIZE 1000.0
NODATA_VALUE -999
[rows 102 to 135 of 209, columns 0 to 75 of 191]
-999.0 -999.0 -999.0 -999.0 -999.0 -999.0 -999.0 -999.0 -999.0 -999.0 -999.0 -999.0 -999.0 289.2 388.7 346.8 393.1 421.4 422.4 382.3 311.4 389.0 374.9 380.4 385.4 288.4 168.5 171.1 162.7 147.0 115.1 101.3 94.6 85.2 129.1 130.0 151.4 141.1 106.8 106.0 114.7 99.9 79.2 69.8 54.4 52.7 57.2 67.2 112.9 74.0 47.3 41.1 32.1 39.1 25.3 20.5 30.8 19.3 26.0 23.1 32.6 35.9 30.9 43.6 38.3 38.4 43.1 38.7 34.7 30.2 36.7 35.1 36.0 53.8 61.8 85.2
-999.0 -999.0 -999.0 -999.0 -999.0 -999.0 -999.0 -999.0 -999.0 -999.0 -999.0 -999.0 -999.0 207.2 333.1 292.7 376.7 420.9 423.9 418.0 409.9 405.8 382.7 384.5 388.9 368.5 351.8 189.3 171.7 163.6 126.8 169.4 127.9 117.7 157.6 145.3 157.8 151.0 132.4 124.8 130.5 114.9 98.8 101.6 75.5 65.5 62.4 55.9 95.2 128.5 91.2 54.9 34.3 35.2 36.4 25.2 22.1 21.3 32.7 35.2 33.9 39.3 35.3 33.6 37.2 41.5 44.1 35.4 32.4 31.0 32.9 32.7 45.5 62.7 66.4 85.5
-999.0 -999.0 -999.0 -999.0 -999.0 -999.0 -999.0 -999.0 -999.0 -999.0 -999.0 -999.0 -999.0 152.3 157.0 216.4 333.1 410.1 427.8 417.6 427.9 405.2 313.8 316.3 319.5 360.6 394.0 247.9 179.8 175.7 128.9 178.5 176.5 122.1 138.1 161.2 156.3 161.5 151.7 152.5 131.6 118.1 81.4 132.6 134.6 107.4 82.8 77.6 58.2 116.2 114.7 95.5 47.2 44.2 37.1 39.6 25.7 21.1 30.1 24.3 26.9 31.4 31.8 43.1 34.3 37.9 37.4 38.4 38.4 35.5 38.0 34.9 54.1 63.9 106.9 103.4
-999.0 -999.0 -999.0 -999.0 -999.0 -999.0 -999.0 -999.0 -999.0 -999.0 -999.0 -999.0 -999.0 127.8 129.4 167.2 192.9 287.1 324.9 335.5 402.9 324.7 291.8 191.3 217.8 239.8 240.2 292.4 181.4 193.4 149.0 188.6 173.8 186.1 127.4 151.9 148.7 159.2 162.8 154.6 156.1 152.5 119.6 117.0 133.6 143.3 135.5 114.3 84.1 92.3 99.5 79.9 85.6 52.6 34.9 26.2 25.4 29.9 23.9 22.6 26.1 31.4 32.6 33.7 44.9 32.2 32.3 32.3 37.1 34.2 33.3 44.2 70.0 78.1 90.1 105.9
-999.0 -999.0 -999.0 -999.0 -999.0 -999.0 -999.0 -999.0 -999.0 -999.0 -999.0 -999.0 -999.0 139.4 123.8 166.4 163.3 157.0 149.6 194.1 283.9 318.2 293.0 158.7 168.1 161.4 212.4 185.6 184.5 183.9 175.0 161.2 182.1 175.0 175.0 138.9 164.2 177.6 149.6 169.2 155.0 157.4 142.2 149.3 146.3 133.2 122.8 127.1 124.2 121.2 121.9 114.5 63.2 60.2 39.9 30.5 24.9 20.0 22.3 23.2 28.2 34.6 43.7 32.3 34.7 42.7 40.6 34.8 35.3 31.8 34.4 46.1 65.4 71.4 89.6 113.6
-999.0 -999.0 -999.0 -999.0 -999.0 -999.0 -999.0 -999.0 -999.0 -999.0 -999.0 -999.0 -999.0 -999.0 133.6 146.1 255.2 160.0 122.6 148.0 163.4 180.0 206.2 155.0 153.0 158.9 202.4 306.7 377.4 170.8 209.9 167.5 173.5 190.3 185.8 140.8 174.7 153.0 268.8 172.7 189.2 158.8 159.1 164.4 149.8 126.0 117.6 104.1 84.1 89.5 97.4 106.4 82.5 54.7 45.7 34.6 33.2 31.3 21.5 19.6 24.9 31.4 35.3 43.1 34.9 38.5 35.2 33.1 30.9 34.2 38.9 48.8 60.5 72.2 94.4 111.2
-999.0 -999.0 -999.0 -999.0 -999.0 -999.0 -999.0 -999.0 -999.0 -999.0 -999.0 -999.0 -999.0 -999.0 151.1 163.9 161.9 163.0 121.5 161.0 175.7 168.3 125.1 148.4 167.5 154.5 170.0 178.8 302.8 281.0 170.7 209.3 172.7 170.7 170.9 172.3 175.4 158.9 200.7 193.4 187.2 182.9 173.0 172.5 165.3 167.2 115.5 111.9 120.7 127.9 120.8 111.7 71.4 67.3 51.8 41.0 96.1 43.5 29.1 26.9 38.8 36.6 40.4 37.9 35.9 42.9 34.4 35.8 33.8 36.3 50.8 61.2 59.5 80.1 95.1 111.9
-999.0 -999.0 -999.0 -999.0 -999.0 -999.0 -999.0 -999.0 -999.0 -999.0 -999.0 -999.0 -999.0 -999.0 -999.0 139.5 162.1 122.3 133.6 152.9 268.5 162.1 164.3 93.5 146.7 131.5 131.9 164.2 200.9 228.3 330.5 319.4 237.1 176.3 178.5 178.1 175.9 172.5 229.7 323.5 270.7 200.7 233.7 196.3 179.9 169.4 173.2 122.5 124.9 184.3 125.2 209.6 131.0 117.8 111.8 107.9 118.4 52.9 74.0 41.9 65.7 51.3 39.5 40.5 37.6 51.0 45.7 43.0 37.1 38.1 35.9 53.8 60.7 73.4 91.5 107.9
-999.0 -999.0 -999.0 -999.0 -999.0 -999.0 -999.0 -999.0 -999.0 -999.0 -999.0 -999.0 -999.0 -999.0 -999.0 -999.0 164.7 102.0 144.8 154.9 245.2 202.0 167.0 104.0 77.5 80.2 97.9 137.5 160.1 184.7 185.3 355.8 415.9 248.2 198.8 204.9 188.2 187.6 195.1 202.2 246.0 240.5 250.9 197.6 201.4 202.0 175.2 140.0 177.7 214.2 175.9 230.5 212.9 130.4 117.7 119.3 127.5 137.9 79.4 83.1 103.5 44.6 38.0 35.6 35.8 35.1 41.6 46.2 49.9 47.6 46.5 52.3 66.3 66.6 87.7 108.7
-999.0 -999.0 -999.0 -999.0 -999.0 -999.0 -999.0 -999.0 -999.0 -999.0 -999.0 -999.0 -999.0 -999.0 -999.0 -999.0 -999.0 74.1 138.9 148.8 136.2 170.5 154.9 73.3 69.7 100.1 99.4 80.6 130.3 145.2 178.1 179.1 398.5 278.1 185.6 180.2 126.7 129.2 156.0 174.3 174.4 196.8 209.3 196.3 184.9 187.7 190.9 137.9 160.4 152.5 278.0 214.9 203.3 129.3 104.0 120.0 127.7 126.2 116.5 94.9 106.8 92.0 56.4 42.3 40.9 47.3 38.3 35.5 43.8 48.6 56.1 59.7 58.9 68.9 90.8 157.1
-999.0 -999.0 -999.0 -999.0 -999.0 -999.0 -999.0 -999.0 -999.0 -999.0 -999.0 -999.0 -999.0 -999.0 -999.0 -999.0 -999.0 -999.0 103.4 149.0 144.0 137.9 74.3 69.9 124.2 154.8 156.7 96.9 182.1 141.1 169.7 192.5 185.3 188.3 157.2 139.0 185.8 176.7 190.3 178.2 184.0 192.7 172.8 166.2 179.2 180.5 158.0 137.9 170.0 194.6 192.7 238.2 243.2 195.5 139.9 120.6 127.7 124.9 157.0 126.4 94.0 91.0 60.5 62.4 74.5 42.4 48.6 51.7 49.8 48.3 36.6 47.2 52.8 65.2 68.8 75.8
-999.0 -999.0 -999.0 -999.0 -999.0 -999.0 -999.0 -999.0 -999.0 -999.0 -999.0 -999.0 -999.0 -999.0 -999.0 -999.0 -999.0 -999.0 -999.0 -999.0 130.7 82.0 71.4 78.0 116.2 163.4 168.7 141.1 169.7 168.6 184.4 171.1 178.4 144.5 99.6 190.5 186.0 374.1 210.2 277.8 253.7 263.1 183.6 190.2 144.8 172.5 164.5 165.4 160.7 175.1 180.4 188.7 219.0 171.7 161.4 131.7 215.4 209.5 183.5 128.3 120.4 87.4 133.8 110.8 84.8 55.0 58.7 44.6 48.2 51.5 39.5 39.5 43.9 52.6 59.1 67.0
-999.0 -999.0 -999.0 -999.0 -999.0 -999.0 -999.0 -999.0 -999.0 -999.0 -999.0 -999.0 -999.0 -999.0 -999.0 -999.0 -999.0 -999.0 -999.0 -999.0 82.2 73.5 69.3 97.4 148.8 167.5 183.5 174.6 137.6 144.1 108.3 136.0 135.2 133.2 133.6 171.9 229.0 373.7 326.6 345.1 323.8 294.7 315.5 318.9 290.5 210.5 180.8 175.6 182.6 185.4 184.2 172.7 176.9 166.4 149.5 170.5 198.0 193.0 149.6 197.5 207.4 113.0 177.8 142.5 145.2 94.0 69.7 66.8 46.2 45.6 58.6 43.4 43.9 48.0 48.0 52.9
-999.0 -999.0 -999.0 -999.0 -999.0 -999.0 -999.0 -999.0 -999.0 -999.0 -999.0 -999.0 -999.0 -999.0 -999.0 -999.0 -999.0 -999.0 -999.0 -999.0 -999.0 74.5 83.9 130.2 146.4 152.8 168.7 239.6 178.3 88.0 75.8 78.5 94.4 112.1 166.8 180.4 190.3 387.1 395.3 403.6 345.8 317.8 329.9 319.2 323.3 323.6 288.7 188.8 175.5 218.9 217.4 190.3 164.9 160.7 151.7 169.6 192.1 261.9 227.9 182.5 166.6 172.7 178.8 166.7 122.3 89.9 67.9 63.1 55.5 50.0 44.3 44.8 54.3 44.7 47.4 50.2
-999.0 -999.0 -999.0 -999.0 -999.0 -999.0 -999.0 -999.0 -999.0 -999.0 -999.0 -999.0 -999.0 -999.0 -999.0 -999.0 -999.0 -999.0 -999.0 -999.0 -999.0 -999.0 81.0 144.0 125.0 121.0 136.8 170.1 180.8 75.6 69.8 69.6 69.3 86.7 153.6 220.5 372.0 397.9 391.6 287.8 292.3 236.8 237.5 266.1 307.8 314.1 329.6 302.2 230.8 241.6 300.6 157.4 167.9 166.3 159.7 167.2 168.6 152.8 301.0 224.7 160.1 157.3 201.8 188.1 195.3 100.3 84.6 65.7 61.8 54.9 53.0 55.5 50.2 57.9 57.8 61.3
-999.0 -999.0 -999.0 -999.0 -999.0 -999.0 -999.0 -999.0 -999.0 -999.0 -999.0 -999.0 -999.0 -999.0 -999.0 -999.0 -999.0 -999.0 -999.0 -999.0 -999.0 -999.0 -999.0 -999.0 81.2 75.9 82.3 94.2 89.3 71.9 71.9 84.1 152.2 159.9 132.0 165.4 182.6 396.1 379.1 320.3 205.3 177.3 225.0 186.4 231.4 216.0 302.4 336.1 303.0 308.6 305.8 180.8 210.3 168.7 161.5 168.8 155.0 168.5 243.6 293.4 221.1 135.9 163.0 183.4 118.0 174.6 155.5 92.5 66.9 60.0 51.2 45.5 71.0 63.0 61.1 72.2
-999.0 -999.0 -999.0 -999.0 -999.0 -999.0 -999.0 -999.0 -999.0 -999.0 -999.0 -999.0 -999.0 -999.0 -999.0 -999.0 -999.0 -999.0 -999.0 -999.0 -999.0 -999.0 -999.0 -999.0 -999.0 -999.0 75.3 71.5 69.5 74.9 153.5 140.7 186.3 175.8 176.7 184.6 189.1 309.7 223.0 294.0 245.5 296.1 279.6 266.4 174.5 159.2 200.3 331.7 340.7 331.8 331.5 280.0 195.9 161.5 162.0 166.6 187.2 152.1 202.3 207.9 210.8 157.4 156.4 140.9 167.5 154.6 190.2 127.0 115.0 72.4 66.7 40.4 66.4 69.7 78.9 77.2
-999.0 -999.0 -999.0 -999.0 -999.0 -999.0 -999.0 -999.0 -999.0 -999.0 -999.0 -999.0 -999.0 -999.0 -999.0 -999.0 -999.0 -999.0 -999.0 -999.0 -999.0 -999.0 -999.0 -999.0 -999.0 -999.0 -999.0 69.5 71.9 89.2 170.0 176.6 187.9 181.1 151.8 207.4 184.9 185.4 299.3 133.5 190.6 132.4 133.6 132.3 141.9 182.2 196.3 220.8 330.6 321.2 313.4 315.2 226.5 216.4 165.0 150.6 162.0 151.7 149.9 159.7 187.9 193.5 138.7 143.7 218.5 173.9 186.5 186.5 111.5 88.4 70.5 67.5 56.2 74.1 79.2 56.7
-999.0 -999.0 -999.0 -999.0 -999.0 -999.0 -999.0 -999.0 -999.0 -999.0 -999.0 -999.0 -999.0 -999.0 -999.0 -999.0 -999.0 -999.0 -999.0 -999.0 -999.0 -999.0 -999.0 -999.0 -999.0 -999.0 -999.0 -999.0 -999.0 75.3 99.8 143.7 181.4 168.8 157.1 181.1 186.0 168.2 135.5 149.5 154.5 284.4 307.0 222.8 271.4 217.8 199.3 250.6 287.7 292.2 334.7 224.7 220.9 201.6 197.3 136.6 167.8 190.1 129.1 129.7 136.8 133.1 193.7 174.9 217.7 226.0 184.7 166.4 128.4 106.0 85.6 82.3 69.8 58.2 57.4 64.0
-999.0 -999.0 -999.0 -999.0 -999.0 -999.0 -999.0 -999.0 -999.0 -999.0 -999.0 -999.0 -999.0 -999.0 -999.0 -999.0 -999.0 -999.0 -999.0 -999.0 -999.0 -999.0 -999.0 -999.0 -999.0 -999.0 -999.0 -999.0 -999.0 -999.0 -999.0 -999.0 146.8 145.5 132.2 145.7 180.6 169.7 128.0 116.0 200.3 294.1 330.7 323.9 314.9 239.9 184.5 229.6 172.1 215.4 185.8 178.3 201.8 192.9 208.3 195.7 169.6 149.5 119.7 136.2 130.1 118.0 146.4 153.6 170.7 323.5 243.8 168.0 204.5 110.3 104.3 86.9 102.3 83.7 45.2 75.4
-999.0 -999.0 -999.0 -999.0 -999.0 -999.0 -999.0 -999.0 -999.0 -999.0 -999.0 -999.0 -999.0 -999.0 -999.0 -999.0 -999.0 -999.0 -999.0 -999.0 -999.0 -999.0 -999.0 -999.0 -999.0 -999.0 -999.0 -999.0 -999.0 -999.0 -999.0 -999.0 -999.0 152.1 123.1 113.9 154.0 144.7 127.1 103.3 156.3 167.0 202.1 325.5 321.3 212.6 193.3 198.4 184.9 163.3 164.2 202.1 159.3 156.6 124.8 101.5 84.7 125.0 156.5 163.6 157.8 133.8 96.7 97.3 121.3 193.7 212.4 158.5 199.6 154.5 138.0 108.5 105.9 86.7 85.3 68.7
-999.0 -999.0 -999.0 -999.0 -999.0 -999.0 -999.0 -999.0 -999.0 -999.0 -999.0 -999.0 -999.0 -999.0 -999.0 -999.0 -999.0 -999.0 -999.0 -999.0 -999.0 -999.0 -999.0 -999.0 -999.0 -999.0 -999.0 -999.0 -999.0 -999.0 -999.0 -999.0 -999.0 -999.0 169.8 92.1 156.5 139.4 86.5 90.0 118.6 149.4 188.9 253.4 191.9 199.4 134.2 185.2 175.6 139.6 145.6 149.8 117.4 105.0 71.8 69.8 106.2 173.1 195.4 177.5 158.3 122.5 97.0 96.5 74.4 140.8 158.7 313.6 232.3 171.5 164.6 109.8 109.0 89.6 65.2 59.9
-999.0 -999.0 -999.0 -999.0 -999.0 -999.0 -999.0 -999.0 -999.0 -999.0 -999.0 -999.0 -999.0 -999.0 -999.0 -999.0 -999.0 -999.0 -999.0 -999.0 -999.0 -999.0 -999.0 -999.0 -999.0 -999.0 -999.0 -999.0 -999.0 -999.0 -999.0 -999.0 -999.0 -999.0 -999.0 -999.0 93.5 91.9 78.5 147.3 175.7 158.4 201.1 236.7 189.0 149.1 135.0 137.9 173.9 129.0 129.4 130.7 95.8 70.8 59.7 80.8 142.9 156.7 163.5 175.4 168.3 148.7 69.3 83.4 68.1 67.7 73.6 136.7 197.8 200.3 144.8 107.0 68.5 69.1 66.3 80.6
-999.0 -999.0 -999.0 -999.0 -999.0 -999.0 -999.0 -999.0 -999.0 -999.0 -999.0 -999.0 -999.0 -999.0 -999.0 -999.0 -999.0 -999.0 -999.0 -999.0 -999.0 -999.0 -999.0 -999.0 -999.0 -999.0 -999.0 -999.0 -999.0 -999.0 -999.0 -999.0 -999.0 -999.0 -999.0 -999.0 -999.0 -999.0 -999.0 166.0 184.8 191.2 202.4 185.8 202.8 146.8 120.7 133.5 135.3 134.6 128.9 111.3 111.3 58.7 59.7 63.8 94.7 132.2 166.3 159.0 125.3 122.3 69.9 66.7 63.9 67.8 61.5 67.4 76.4 124.0 135.8 95.9 113.9 86.3 68.0 69.2
-999.0 -999.0 -999.0 -999.0 -999.0 -999.0 -999.0 -999.0 -999.0 -999.0 -999.0 -999.0 -999.0 -999.0 -999.0 -999.0 -999.0 -999.0 -999.0 -999.0 -999.0 -999.0 -999.0 -999.0 -999.0 -999.0 -999.0 -999.0 -999.0 -999.0 -999.0 -999.0 -999.0 -999.0 -999.0 -999.0 -999.0 -999.0 -999.0 -999.0 -999.0 -999.0 208.8 144.9 222.3 135.5 124.8 121.2 122.5 111.5 150.1 169.7 135.6 85.4 68.3 63.8 102.7 153.6 129.4 121.2 100.9 76.4 63.0 64.8 64.0 66.8 57.4 64.3 68.0 66.2 71.4 74.7 79.3 71.0 79.9 59.6
-999.0 -999.0 -999.0 -999.0 -999.0 -999.0 -999.0 -999.0 -999.0 -999.0 -999.0 -999.0 -999.0 -999.0 -999.0 -999.0 -999.0 -999.0 -999.0 -999.0 -999.0 -999.0 -999.0 -999.0 -999.0 -999.0 -999.0 -999.0 -999.0 -999.0 -999.0 -999.0 -999.0 -999.0 -999.0 -999.0 -999.0 -999.0 -999.0 -999.0 -999.0 -999.0 -999.0 -999.0 141.8 133.4 99.2 73.1 66.7 67.2 103.4 133.9 156.0 148.3 117.9 138.2 130.2 171.0 153.9 161.0 153.7 116.3 103.0 77.3 68.0 65.8 57.4 67.2 63.6 65.4 60.8 66.8 66.9 79.8 61.9 72.4
-999.0 -999.0 -999.0 -999.0 -999.0 -999.0 -999.0 -999.0 -999.0 -999.0 -999.0 -999.0 -999.0 -999.0 -999.0 -999.0 -999.0 -999.0 -999.0 -999.0 -999.0 -999.0 -999.0 -999.0 -999.0 -999.0 -999.0 -999.0 -999.0 -999.0 -999.0 -999.0 -999.0 -999.0 -999.0 -999.0 -999.0 -999.0 -999.0 -999.0 -999.0 -999.0 -999.0 -999.0 -999.0 134.3 74.4 69.3 70.9 96.6 157.9 154.8 168.1 102.3 100.5 186.0 213.9 174.5 172.3 142.8 178.0 153.1 115.2 81.0 64.3 67.2 66.0 57.7 57.1 55.9 65.9 65.0 55.8 65.5 62.0 70.5
-999.0 -999.0 -999.0 -999.0 -999.0 -999.0 -999.0 -999.0 -999.0 -999.0 -999.0 -999.0 -999.0 -999.0 -999.0 -999.0 -999.0 -999.0 -999.0 -999.0 -999.0 -999.0 -999.0 -999.0 -999.0 -999.0 -999.0 -999.0 -999.0 -999.0 -999.0 -999.0 -999.0 -999.0 -999.0 -999.0 -999.0 -999.0 -999.0 -999.0 -999.0 -999.0 -999.0 -999.0 -999.0 69.0 68.9 73.0 74.5 126.8 184.9 181.0 182.1 111.1 200.0 180.7 173.4 199.2 164.7 130.8 121.4 181.4 152.4 102.7 69.9 66.7 66.9 57.5 58.1 55.9 55.2 66.9 62.2 57.7 56.4 65.3
-999.0 -999.0 -999.0 -999.0 -999.0 -999.0 -999.0 -999.0 -999.0 -999.0 -999.0 -999.0 -999.0 -999.0 -999.0 -999.0 -999.0 -999.0 -999.0 -999.0 -999.0 -999.0 -999.0 -999.0 -999.0 -999.0 -999.0 -999.0 -999.0 -999.0 -999.0 -999.0 -999.0 -999.0 -999.0 -999.0 -999.0 -999.0 -999.0 -999.0 -999.0 -999.0 -999.0 -999.0 71.7 73.9 82.9 143.1 139.4 127.2 187.4 157.0 184.9 193.0 187.6 190.7 230.1 195.5 161.3 170.1 129.6 93.6 156.3 153.3 88.8 61.3 67.9 68.4 57.1 55.9 65.0 89.1 61.8 56.2 74.1 63.6
-999.0 -999.0 -999.0 -999.0 -999.0 -999.0 -999.0 -999.0 -999.0 -999.0 -999.0 -999.0 -999.0 -999.0 -999.0 -999.0 -999.0 -999.0 -999.0 -999.0 -999.0 -999.0 -999.0 -999.0 -999.0 -999.0 -999.0 -999.0 -999.0 -999.0 -999.0 -999.0 -999.0 -999.0 -999.0 -999.0 -999.0 -999.0 -999.0 -999.0 -999.0 -999.0 -999.0 -999.0 79.8 135.5 158.8 202.1 183.4 208.1 195.0 163.2 212.5 224.8 189.2 252.9 187.8 161.8 179.6 145.9 141.4 176.8 87.5 97.7 79.2 74.1 63.2 68.2 57.3 55.8 65.0 85.0 73.5 66.3 56.4 59.6
-999.0 -999.0 -999.0 -999.0 -999.0 -999.0 -999.0 -999.0 -999.0 -999.0 -999.0 -999.0 -999.0 -999.0 -999.0 -999.0 -999.0 -999.0 -999.0 -999.0 -999.0 -999.0 -999.0 -999.0 -999.0 -999.0 -999.0 -999.0 -999.0 -999.0 -999.0 -999.0 -999.0 -999.0 -999.0 -999.0 -999.0 -999.0 -999.0 -999.0 -999.0 -999.0 -999.0 -999.0 123.4 146.8 163.0 177.3 187.7 182.3 186.4 176.3 183.5 167.4 200.2 254.6 198.6 153.2 138.6 133.3 162.8 117.5 68.2 68.9 94.7 76.6 67.9 57.5 67.0 55.8 63.7 58.6 85.0 79.8 56.2 72.0
-999.0 -999.0 -999.0 -999.0 -999.0 -999.0 -999.0 -999.0 -999.0 -999.0 -999.0 -999.0 -999.0 -999.0 -999.0 -999.0 -999.0 -999.0 -999.0 -999.0 -999.0 -999.0 -999.0 -999.0 -999.0 -999.0 -999.0 -999.0 -999.0 -999.0 -999.0 -999.0 -999.0 -999.0 -999.0 -999.0 -999.0 -999.0 -999.0 -999.0 -999.0 -999.0 -999.0 -999.0 134.3 140.2 141.2 142.1 136.1 181.9 138.7 144.0 123.9 192.1 197.7 149.4 163.7 141.8 82.1 59.2 62.9 61.8 59.5 68.5 77.3 68.4 67.0 57.5 65.9 55.9 65.0 68.2 67.9 68.3 56.2 59.5
-999.0 -999.0 -999.0 -999.0 -999.0 -999.0 -999.0 -999.0 -999.0 -999.0 -999.0 -999.0 -999.0 -999.0 -999.0 -999.0 -999.0 -999.0 -999.0 -999.0 -999.0 -999.0 -999.0 -999.0 -999.0 -999.0 -999.0 -999.0 -999.0 -999.0 -999.0 -999.0 -999.0 -999.0 -999.0 -999.0 -999.0 -999.0 -999.0 -999.0 -999.0 -999.0 -999.0 -999.0 124.0 137.1 137.9 127.2 125.8 129.5 124.5 124.3 149.9 225.6 292.8 200.6 184.0 183.5 113.9 160.6 58.2 52.3 55.3 66.2 67.8 66.1 57.5 58.0 57.3 55.8 55.1 70.8 68.4 89.4 81.3 59.5
-999.0 -999.0 -999.0 -999.0 -999.0 -999.0 -999.0 -999.0 -999.0 -999.0 -999.0 -999.0 -999.0 -999.0 -999.0 -999.0 -999.0 -999.0 -999.0 -999.0 -999.0 -999.0 -999.0 -999.0 -999.0 -999.0 -999.0 -999.0 -999.0 -999.0 -999.0 -999.0 -999.0 -999.0 -999.0 -999.0 -999.0 -999.0 -999.0 -999.0 -999.0 -999.0 -999.0 -999.0 116.3 135.9 121.1 113.0 112.2 110.3 120.0 118.1 153.8 146.0 236.5 344.5 297.6 208.2 195.2 174.6 153.1 136.6 59.1 56.5 58.0 57.2 57.5 66.0 62.8 61.6 55.1 67.5 89.9 87.0 74.5 71.7
