GSP_annual_reports_SRP_2024_v3/GIS/SRP_2023_Fall_Deep.tif
NCOLS 191
NROWS  209
XLLCORNER 6295515.91401
YLLCORNER 1783415.49397
CELLSIZE 1000.0
NODATA_VALUE -999
[rows 68 to 101 of 209, columns 76 to 151 of 191]
195.8 205.0 232.2 256.8 286.3 336.2 528.6 516.4 430.6 446.0 463.1 457.5 398.9 387.2 355.4 361.5 368.0 369.9 367.0 385.0 411.1 448.8 436.2 466.7 475.7 467.1 448.8 465.6 471.3 560.8 576.5 596.2 757.0 661.3 579.1 577.9 628.5 621.9 628.8 658.2 751.1 833.7 890.3 968.5 961.6 969.9 1009.2 914.9 885.9 922.8 951.7 1111.3 1029.1 1034.1 1066.7 1024.0 989.8 881.2 849.8 852.1 724.2 716.9 643.5 -999.0 -999.0 -999.0 -999.0 -999.0 -999.0 -999.0 -999.0 -999.0 -999.0 -999.0 -999.0 -999.0
204.4 210.8 224.6 248.9 277.3 346.7 542.1 445.9 443.3 523.0 495.0 474.6 486.4 407.2 415.4 361.1 366.1 370.3 377.7 373.4 393.2 401.8 429.5 451.6 467.2 468.0 473.1 466.6 515.0 466.4 477.1 542.3 571.1 634.6 460.9 596.4 512.6 639.3 624.2 585.1 677.4 819.3 877.3 888.9 901.3 908.3 942.1 918.5 915.2 947.1 999.0 1033.4 961.3 1010.5 996.9 1068.2 1110.0 1079.0 992.0 906.2 841.8 718.6 -999.0 -999.0 -999.0 -999.0 -999.0 -999.0 -999.0 -999.0 -999.0 -999.0 -999.0 -999.0 -999.0 -999.0
202.8 198.9 245.4 281.5 303.6 342.1 526.2 437.0 488.6 507.3 521.0 524.9 534.2 468.2 418.6 398.8 361.2 371.3 375.7 372.9 386.9 401.0 413.0 431.2 437.5 443.2 438.9 437.1 458.8 459.6 481.6 490.1 464.9 443.2 477.5 626.5 603.1 822.9 861.5 749.5 659.1 734.2 813.7 872.5 872.1 888.0 915.6 924.1 928.0 945.5 962.7 968.5 945.6 910.3 947.9 1023.8 1078.3 1035.0 1052.7 1036.3 1000.5 919.7 -999.0 -999.0 -999.0 -999.0 -999.0 -999.0 -999.0 -999.0 -999.0 -999.0 -999.0 -999.0 -999.0 -999.0
203.7 200.2 300.2 335.2 332.4 334.4 506.3 495.4 503.4 459.9 508.9 561.1 570.2 513.7 457.7 409.6 408.8 414.4 386.5 372.0 371.8 385.5 403.5 411.7 421.9 421.5 418.7 414.9 423.2 437.7 434.5 436.4 432.2 454.5 516.5 604.1 787.2 929.8 996.2 929.1 827.2 843.2 820.9 818.8 835.9 881.3 855.8 930.9 964.4 1073.4 958.1 907.9 898.3 899.6 907.1 900.0 939.2 1013.1 1034.9 1059.0 1054.2 -999.0 -999.0 -999.0 -999.0 -999.0 -999.0 -999.0 -999.0 -999.0 -999.0 -999.0 -999.0 -999.0 -999.0 -999.0
201.4 219.6 308.9 341.2 316.1 340.3 367.8 557.8 512.2 466.9 497.5 574.6 579.7 553.1 519.6 451.0 404.7 418.5 425.2 414.7 381.2 394.5 394.7 405.7 409.1 409.1 408.2 405.8 404.0 405.1 386.2 382.2 440.3 442.0 481.4 639.4 842.4 909.2 867.8 830.8 875.1 1091.9 989.7 903.7 815.0 919.5 937.6 1057.7 1053.5 1052.7 932.3 897.4 807.2 753.8 811.3 894.1 855.0 940.4 964.8 1090.0 1075.1 -999.0 -999.0 -999.0 -999.0 -999.0 -999.0 -999.0 -999.0 -999.0 -999.0 -999.0 -999.0 -999.0 -999.0 -999.0
205.5 213.9 300.8 344.0 329.2 325.0 343.7 467.3 506.8 467.4 522.0 600.2 593.4 567.7 561.4 527.8 465.0 445.6 441.7 427.5 452.8 398.2 396.8 405.1 401.3 396.7 394.9 391.1 390.5 379.0 378.5 374.0 436.6 442.5 456.9 589.7 601.3 674.9 680.7 772.9 895.1 979.6 1022.2 1028.4 921.7 889.9 967.2 1062.2 1051.6 1021.9 927.2 900.1 876.1 832.0 782.1 799.3 867.7 901.6 915.7 935.0 926.5 -999.0 -999.0 -999.0 -999.0 -999.0 -999.0 -999.0 -999.0 -999.0 -999.0 -999.0 -999.0 -999.0 -999.0 -999.0
202.9 204.9 241.0 339.4 343.9 367.7 314.4 482.3 500.6 501.5 503.5 559.4 583.0 632.4 699.7 607.3 540.1 540.6 508.0 476.7 463.6 443.1 403.6 396.5 390.8 386.7 386.1 382.7 383.8 376.3 368.6 369.0 374.0 394.3 428.7 604.5 626.6 572.3 627.7 864.4 905.3 967.7 1036.1 1041.8 999.7 942.8 937.9 1025.8 1040.5 1063.5 900.8 875.2 804.0 775.1 755.9 769.5 903.4 895.5 885.9 859.8 898.2 -999.0 -999.0 -999.0 -999.0 -999.0 -999.0 -999.0 -999.0 -999.0 -999.0 -999.0 -999.0 -999.0 -999.0 -999.0
204.2 208.0 238.3 346.8 344.9 537.8 544.9 462.9 526.5 600.3 583.2 640.7 623.5 570.5 722.8 617.8 538.5 545.2 522.2 496.6 470.0 448.9 404.9 400.8 392.0 382.4 387.3 386.2 383.1 374.5 368.0 367.0 360.6 366.3 463.0 488.9 535.8 473.6 662.9 806.7 854.0 915.9 946.0 944.1 916.7 966.9 1041.5 1034.2 1002.6 905.1 886.9 731.0 781.6 802.6 766.2 726.0 774.0 798.3 767.0 890.8 873.2 866.5 -999.0 -999.0 -999.0 -999.0 -999.0 -999.0 -999.0 -999.0 -999.0 -999.0 -999.0 -999.0 -999.0 -999.0
200.9 213.9 272.0 352.8 416.1 567.5 574.5 558.5 537.8 624.6 657.3 664.8 702.3 730.2 717.1 715.1 706.3 552.5 551.2 499.4 492.4 448.1 443.5 399.9 380.4 375.7 382.0 376.1 376.2 376.2 374.4 370.0 368.8 366.5 449.8 455.2 469.2 442.1 562.5 666.8 821.9 822.9 846.3 879.2 922.6 944.6 1021.8 1034.2 1083.4 938.7 879.4 837.4 812.0 821.4 700.0 714.1 830.4 819.9 767.8 858.2 880.4 879.4 751.9 -999.0 -999.0 -999.0 -999.0 -999.0 -999.0 -999.0 -999.0 -999.0 -999.0 -999.0 -999.0 -999.0
193.0 207.0 256.7 342.1 353.5 545.4 570.3 600.3 573.1 691.2 693.6 707.4 733.9 756.8 737.5 680.5 687.8 672.1 531.8 465.1 497.8 498.5 433.9 431.0 458.6 383.7 381.8 372.7 378.0 374.1 373.9 371.2 364.8 361.4 373.7 434.4 500.9 585.5 570.3 602.0 721.3 744.3 828.1 848.3 884.0 981.4 941.6 871.3 928.6 1028.7 899.7 870.5 878.6 803.2 783.6 627.5 711.0 720.6 793.7 803.7 733.4 860.0 824.8 755.4 -999.0 -999.0 -999.0 -999.0 -999.0 -999.0 -999.0 -999.0 -999.0 -999.0 -999.0 -999.0
239.9 214.3 234.5 311.5 366.9 368.5 422.3 432.9 593.8 625.6 735.1 756.6 732.7 749.7 757.6 719.5 706.9 610.7 528.5 598.1 608.3 569.3 482.3 432.7 458.6 454.0 461.2 407.5 429.1 440.9 364.5 368.1 363.9 361.4 363.0 367.3 421.9 526.2 644.2 692.3 708.6 692.1 830.8 839.7 867.5 925.6 801.0 862.3 878.7 908.7 1064.4 900.2 877.0 881.7 803.1 775.7 605.8 615.9 740.7 743.2 736.0 758.2 757.7 841.5 -999.0 -999.0 -999.0 -999.0 -999.0 -999.0 -999.0 -999.0 -999.0 -999.0 -999.0 -999.0
324.9 255.9 234.1 272.1 312.8 358.0 400.8 557.2 580.4 663.9 792.7 859.0 755.4 739.1 746.8 738.0 669.6 623.7 656.2 686.2 687.9 700.2 528.9 521.5 466.9 450.6 450.9 439.8 466.5 462.1 405.9 365.9 361.8 362.4 368.3 364.4 437.1 445.4 534.4 590.7 673.4 743.4 709.2 821.8 858.3 798.7 763.5 757.4 868.0 876.7 899.4 982.5 984.7 878.0 798.8 817.7 662.1 625.6 556.1 558.6 713.8 639.5 811.5 808.5 854.4 -999.0 -999.0 -999.0 -999.0 -999.0 -999.0 -999.0 -999.0 -999.0 -999.0 -999.0
343.7 339.5 237.7 305.6 349.2 329.6 362.7 575.0 599.6 579.0 646.8 731.1 761.5 769.1 756.9 755.5 720.6 667.5 623.1 669.5 710.1 640.0 533.1 568.8 506.8 465.1 443.7 482.5 451.5 419.9 415.9 366.4 363.3 358.8 363.3 364.5 467.6 467.9 482.4 594.2 566.1 641.3 783.1 820.5 854.4 831.2 671.5 695.6 859.3 873.0 863.5 984.0 894.0 895.2 878.9 765.9 815.6 779.0 712.2 577.8 519.2 681.8 676.7 805.1 786.5 -999.0 -999.0 -999.0 -999.0 -999.0 -999.0 -999.0 -999.0 -999.0 -999.0 -999.0
358.1 344.7 265.9 333.1 372.4 361.0 370.6 393.2 496.1 623.6 624.5 685.2 753.2 706.0 766.9 774.5 752.0 667.7 635.9 639.3 616.9 597.8 488.1 467.1 444.4 434.9 447.9 437.4 475.8 468.6 437.0 413.6 362.3 362.4 362.9 359.7 465.2 474.1 464.4 555.5 622.2 708.8 722.5 689.1 782.9 653.6 679.6 669.2 744.0 825.1 818.1 820.8 820.8 847.7 862.8 870.3 831.0 802.5 807.7 712.7 674.5 603.0 516.0 733.1 745.5 -999.0 -999.0 -999.0 -999.0 -999.0 -999.0 -999.0 -999.0 -999.0 -999.0 -999.0
479.3 372.5 357.2 322.0 376.9 360.4 329.4 374.0 399.2 420.6 594.2 613.3 619.9 730.6 668.0 775.8 745.4 701.4 682.3 630.8 576.6 485.2 459.2 503.7 440.0 453.7 463.0 442.5 442.5 497.4 448.8 459.2 356.8 365.9 361.7 361.9 359.4 459.9 475.3 534.1 599.7 598.9 722.0 714.6 695.3 672.6 722.3 682.3 734.2 758.5 765.5 780.9 861.8 796.1 860.1 817.3 866.6 877.1 824.0 819.4 807.2 801.6 762.6 509.2 499.3 633.3 -999.0 -999.0 -999.0 -999.0 -999.0 -999.0 -999.0 -999.0 -999.0 -999.0
472.9 435.5 371.5 355.5 329.3 349.2 331.9 363.7 385.7 415.7 430.6 464.8 591.7 510.5 582.4 675.2 780.9 737.3 697.8 609.6 597.7 586.6 555.2 435.7 446.9 465.1 437.5 445.9 433.4 444.5 402.5 337.4 428.0 435.2 463.6 359.6 360.0 388.5 460.6 506.6 543.8 512.9 642.1 674.6 677.4 499.4 514.7 757.0 688.0 775.3 837.1 778.0 760.8 885.7 888.2 899.4 907.5 910.9 848.2 822.8 800.1 767.5 687.1 575.2 726.4 819.9 564.9 -999.0 -999.0 -999.0 -999.0 -999.0 -999.0 -999.0 -999.0 -999.0
467.7 470.3 380.3 377.2 374.7 347.0 316.4 338.7 366.8 388.0 450.0 446.0 453.7 456.3 466.4 604.7 708.3 751.4 718.5 593.7 601.9 577.8 531.8 443.5 455.3 457.7 424.1 393.2 366.9 418.6 404.4 358.6 357.7 456.4 457.2 395.6 359.4 362.0 448.5 480.0 487.1 497.1 498.2 541.0 484.4 613.6 734.3 762.1 828.6 867.5 895.0 862.1 858.5 909.3 930.2 945.9 941.4 904.3 859.4 866.8 772.1 777.1 735.4 632.2 819.6 742.9 739.4 599.9 -999.0 -999.0 -999.0 -999.0 -999.0 -999.0 -999.0 -999.0
474.0 484.5 484.2 439.8 384.6 372.2 378.1 321.0 403.1 392.7 407.9 479.6 460.5 468.3 478.8 514.3 689.4 678.7 698.2 632.9 613.0 571.3 525.3 440.6 456.5 428.0 385.2 369.3 357.1 429.1 453.2 359.3 356.6 449.3 376.8 444.5 354.4 363.1 441.9 450.2 454.4 473.7 487.0 492.3 491.1 619.1 732.3 758.8 756.5 841.4 879.7 900.6 932.5 996.2 986.4 1045.7 936.7 878.5 878.8 869.8 836.5 811.0 695.2 770.8 747.7 816.9 776.0 727.1 753.6 -999.0 -999.0 -999.0 -999.0 -999.0 -999.0 -999.0
415.2 467.2 481.3 502.3 416.2 385.2 385.9 426.5 363.1 386.9 414.5 477.0 505.2 468.2 476.3 479.7 640.1 712.7 690.8 651.8 624.1 557.0 477.9 478.6 456.6 455.0 449.2 362.8 358.1 375.7 449.4 424.7 361.3 386.0 385.3 373.8 356.7 353.4 433.8 434.1 448.9 464.3 461.4 498.8 527.8 497.6 675.8 695.4 702.6 683.9 849.0 902.0 986.8 1075.4 1017.5 1057.8 1042.4 894.0 872.3 881.0 878.9 803.2 753.0 766.8 798.4 822.1 729.9 746.1 514.9 492.7 -999.0 -999.0 -999.0 -999.0 -999.0 -999.0
459.2 437.6 487.5 523.0 487.4 446.9 411.5 407.3 402.1 377.6 396.0 409.3 436.0 447.1 483.0 576.4 501.2 721.5 714.3 665.8 638.1 544.8 488.2 467.2 464.2 439.2 439.7 357.5 360.7 371.0 373.1 348.3 356.6 402.1 458.6 414.7 357.4 349.8 418.5 419.3 436.2 447.3 461.8 501.4 507.9 580.8 746.4 813.8 746.7 852.4 880.2 901.2 919.6 1057.9 957.2 1067.1 1017.6 981.3 876.8 860.5 871.4 845.9 731.1 814.2 831.6 802.0 760.9 762.8 756.1 497.1 573.5 -999.0 -999.0 -999.0 -999.0 -999.0
420.2 441.4 490.7 529.4 531.6 521.6 460.8 455.6 473.9 411.7 459.9 476.7 493.0 501.9 473.3 483.6 594.0 574.6 717.2 703.1 561.0 545.1 525.4 495.1 462.8 433.5 357.4 364.3 355.8 358.6 365.8 374.4 338.5 463.0 462.1 407.0 368.8 350.2 338.6 411.2 421.1 425.1 470.0 476.3 502.7 506.2 624.4 712.2 744.2 819.7 848.3 851.7 886.1 959.5 908.0 931.0 1083.7 1029.1 1006.7 1009.2 854.8 905.3 863.7 868.5 869.2 847.6 803.0 806.9 724.3 722.8 812.9 -999.0 -999.0 -999.0 -999.0 -999.0
402.3 420.1 485.5 527.7 555.4 531.1 491.5 455.1 475.1 436.5 487.2 480.6 505.3 515.2 514.1 502.7 506.8 575.2 629.3 667.1 560.1 541.1 569.0 496.0 475.6 470.1 458.5 365.2 386.1 355.1 352.3 350.4 366.5 465.1 444.6 480.7 384.5 426.7 340.9 415.6 399.1 397.5 453.9 461.1 466.2 501.9 623.3 750.0 757.6 805.6 826.1 767.8 780.5 878.1 849.2 981.2 1062.8 1034.6 1017.4 1036.8 1031.0 979.7 945.9 881.2 971.7 879.1 882.3 794.8 730.1 732.4 854.4 -999.0 -999.0 -999.0 -999.0 -999.0
456.7 446.6 486.3 514.9 515.8 526.8 551.9 502.5 459.6 441.0 471.9 497.4 499.9 493.6 504.8 480.7 496.7 502.2 534.9 652.6 586.9 595.4 625.3 540.9 480.2 469.5 450.3 385.5 368.0 361.1 346.0 325.7 356.4 399.9 459.8 459.3 371.8 459.9 344.8 336.3 358.2 375.5 393.9 442.8 456.6 524.8 693.0 665.9 739.9 822.8 699.3 784.6 626.7 810.3 890.4 907.5 1033.9 1056.7 1013.5 1014.8 1036.0 1031.3 1020.7 1039.4 999.6 870.8 877.8 763.7 789.7 673.1 780.9 614.7 -999.0 -999.0 -999.0 -999.0
474.5 475.6 488.8 509.7 517.9 549.9 503.2 503.8 472.0 485.4 480.6 485.1 508.5 506.7 526.6 511.5 494.3 510.3 574.9 658.9 665.6 706.5 606.7 507.1 474.9 476.9 466.8 469.6 407.4 356.8 392.3 309.9 333.2 421.7 420.6 471.6 387.5 367.1 355.0 302.6 293.9 375.5 378.1 399.3 448.5 483.6 564.0 699.6 698.7 656.0 652.9 870.7 860.7 825.4 878.8 902.2 1025.7 1013.8 1015.3 1031.1 1024.9 1000.2 1032.0 1009.3 961.2 845.9 857.7 808.8 776.1 792.3 635.9 701.5 -999.0 -999.0 -999.0 -999.0
379.7 342.4 473.0 519.7 548.9 556.7 515.7 509.0 501.8 479.6 481.4 475.2 517.4 531.7 545.9 546.1 542.9 509.7 601.2 682.1 755.3 726.4 684.5 570.7 498.9 510.2 503.0 479.6 483.9 424.1 361.5 307.3 345.9 389.0 414.4 405.2 392.0 343.7 431.4 348.8 267.7 349.8 359.9 381.6 434.4 442.4 491.3 683.9 661.1 670.3 715.0 913.4 987.1 869.0 993.9 1039.0 1033.2 1022.7 1035.6 1017.9 1030.2 1026.9 1011.7 1008.8 1062.5 1075.2 860.1 862.0 781.4 795.9 793.7 823.6 -999.0 -999.0 -999.0 -999.0
336.8 341.0 391.0 407.2 522.3 564.4 570.5 500.7 498.7 501.5 495.8 484.9 496.7 535.7 551.6 583.8 578.6 505.5 535.5 580.5 590.5 740.4 724.0 613.0 564.0 574.5 555.4 500.2 481.6 425.6 369.5 352.0 289.0 344.4 427.8 373.6 283.8 375.4 484.0 361.3 273.7 349.0 353.9 372.1 439.6 471.9 513.0 658.6 602.6 624.4 773.4 879.2 1008.7 987.6 992.6 1063.5 1017.8 1035.9 1022.4 1027.1 1022.1 1036.4 1018.6 1024.5 1000.0 1007.5 878.6 893.0 867.4 764.7 793.2 872.1 -999.0 -999.0 -999.0 -999.0
223.7 254.9 296.6 350.5 455.5 497.2 519.6 488.6 486.2 470.4 527.3 478.3 542.7 555.1 565.1 599.7 591.7 600.8 556.4 587.7 603.4 586.9 731.4 704.6 642.3 627.1 601.7 564.5 489.9 473.2 363.8 360.3 304.7 290.1 329.3 303.6 261.1 397.9 478.0 347.2 262.7 288.7 365.4 380.2 428.9 440.9 437.8 516.5 493.1 613.8 812.7 889.3 1047.3 1062.4 1004.7 1064.5 1037.2 1029.5 1024.1 1041.4 1033.1 1022.0 1028.5 1036.9 1027.3 1017.6 1033.8 982.4 907.1 864.5 856.7 882.0 898.6 -999.0 -999.0 -999.0
221.7 238.3 265.4 352.4 359.3 362.2 444.8 495.0 511.0 599.9 650.9 490.2 563.1 735.6 733.3 601.4 605.9 614.2 609.1 583.1 588.0 599.8 744.5 733.3 725.3 646.0 635.3 578.3 503.2 482.7 427.9 348.0 393.6 362.3 294.6 285.0 351.4 366.6 350.1 263.0 287.9 297.7 295.6 374.7 405.5 443.2 449.6 438.4 572.7 700.9 804.6 889.9 994.6 1068.6 994.1 1083.7 1030.5 1042.8 1037.7 1032.6 1033.0 1037.8 1032.2 1033.6 1024.0 1019.8 1016.7 1063.2 997.6 905.0 902.3 868.9 876.5 884.9 -999.0 -999.0
197.0 210.3 239.3 284.9 355.6 363.5 436.5 470.8 504.9 611.1 592.2 583.7 622.9 699.2 719.7 766.0 787.0 811.5 791.8 601.7 794.8 771.2 748.1 749.1 734.8 727.5 690.7 610.0 516.2 494.3 501.3 413.6 475.2 464.8 431.0 431.4 349.4 257.2 276.8 253.3 293.6 353.4 343.6 399.8 436.5 434.5 508.1 462.8 568.2 644.2 768.3 799.3 887.7 972.8 1038.0 974.7 1029.4 1054.5 1033.1 1032.6 1042.3 1038.3 1034.9 1025.9 1028.2 1022.3 1019.8 1032.7 1051.7 1038.1 996.9 857.8 827.9 671.9 855.5 -999.0
146.4 196.3 213.4 243.6 273.8 354.5 377.9 462.5 539.4 554.6 544.2 570.1 735.2 776.7 798.3 787.7 833.7 798.9 785.4 781.3 783.2 851.1 845.8 752.0 749.6 753.9 733.5 723.8 686.7 578.6 516.3 497.1 484.1 444.2 454.7 427.1 426.5 315.3 258.7 243.4 289.8 392.1 399.7 399.3 407.1 437.9 458.8 463.9 609.7 624.6 706.8 803.6 862.5 869.7 1059.8 859.8 973.3 912.5 1069.2 1024.0 1025.1 1037.4 1053.3 1025.0 1025.0 1030.7 1023.1 1020.9 1005.0 1006.1 926.4 871.2 857.3 699.9 791.4 813.6
143.8 176.9 207.2 249.5 292.8 348.4 370.8 515.3 535.8 549.3 552.6 574.5 768.8 812.2 792.8 750.2 795.5 702.9 821.5 815.8 839.0 862.9 786.4 836.9 819.1 840.8 808.7 842.5 718.0 687.5 579.7 565.4 476.5 457.5 448.3 476.3 451.7 427.7 332.6 242.8 292.0 281.0 424.1 428.4 395.2 368.2 367.7 432.1 585.5 534.5 689.7 777.3 861.9 849.9 970.0 763.0 850.2 1033.0 1036.1 1034.0 1026.4 1038.0 1024.7 1072.2 916.2 1055.6 1052.6 1085.8 1030.9 1082.3 1023.0 903.4 843.9 769.0 768.3 738.0
140.7 164.3 185.3 239.5 308.7 361.9 372.6 469.8 614.5 562.4 701.7 745.4 742.1 779.4 791.4 784.5 784.5 816.6 795.5 850.1 877.8 894.4 955.5 983.1 924.0 918.9 986.6 1002.4 845.1 770.5 629.8 578.0 506.5 536.7 501.9 493.3 441.5 410.4 306.9 253.0 267.6 360.4 362.6 346.9 402.1 343.6 353.0 379.6 451.6 540.0 650.3 778.5 779.4 811.1 819.2 771.2 868.4 987.7 922.4 1062.3 1044.7 1030.5 1038.9 1031.8 1020.1 895.9 882.6 1043.0 1009.7 880.5 892.1 960.6 863.9 842.5 788.9 715.6
137.6 166.8 190.1 218.9 254.5 318.9 366.9 471.3 565.2 644.9 720.8 738.1 750.8 779.3 786.7 824.5 872.4 898.9 876.3 977.5 982.9 1006.4 1000.8 990.1 993.2 1020.9 996.6 971.4 877.4 848.8 699.6 543.8 583.1 580.6 529.4 490.9 494.4 446.7 306.9 250.0 394.4 272.4 277.5 322.9 334.4 350.7 385.8 404.8 427.2 479.7 618.1 676.4 629.3 776.7 768.0 671.2 873.0 863.4 863.1 880.4 1062.2 1023.8 1034.2 1037.2 1042.5 1032.7 789.7 823.0 900.8 852.6 893.6 908.7 893.2 821.4 738.7 784.5
124.4 147.3 199.8 252.0 265.7 337.5 371.0 402.5 584.5 640.2 699.2 740.9 751.0 791.3 813.9 800.9 794.7 881.8 841.9 929.0 994.2 981.5 994.5 971.9 993.8 970.2 958.8 833.3 842.7 752.6 695.2 654.0 616.8 584.6 546.2 512.6 499.5 444.5 290.1 285.2 259.2 249.0 250.4 273.9 242.5 323.1 336.2 334.7 434.8 462.3 581.8 649.2 592.5 621.3 743.0 622.2 780.9 861.8 804.0 782.2 1067.5 1042.0 1075.6 1006.5 1052.2 1063.8 999.0 839.7 823.0 832.3 855.2 862.5 867.2 848.7 758.7 723.6
