GSP_annual_reports_SRP_2024_v3/GIS/SRP_2023_Fall_Shallow.tif
NCOLS 191
NROWS  209
XLLCORNER 6295515.91401
YLLCORNER 1783415.49397
CELLSIZE 1000.0
NODATA_VALUE -999
[rows 165 to 197 of 209, columns 76 to 151 of 191]
-999.0 -999.0 -999.0 -999.0 -999.0 -999.0 -999.0 226.6 229.1 114.8 249.5 306.2 438.1 357.9 345.0 341.4 323.6 326.8 313.7 340.1 164.3 171.4 355.9 365.0 148.4 129.2 131.1 131.1 131.1 131.1 131.1 131.1 131.1 131.1 131.1 131.1 129.3 131.1 129.3 148.7 162.3 147.2 218.7 171.5 189.2 215.6 271.6 479.4 514.1 488.6 467.7 312.3 283.3 215.0 149.4 150.6 207.0 308.5 295.7 291.4 282.4 279.9 130.7 132.0 133.9 133.7 133.9 135.1 137.9 136.3 138.4 138.8 138.8 138.8 138.6 138.6
-999.0 -999.0 -999.0 -999.0 -999.0 -999.0 -999.0 -999.0 245.2 239.3 135.4 181.2 288.5 279.2 461.6 458.2 407.9 481.0 448.2 342.4 157.3 170.2 370.3 201.2 137.1 131.0 130.7 129.2 131.1 131.1 131.0 131.1 131.1 131.2 131.1 131.1 131.1 131.1 135.2 131.1 155.3 150.2 158.3 192.9 203.0 266.8 328.2 335.3 504.6 498.0 490.0 450.1 287.0 216.2 157.9 139.3 136.5 161.7 134.9 127.6 289.7 129.8 131.0 132.4 132.2 133.8 131.9 135.1 138.5 138.7 138.6 138.7 138.7 138.7 138.8 138.7
-999.0 -999.0 -999.0 -999.0 -999.0 -999.0 -999.0 -999.0 237.8 280.6 287.3 288.0 193.1 210.3 249.5 433.8 475.4 484.4 399.2 352.6 316.5 147.3 137.0 131.0 131.0 131.1 144.9 129.7 131.1 131.1 131.1 131.1 131.1 131.2 131.1 131.1 131.1 129.3 130.4 140.6 131.0 147.9 150.1 158.3 171.5 213.3 222.4 326.5 382.2 500.4 487.5 493.8 392.4 241.8 282.6 216.2 149.1 126.7 124.9 125.9 128.7 134.1 130.7 132.5 134.7 133.7 134.0 132.6 138.8 138.7 138.7 139.0 138.8 138.6 138.7 138.5
-999.0 -999.0 -999.0 -999.0 -999.0 -999.0 -999.0 -999.0 -999.0 291.5 408.7 330.2 328.5 335.1 390.1 311.9 332.8 455.0 435.1 348.0 356.0 318.2 137.7 131.1 131.1 131.1 135.9 146.1 131.1 131.0 131.1 131.0 131.1 131.1 131.1 131.1 131.1 129.3 131.0 131.1 139.7 137.9 139.6 146.5 169.1 176.7 247.5 270.8 282.1 381.0 322.9 375.5 316.7 289.9 297.9 281.0 217.1 167.7 126.6 125.7 129.7 130.8 130.0 132.2 134.5 133.8 134.1 135.1 138.4 138.8 138.8 138.8 138.7 138.8 138.7 138.6
-999.0 -999.0 -999.0 -999.0 -999.0 -999.0 -999.0 -999.0 -999.0 -999.0 423.4 319.6 341.4 501.1 488.3 495.2 522.2 529.5 477.6 479.7 485.3 370.6 343.0 311.4 312.9 310.2 313.7 150.0 148.6 131.0 129.3 131.1 131.1 131.1 131.1 131.1 131.1 131.1 131.1 131.0 131.0 131.1 131.0 132.4 144.8 186.3 216.4 206.5 262.1 284.9 319.3 327.0 313.3 289.7 283.3 341.7 317.2 166.3 129.7 127.0 129.2 131.0 131.4 132.4 134.0 133.8 134.0 135.3 138.8 138.8 138.4 138.7 138.8 138.4 139.0 138.8
-999.0 -999.0 -999.0 -999.0 -999.0 -999.0 -999.0 -999.0 -999.0 -999.0 -999.0 330.5 351.3 507.8 572.5 792.6 732.3 661.1 521.5 499.2 487.6 508.1 401.5 334.9 315.3 323.9 133.6 139.4 144.1 131.1 131.1 131.1 131.1 131.1 129.2 131.0 131.1 131.1 131.1 131.1 131.3 131.0 131.1 131.1 131.1 132.2 180.2 194.3 206.7 217.1 270.2 271.4 238.4 281.4 296.4 302.6 337.5 314.5 139.1 125.9 128.3 130.9 131.4 132.3 134.2 133.8 134.0 135.1 138.4 138.6 138.8 139.0 138.7 138.6 138.7 138.8
-999.0 -999.0 -999.0 -999.0 -999.0 -999.0 -999.0 -999.0 -999.0 -999.0 -999.0 -999.0 -999.0 476.7 533.6 782.8 791.5 783.2 679.0 583.6 505.3 449.4 432.1 487.1 386.3 313.0 313.9 131.1 129.2 129.3 131.1 131.1 131.1 131.1 131.1 131.1 131.1 131.1 131.1 131.1 131.1 129.3 131.1 131.1 129.3 129.7 146.9 166.3 212.4 216.6 266.3 212.5 246.0 267.5 293.8 318.2 382.8 343.9 165.6 127.2 127.1 131.1 131.4 132.3 134.3 133.8 134.0 135.0 138.8 138.4 138.7 138.8 138.7 138.8 136.3 138.6
-999.0 -999.0 -999.0 -999.0 -999.0 -999.0 -999.0 -999.0 -999.0 -999.0 -999.0 -999.0 -999.0 -999.0 -999.0 713.1 790.3 757.4 802.6 746.0 696.0 518.7 366.1 359.1 392.0 325.2 313.0 131.0 130.4 131.1 129.3 131.1 131.1 131.1 131.2 131.1 131.1 131.1 131.1 131.1 131.1 131.1 131.2 131.1 131.2 129.9 131.1 149.4 164.8 216.5 255.6 201.9 220.8 246.7 242.3 268.7 464.0 473.7 329.9 130.3 127.0 130.9 131.4 132.3 134.3 133.8 134.0 135.0 138.8 138.6 138.7 138.8 138.8 138.8 136.3 136.3
-999.0 -999.0 -999.0 -999.0 -999.0 -999.0 -999.0 -999.0 -999.0 -999.0 -999.0 -999.0 -999.0 -999.0 -999.0 -999.0 -999.0 -999.0 -999.0 -999.0 787.9 502.6 474.9 372.4 351.9 158.0 139.0 129.3 131.1 131.2 131.1 131.2 131.1 131.1 131.1 131.1 131.1 131.1 131.1 131.1 131.1 131.1 131.1 131.1 131.1 131.1 129.2 131.2 148.4 215.8 213.3 178.2 211.2 188.8 171.8 248.2 456.4 554.1 467.6 323.5 174.3 130.9 132.1 131.5 134.0 133.8 134.1 135.1 138.8 138.8 138.7 138.6 136.3 138.7 138.8 138.8
-999.0 -999.0 -999.0 -999.0 -999.0 -999.0 -999.0 -999.0 -999.0 -999.0 -999.0 -999.0 -999.0 -999.0 -999.0 -999.0 -999.0 -999.0 -999.0 -999.0 731.8 737.0 610.4 458.0 357.5 337.2 317.7 129.3 131.1 131.1 131.1 131.1 131.0 131.0 131.1 131.1 131.1 131.1 131.1 131.1 131.1 131.1 129.3 131.3 131.1 131.0 129.4 129.2 126.3 153.0 180.7 173.2 200.6 151.3 202.5 279.2 301.2 477.2 473.5 257.9 177.8 130.3 131.6 133.5 133.8 133.4 134.1 135.1 138.7 138.8 138.8 138.7 139.1 138.8 138.8 138.6
-999.0 -999.0 -999.0 -999.0 -999.0 -999.0 -999.0 -999.0 -999.0 -999.0 -999.0 -999.0 -999.0 -999.0 -999.0 -999.0 -999.0 -999.0 -999.0 -999.0 -999.0 722.4 526.3 568.6 406.0 379.5 330.3 131.0 131.1 131.0 131.2 131.1 131.1 131.1 131.1 131.1 131.1 131.1 131.1 131.0 131.1 131.1 131.1 131.1 131.1 131.1 129.7 129.1 128.5 125.7 125.6 158.3 157.2 143.1 153.9 214.0 271.0 258.3 413.6 241.5 136.1 130.2 132.0 131.9 134.1 133.8 133.9 135.1 138.6 138.8 138.8 138.8 138.8 138.8 136.3 138.8
-999.0 -999.0 -999.0 -999.0 -999.0 -999.0 -999.0 -999.0 -999.0 -999.0 -999.0 -999.0 -999.0 -999.0 -999.0 -999.0 -999.0 -999.0 -999.0 -999.0 -999.0 794.5 783.5 630.2 533.9 503.8 360.7 129.2 131.2 131.1 131.0 131.1 131.1 131.2 129.1 131.1 131.1 131.1 131.1 131.2 129.3 131.1 131.1 131.0 131.1 131.1 131.1 129.2 129.3 127.1 125.4 130.6 132.7 128.7 134.8 157.4 178.4 175.8 170.3 171.0 201.8 167.2 130.1 129.5 131.5 133.7 134.0 135.6 138.8 138.8 138.7 138.7 138.7 138.4 138.8 138.8
-999.0 -999.0 -999.0 -999.0 -999.0 -999.0 -999.0 -999.0 -999.0 -999.0 -999.0 -999.0 -999.0 -999.0 -999.0 -999.0 -999.0 -999.0 -999.0 -999.0 -999.0 -999.0 775.4 602.9 685.4 524.0 285.4 153.6 131.1 131.1 131.2 131.1 131.1 131.2 131.1 131.1 131.1 131.1 129.2 131.0 131.1 131.1 131.1 131.1 131.1 131.1 131.1 129.6 129.2 127.2 126.7 125.5 125.4 126.2 130.9 132.8 139.8 139.8 140.4 169.6 166.9 138.0 131.8 131.8 133.8 131.3 134.3 135.5 138.7 138.8 138.7 138.8 138.8 138.8 138.8 138.5
-999.0 -999.0 -999.0 -999.0 -999.0 -999.0 -999.0 -999.0 -999.0 -999.0 -999.0 -999.0 -999.0 -999.0 -999.0 -999.0 -999.0 -999.0 -999.0 -999.0 -999.0 -999.0 -999.0 518.0 450.0 429.5 269.5 135.9 131.1 131.1 131.2 129.1 131.1 131.1 131.1 129.3 129.2 129.3 131.1 131.1 131.1 131.1 131.1 131.1 131.1 131.1 131.1 129.5 129.1 127.6 126.7 124.0 125.4 126.6 129.9 130.7 130.6 129.5 128.5 129.3 134.0 148.1 131.7 131.7 134.1 133.8 134.5 135.6 139.0 138.8 138.8 138.4 139.0 138.8 138.8 138.5
-999.0 -999.0 -999.0 -999.0 -999.0 -999.0 -999.0 -999.0 -999.0 -999.0 -999.0 -999.0 -999.0 -999.0 -999.0 -999.0 -999.0 -999.0 -999.0 -999.0 -999.0 -999.0 -999.0 525.5 364.0 269.9 171.5 129.2 129.3 131.1 131.1 129.3 131.1 131.1 131.1 131.1 129.2 131.1 131.1 131.1 131.1 131.1 131.1 131.1 131.1 129.3 131.1 129.8 129.1 128.5 126.7 125.5 125.5 125.8 129.9 132.5 132.0 127.5 130.6 125.2 127.1 138.0 131.6 131.9 134.2 133.8 134.6 137.7 138.7 138.8 138.8 138.8 138.6 138.4 138.8 138.8
-999.0 -999.0 -999.0 -999.0 -999.0 -999.0 -999.0 -999.0 -999.0 -999.0 -999.0 -999.0 -999.0 -999.0 -999.0 -999.0 -999.0 -999.0 -999.0 -999.0 -999.0 -999.0 -999.0 -999.0 361.6 260.6 223.4 131.0 129.3 137.3 129.3 129.2 129.3 131.1 131.1 131.1 131.1 131.1 131.0 131.1 131.1 131.1 131.1 131.1 131.1 131.1 131.1 129.7 129.1 128.5 127.1 125.4 125.4 126.2 132.3 132.6 130.1 130.5 129.7 127.3 128.3 130.3 131.1 132.1 134.2 133.9 134.6 137.7 138.7 138.8 138.8 136.5 138.8 138.8 138.5 138.8
-999.0 -999.0 -999.0 -999.0 -999.0 -999.0 -999.0 -999.0 -999.0 -999.0 -999.0 -999.0 -999.0 -999.0 -999.0 -999.0 -999.0 -999.0 -999.0 -999.0 -999.0 -999.0 -999.0 -999.0 -999.0 -999.0 174.6 131.0 131.1 131.1 131.1 131.1 129.2 312.5 131.1 131.1 131.1 131.1 131.0 131.3 131.1 131.1 131.1 131.1 131.2 131.2 131.1 129.8 129.1 128.5 127.1 125.6 125.5 126.2 132.8 133.2 129.9 130.5 129.5 128.9 126.3 130.5 131.0 132.2 134.9 133.6 134.3 138.7 138.7 138.8 138.8 138.8 138.8 138.8 138.8 138.6
-999.0 -999.0 -999.0 -999.0 -999.0 -999.0 -999.0 -999.0 -999.0 -999.0 -999.0 -999.0 -999.0 -999.0 -999.0 -999.0 -999.0 -999.0 -999.0 -999.0 -999.0 -999.0 -999.0 -999.0 -999.0 -999.0 -999.0 -999.0 131.1 131.1 131.0 131.1 316.1 319.0 313.5 317.6 131.1 131.1 131.1 131.0 131.1 129.1 129.3 131.0 131.3 131.1 131.1 129.4 129.1 126.6 127.1 125.5 125.6 129.8 132.8 131.6 131.9 129.7 129.1 128.2 127.9 130.7 131.1 132.3 133.7 133.7 135.1 138.7 138.8 138.5 138.8 138.8 138.8 138.7 138.8 138.8
-999.0 -999.0 -999.0 -999.0 -999.0 -999.0 -999.0 -999.0 -999.0 -999.0 -999.0 -999.0 -999.0 -999.0 -999.0 -999.0 -999.0 -999.0 -999.0 -999.0 -999.0 -999.0 -999.0 -999.0 -999.0 -999.0 -999.0 -999.0 -999.0 131.1 131.1 335.2 314.6 315.7 351.0 334.2 323.1 137.3 131.1 131.1 131.1 131.1 131.1 130.4 131.1 131.1 131.0 127.6 129.2 128.2 125.3 125.4 125.5 129.9 133.0 132.3 132.8 129.5 126.8 126.7 128.3 131.2 131.7 132.3 134.5 133.7 135.1 138.8 139.1 138.8 138.8 138.8 138.8 138.8 138.8 138.8
-999.0 -999.0 -999.0 -999.0 -999.0 -999.0 -999.0 -999.0 -999.0 -999.0 -999.0 -999.0 -999.0 -999.0 -999.0 -999.0 -999.0 -999.0 -999.0 -999.0 -999.0 -999.0 -999.0 -999.0 -999.0 -999.0 -999.0 -999.0 -999.0 -999.0 129.3 314.0 375.9 314.9 324.6 346.9 320.9 328.6 131.1 316.7 131.0 131.1 131.1 131.1 129.2 131.1 131.1 127.7 129.2 127.2 126.8 125.6 126.8 132.8 133.1 132.2 131.1 130.1 127.3 127.5 129.2 131.7 130.0 132.1 133.3 133.6 135.1 138.8 138.8 138.8 138.8 138.8 138.8 138.8 138.8 138.8
-999.0 -999.0 -999.0 -999.0 -999.0 -999.0 -999.0 -999.0 -999.0 -999.0 -999.0 -999.0 -999.0 -999.0 -999.0 -999.0 -999.0 -999.0 -999.0 -999.0 -999.0 -999.0 -999.0 -999.0 -999.0 -999.0 -999.0 -999.0 -999.0 -999.0 -999.0 -999.0 321.9 312.7 330.3 339.1 344.5 330.3 316.8 316.7 316.7 131.1 131.1 131.1 129.1 131.1 131.1 129.2 128.5 127.1 126.7 125.5 129.6 132.8 131.8 134.0 131.2 130.1 128.4 127.0 130.5 131.1 130.9 134.0 133.3 134.0 135.1 138.8 138.8 138.8 138.8 138.8 138.8 138.8 138.8 138.8
-999.0 -999.0 -999.0 -999.0 -999.0 -999.0 -999.0 -999.0 -999.0 -999.0 -999.0 -999.0 -999.0 -999.0 -999.0 -999.0 -999.0 -999.0 -999.0 -999.0 -999.0 -999.0 -999.0 -999.0 -999.0 -999.0 -999.0 -999.0 -999.0 -999.0 -999.0 -999.0 -999.0 308.4 319.4 362.0 356.7 360.4 322.8 349.2 320.6 131.1 131.1 131.1 131.1 131.1 128.9 129.3 129.1 127.1 125.5 126.2 132.5 133.4 132.0 134.0 131.3 129.5 128.7 127.8 130.2 131.7 130.8 134.3 133.5 134.1 135.0 138.8 138.8 138.8 138.8 138.8 138.8 138.8 138.8 138.8
-999.0 -999.0 -999.0 -999.0 -999.0 -999.0 -999.0 -999.0 -999.0 -999.0 -999.0 -999.0 -999.0 -999.0 -999.0 -999.0 -999.0 -999.0 -999.0 -999.0 -999.0 -999.0 -999.0 -999.0 -999.0 -999.0 -999.0 -999.0 -999.0 -999.0 -999.0 -999.0 -999.0 324.7 346.2 325.9 361.9 352.5 351.3 334.7 345.5 319.1 131.1 131.1 131.1 131.1 130.8 131.7 128.1 127.1 125.5 129.6 133.1 130.5 132.1 132.8 130.6 129.8 127.2 127.2 130.3 131.5 131.8 134.1 133.5 134.1 135.1 138.8 138.8 138.8 138.8 138.8 138.8 138.8 138.8 138.8
-999.0 -999.0 -999.0 -999.0 -999.0 -999.0 -999.0 -999.0 -999.0 -999.0 -999.0 -999.0 -999.0 -999.0 -999.0 -999.0 -999.0 -999.0 -999.0 -999.0 -999.0 -999.0 -999.0 -999.0 -999.0 -999.0 -999.0 -999.0 -999.0 -999.0 -999.0 -999.0 -999.0 346.9 131.0 327.3 208.3 345.0 318.0 321.0 348.4 350.3 309.8 309.8 130.4 131.1 129.1 128.8 128.1 126.7 125.5 129.6 132.9 132.6 133.8 132.2 129.6 130.1 127.9 126.6 130.7 131.9 131.8 134.1 133.8 134.1 135.1 138.8 138.8 138.8 138.8 138.8 138.8 138.8 138.8 138.8
-999.0 -999.0 -999.0 -999.0 -999.0 -999.0 -999.0 -999.0 -999.0 -999.0 -999.0 -999.0 -999.0 -999.0 -999.0 -999.0 -999.0 -999.0 -999.0 -999.0 -999.0 -999.0 -999.0 -999.0 -999.0 -999.0 -999.0 -999.0 -999.0 -999.0 -999.0 -999.0 -999.0 366.6 141.6 131.3 129.3 133.6 161.2 367.1 356.9 319.9 345.6 326.9 311.7 130.9 129.2 129.1 127.2 126.7 126.2 132.9 133.0 131.6 134.0 132.3 129.0 129.3 127.1 127.1 130.7 131.3 132.2 134.0 133.8 134.1 135.1 138.8 138.8 138.8 138.8 138.8 138.8 138.8 138.8 138.8
-999.0 -999.0 -999.0 -999.0 -999.0 -999.0 -999.0 -999.0 -999.0 -999.0 -999.0 -999.0 -999.0 -999.0 -999.0 -999.0 -999.0 -999.0 -999.0 -999.0 -999.0 -999.0 -999.0 -999.0 -999.0 -999.0 -999.0 -999.0 -999.0 -999.0 -999.0 -999.0 -999.0 -999.0 317.3 131.1 131.1 129.3 167.9 359.7 326.2 326.8 309.0 324.8 307.4 311.7 324.2 129.1 127.1 125.4 129.6 132.9 133.5 131.6 134.1 131.6 129.4 128.0 127.3 128.0 130.7 131.3 132.4 134.3 133.8 134.1 135.1 138.8 138.8 138.8 138.8 138.8 138.8 138.8 138.8 138.8
-999.0 -999.0 -999.0 -999.0 -999.0 -999.0 -999.0 -999.0 -999.0 -999.0 -999.0 -999.0 -999.0 -999.0 -999.0 -999.0 -999.0 -999.0 -999.0 -999.0 -999.0 -999.0 -999.0 -999.0 -999.0 -999.0 -999.0 -999.0 -999.0 -999.0 -999.0 -999.0 -999.0 -999.0 316.8 317.3 131.1 131.1 131.1 135.9 131.1 315.2 309.0 306.9 313.0 317.8 316.0 128.2 127.1 125.5 129.6 132.9 131.7 131.9 133.2 131.2 131.2 127.9 127.9 128.0 130.7 131.3 132.4 134.3 133.8 134.1 135.1 138.8 138.8 138.8 138.8 138.8 138.8 138.8 138.8 138.8
-999.0 -999.0 -999.0 -999.0 -999.0 -999.0 -999.0 -999.0 -999.0 -999.0 -999.0 -999.0 -999.0 -999.0 -999.0 -999.0 -999.0 -999.0 -999.0 -999.0 -999.0 -999.0 -999.0 -999.0 -999.0 -999.0 -999.0 -999.0 -999.0 -999.0 -999.0 -999.0 -999.0 -999.0 -999.0 320.4 129.3 131.1 131.1 131.1 129.3 131.1 131.1 135.9 328.5 313.0 304.2 133.4 131.3 126.3 132.5 133.0 132.2 133.7 132.8 130.8 130.4 126.2 128.2 128.5 130.9 131.3 132.4 134.3 133.8 134.6 135.1 138.8 138.8 138.8 138.8 138.8 138.8 138.8 138.8 138.8
-999.0 -999.0 -999.0 -999.0 -999.0 -999.0 -999.0 -999.0 -999.0 -999.0 -999.0 -999.0 -999.0 -999.0 -999.0 -999.0 -999.0 -999.0 -999.0 -999.0 -999.0 -999.0 -999.0 -999.0 -999.0 -999.0 -999.0 -999.0 -999.0 -999.0 -999.0 -999.0 -999.0 -999.0 -999.0 345.8 131.1 131.1 131.1 131.1 131.1 131.1 131.1 128.9 306.6 310.4 135.1 129.6 132.0 129.8 132.8 133.0 131.9 133.8 132.8 129.7 129.7 126.7 127.6 128.8 131.4 131.3 132.4 134.3 133.8 134.1 135.1 138.8 138.8 138.8 138.8 138.8 138.8 138.8 138.8 138.8
-999.0 -999.0 -999.0 -999.0 -999.0 -999.0 -999.0 -999.0 -999.0 -999.0 -999.0 -999.0 -999.0 -999.0 -999.0 -999.0 -999.0 -999.0 -999.0 -999.0 -999.0 -999.0 -999.0 -999.0 -999.0 -999.0 -999.0 -999.0 -999.0 -999.0 -999.0 -999.0 -999.0 -999.0 -999.0 -999.0 312.0 131.3 131.1 131.1 131.1 131.1 131.1 130.5 134.5 129.1 129.1 127.1 126.2 129.9 133.0 130.5 131.9 133.8 133.1 129.6 130.1 127.1 127.6 129.4 131.4 131.3 132.4 134.3 133.8 134.1 135.1 138.8 138.8 138.8 138.8 138.8 138.8 138.8 138.8 138.8
-999.0 -999.0 -999.0 -999.0 -999.0 -999.0 -999.0 -999.0 -999.0 -999.0 -999.0 -999.0 -999.0 -999.0 -999.0 -999.0 -999.0 -999.0 -999.0 -999.0 -999.0 -999.0 -999.0 -999.0 -999.0 -999.0 -999.0 -999.0 -999.0 -999.0 -999.0 -999.0 -999.0 -999.0 -999.0 -999.0 -999.0 131.0 131.1 131.1 131.1 129.3 130.5 130.5 129.1 129.1 128.1 126.7 129.6 132.9 133.1 132.2 132.6 133.2 132.9 129.6 130.4 127.6 127.6 129.4 131.4 131.3 132.4 134.3 133.8 134.1 135.1 138.8 138.8 138.8 138.8 138.8 138.8 138.8 138.8 138.8
-999.0 -999.0 -999.0 -999.0 -999.0 -999.0 -999.0 -999.0 -999.0 -999.0 -999.0 -999.0 -999.0 -999.0 -999.0 -999.0 -999.0 -999.0 -999.0 -999.0 -999.0 -999.0 -999.0 -999.0 -999.0 -999.0 -999.0 -999.0 -999.0 -999.0 -999.0 -999.0 -999.0 -999.0 -999.0 -999.0 -999.0 131.1 131.0 131.1 131.1 128.9 130.5 130.1 129.1 129.1 128.1 127.5 129.9 132.9 133.0 132.0 133.6 133.3 131.8 129.6 130.7 127.7 127.9 130.1 131.6 131.3 132.4 134.3 133.8 134.1 135.1 138.8 138.8 138.8 138.8 138.8 138.8 138.8 138.8 138.8
-999.0 -999.0 -999.0 -999.0 -999.0 -999.0 -999.0 -999.0 -999.0 -999.0 -999.0 -999.0 -999.0 -999.0 -999.0 -999.0 -999.0 -999.0 -999.0 -999.0 -999.0 -999.0 -999.0 -999.0 -999.0 -999.0 -999.0 -999.0 -999.0 -999.0 -999.0 -999.0 -999.0 -999.0 -999.0 -999.0 -999.0 -999.0 -999.0 131.1 131.1 130.5 130.5 129.1 129.0 129.1 127.1 130.9 132.9 131.1 131.7 132.0 133.6 133.2 131.1 129.3 130.5 127.7 127.9 130.1 131.6 131.1 132.4 134.3 133.8 134.1 135.1 138.8 138.8 138.8 138.8 138.8 138.8 138.8 138.8 138.8
