GSP_annual_reports_SRP_2024_v3/GIS/SRP_2023_Fall_Shallow.tif
NCOLS 191
NROWS  209
XLLCORNER 6295515.91401
YLLCORNER 1783415.49397
CELLSIZE 1000.0
NODATA_VALUE -999
[rows 99 to 131 of 209, columns 76 to 151 of 191]
181.3 191.1 199.6 238.9 316.8 377.3 384.1 475.0 614.6 565.2 700.6 747.1 743.4 786.1 798.7 790.6 791.3 821.0 799.4 853.3 881.9 898.0 961.6 992.3 925.9 922.8 993.8 1006.9 848.6 780.3 636.8 587.6 513.1 545.1 507.9 503.2 451.2 421.7 318.2 264.7 275.9 365.8 368.2 354.6 410.2 349.9 362.8 388.2 460.0 549.6 654.3 785.0 784.4 816.0 824.7 776.9 872.9 992.7 924.9 1069.0 1050.9 1038.8 1046.3 1041.9 1027.6 897.7 886.0 1054.1 1014.2 884.2 892.3 960.9 868.9 853.4 796.4 719.3
177.4 193.0 201.0 223.3 258.1 330.3 382.5 477.0 567.1 642.6 719.1 739.2 753.0 785.3 792.1 829.9 876.2 905.5 879.7 987.0 998.1 1014.6 1012.9 1001.4 1003.5 1032.1 1008.5 978.6 879.8 854.1 705.7 551.8 593.0 590.8 537.2 496.7 500.6 455.6 319.1 263.5 400.8 284.2 289.7 331.5 341.9 359.4 395.1 413.3 435.0 486.7 622.1 680.1 633.2 781.8 774.0 674.9 877.6 867.8 868.5 884.4 1069.0 1034.7 1042.8 1044.4 1052.2 1038.1 795.9 828.8 905.5 858.3 899.3 910.6 899.6 830.5 747.4 791.9
163.8 184.5 208.5 255.1 268.4 351.3 387.7 407.5 585.7 638.7 697.0 739.7 751.7 792.8 820.4 809.1 801.1 886.6 847.3 934.8 1006.8 998.1 1006.1 986.6 1003.8 979.8 967.0 837.5 853.4 756.1 700.0 659.9 624.1 593.9 554.9 519.5 506.7 452.6 303.4 301.1 270.5 262.7 263.6 282.2 258.7 332.7 342.6 344.3 443.0 467.9 588.9 654.0 596.3 625.6 749.9 626.8 787.4 867.6 809.4 787.8 1074.7 1050.1 1083.9 1011.6 1058.7 1070.1 1002.8 845.9 830.3 841.5 861.3 869.2 873.6 859.7 763.5 727.8
161.1 158.7 212.4 249.0 272.7 365.3 384.9 409.9 585.5 672.4 684.2 724.4 777.5 812.5 836.3 799.4 818.8 881.0 854.8 896.5 1028.5 1006.7 995.6 986.3 990.1 1005.3 998.0 895.4 814.9 706.1 714.2 735.4 705.7 627.4 538.5 513.5 459.9 453.6 365.3 291.0 241.9 247.3 251.7 270.9 258.2 258.1 343.6 336.8 331.7 458.3 519.6 471.0 505.4 664.3 650.1 634.3 647.9 749.9 783.2 760.1 894.7 887.3 936.8 857.6 912.0 907.1 1004.1 824.1 800.9 753.7 750.3 808.1 853.9 804.2 786.1 755.8
163.7 164.4 193.3 265.3 259.1 298.7 376.4 404.8 421.8 494.4 656.9 697.6 798.5 744.4 830.7 821.2 800.1 841.8 869.8 935.4 995.9 1007.2 1009.0 986.3 990.1 991.7 1007.9 1031.2 849.9 771.2 843.2 831.3 729.4 660.1 566.6 494.3 502.3 493.1 423.5 360.0 277.3 263.3 255.2 231.6 255.9 268.9 243.6 319.9 341.0 388.0 469.0 598.4 648.0 663.2 643.3 569.5 640.6 642.1 702.3 677.8 791.8 813.9 945.2 811.8 868.6 950.8 880.0 894.1 819.6 738.1 771.3 780.7 767.8 783.7 787.0 688.1
174.9 220.5 235.8 221.3 277.3 294.4 332.2 403.1 531.1 634.5 694.2 700.8 761.3 845.3 826.4 832.2 819.0 829.0 928.0 935.3 954.8 995.1 1015.2 990.4 990.0 997.7 995.9 979.2 835.7 843.0 838.8 773.3 738.2 716.3 681.0 627.6 499.4 503.0 429.9 369.2 365.6 270.9 277.1 237.9 236.4 248.0 221.3 233.0 331.0 412.7 489.5 475.3 569.8 646.3 488.4 552.2 599.1 695.4 643.0 669.6 642.1 765.8 830.7 730.1 819.6 875.4 805.1 971.5 843.8 728.5 751.1 742.6 721.6 720.2 687.2 536.3
180.5 208.0 233.7 287.8 246.1 299.2 329.9 406.1 432.5 600.3 708.0 734.7 781.1 818.9 782.2 799.5 800.9 816.3 839.7 879.4 1019.0 1006.4 1003.1 989.5 989.1 990.0 1002.9 984.0 951.0 969.1 928.3 819.7 725.7 718.1 722.7 691.2 616.5 525.9 426.0 384.7 347.0 366.2 274.6 227.3 217.4 228.0 229.7 245.4 327.4 361.1 369.4 357.5 473.7 491.6 480.1 653.5 669.9 682.7 683.3 648.8 647.8 668.9 631.6 639.8 774.5 779.7 753.3 891.0 810.5 712.7 741.4 769.0 732.6 716.4 709.0 737.2
180.8 199.6 208.9 221.2 291.2 261.3 304.3 410.9 426.2 443.0 584.3 687.2 752.1 820.4 819.2 793.2 825.7 829.3 818.3 849.9 995.5 1012.3 1002.4 992.5 991.7 990.0 991.4 1007.0 986.5 1021.2 1020.4 962.3 832.9 733.2 714.1 705.6 579.1 541.0 491.2 396.1 305.0 272.1 278.5 219.2 204.5 212.3 209.4 234.0 320.4 329.6 424.9 496.0 492.4 580.8 563.7 593.8 670.5 676.7 652.7 630.9 651.5 613.9 654.6 651.4 699.0 661.9 767.9 695.7 782.4 806.8 868.3 755.2 762.2 646.0 717.0 767.6
177.4 192.0 211.3 233.7 248.0 256.0 290.9 312.1 393.0 439.2 445.0 590.3 704.0 782.8 799.4 795.8 831.2 830.5 847.7 911.3 1045.5 1008.9 1003.4 994.0 993.2 990.0 998.2 990.8 996.9 999.9 1021.7 934.8 845.2 756.7 731.5 698.0 616.0 488.9 511.9 363.6 350.5 275.6 249.9 233.9 233.9 212.4 208.1 219.3 241.9 340.9 446.5 485.2 505.7 560.2 548.0 625.0 667.9 666.1 738.8 664.1 563.5 592.4 665.7 656.9 636.1 754.0 657.8 651.3 808.7 823.8 864.2 828.7 754.3 845.2 809.0 794.9
174.6 187.5 207.6 232.7 247.0 265.6 313.8 314.9 385.9 417.1 443.6 534.2 658.9 699.7 733.5 760.4 783.2 805.3 943.5 949.2 1048.6 1006.9 1006.9 994.5 991.5 990.0 991.4 990.8 1012.3 992.1 1009.7 1019.7 1006.1 846.5 804.2 682.5 622.4 523.8 467.2 392.4 345.4 350.4 283.3 249.5 207.2 189.0 203.5 210.5 210.0 258.6 332.4 445.8 458.5 485.7 542.6 655.3 669.2 641.0 724.7 643.0 552.2 571.9 649.5 624.0 654.1 680.6 731.6 659.7 801.0 898.0 817.0 893.7 812.3 846.3 858.9 846.5
172.1 207.0 227.2 271.5 304.8 297.5 379.3 391.6 388.6 417.4 452.1 481.2 694.7 719.5 787.0 784.1 821.1 798.5 868.6 991.1 1004.4 1011.7 1001.6 999.2 991.5 990.0 991.4 998.2 1042.9 1015.2 1021.7 1012.3 1014.0 925.0 832.1 776.4 675.1 572.8 472.6 447.8 368.3 335.6 283.1 259.4 245.0 186.5 194.6 193.8 206.6 216.0 264.8 394.0 409.5 521.1 519.8 565.4 669.2 679.6 661.4 582.0 650.6 581.5 598.5 599.8 670.5 649.7 644.4 636.1 788.9 834.0 767.0 913.2 830.4 839.3 793.3 836.9
188.7 200.9 276.9 295.4 311.6 358.1 362.7 402.6 413.6 417.7 458.9 570.8 712.5 720.2 799.7 706.8 784.0 833.8 834.7 902.6 1005.8 1006.8 1002.6 998.1 995.0 989.5 990.9 993.1 1014.7 1058.8 1048.0 1022.2 1020.9 1028.4 966.1 807.0 638.9 626.4 568.8 438.2 425.2 353.2 355.5 272.8 243.6 217.3 191.5 190.2 191.5 201.6 319.0 403.8 358.6 495.5 500.5 606.3 653.5 585.5 564.8 582.0 646.7 642.6 588.3 596.2 644.8 670.9 634.1 758.8 794.5 828.4 683.7 813.9 850.5 844.4 734.3 732.0
184.1 211.1 272.3 300.0 302.7 267.2 337.9 388.4 396.9 427.8 449.4 587.8 685.9 707.1 697.5 759.0 822.7 822.6 797.3 846.7 950.4 978.8 995.1 999.8 995.0 990.0 990.9 990.8 995.6 983.1 956.3 1056.5 1066.5 1018.9 909.6 782.8 682.3 669.1 474.7 449.5 453.3 359.9 284.4 273.5 243.6 210.1 189.2 186.3 186.8 193.4 303.3 314.1 326.5 443.7 480.2 608.3 585.1 473.5 654.4 667.9 666.3 664.5 653.5 634.9 700.0 621.4 654.1 655.2 786.4 797.1 676.0 797.0 881.5 823.7 725.5 718.1
179.8 209.2 247.9 218.5 256.5 242.2 307.3 289.0 371.8 413.0 441.6 498.9 588.0 707.2 740.7 770.9 766.0 833.5 804.9 846.5 856.8 878.0 1053.2 1001.1 1001.1 990.0 989.6 1001.0 1010.0 1044.4 937.9 1028.9 1007.0 1084.1 867.7 784.6 662.9 568.4 513.5 462.6 457.7 438.1 289.2 253.5 249.7 207.2 205.1 182.1 184.0 182.4 197.8 299.9 428.5 378.9 437.3 571.1 510.5 512.3 570.8 649.7 672.5 636.2 664.2 669.9 649.7 584.6 572.3 640.8 659.9 797.8 640.3 647.2 802.5 732.0 671.7 657.5
143.1 182.1 147.7 157.6 187.7 209.6 263.2 281.6 371.0 412.6 449.5 535.9 679.5 689.4 745.2 765.1 759.7 826.9 831.1 818.1 819.4 873.2 878.8 1029.3 993.4 1009.1 989.6 990.8 995.1 1042.1 1055.6 873.9 847.3 900.9 983.0 801.4 676.7 637.5 560.6 441.2 447.1 376.4 278.9 277.0 242.7 207.5 200.5 180.4 181.6 181.3 183.2 293.3 336.7 354.9 391.2 498.3 478.6 469.8 587.7 655.9 644.7 598.9 667.8 664.6 634.9 546.0 584.0 609.6 637.4 732.1 629.2 625.6 766.3 778.3 740.4 661.1
132.9 140.4 149.4 155.0 202.6 235.0 242.3 277.0 347.0 395.6 429.2 528.9 586.8 619.5 700.7 759.1 754.7 804.7 821.8 847.7 841.4 855.1 883.9 924.1 1000.8 994.1 989.6 998.2 1012.4 999.5 965.2 888.0 867.2 862.2 881.2 873.0 772.9 665.9 580.2 578.4 449.1 356.3 364.8 302.8 257.2 232.5 208.8 189.6 180.9 179.7 181.8 210.1 300.5 312.1 324.6 430.5 351.7 444.8 574.0 566.5 570.8 597.6 648.1 580.9 544.7 478.0 563.5 667.8 646.2 623.4 645.7 641.6 702.6 658.0 782.3 668.4
134.1 148.0 150.1 153.9 195.1 220.7 232.1 280.3 326.6 392.9 438.2 491.0 556.3 600.7 689.8 736.2 755.9 761.3 746.2 840.7 843.2 841.6 864.3 847.5 1035.9 994.9 989.6 1035.2 1048.4 946.1 854.7 842.8 832.0 861.7 865.8 820.8 822.9 774.0 656.8 653.3 469.0 370.6 300.6 278.1 256.5 242.2 210.0 192.0 179.2 180.7 182.1 177.1 208.9 213.6 323.4 307.0 355.1 442.2 565.4 509.5 566.5 480.5 482.0 446.6 435.5 449.1 606.4 601.0 611.7 575.7 564.8 634.9 659.2 618.8 669.9 670.9
134.3 144.6 146.7 146.0 158.4 230.0 228.7 270.5 329.4 388.2 423.0 491.8 496.1 609.1 610.8 694.6 739.2 738.1 718.1 813.0 841.3 837.7 833.5 838.4 931.5 1039.9 989.6 1036.2 1045.3 882.4 832.6 821.6 796.5 739.8 796.6 773.2 751.0 798.4 779.9 681.4 570.9 428.3 276.5 275.1 257.1 246.3 207.9 188.8 179.8 175.9 170.3 179.8 197.1 206.1 299.0 327.5 462.6 521.0 604.3 485.0 477.7 451.1 403.5 326.4 481.6 507.3 606.4 603.7 470.1 572.3 476.3 637.9 616.6 644.3 645.1 637.2
126.1 121.3 140.9 144.6 154.6 219.6 214.1 269.4 330.2 387.2 417.4 436.3 469.9 506.2 549.2 559.3 623.1 706.5 766.9 775.1 820.2 825.6 727.2 857.5 842.3 942.3 1007.9 1016.1 965.9 945.6 845.4 819.8 716.1 703.1 704.6 672.1 682.7 677.2 648.1 652.6 473.5 457.2 272.6 259.1 246.9 229.3 208.4 188.3 178.9 176.1 173.4 171.6 186.7 295.8 300.1 315.6 455.3 476.6 586.8 493.0 431.7 355.3 328.0 330.5 467.1 459.2 532.2 572.4 429.5 478.3 535.5 640.7 561.2 582.6 646.1 659.4
99.6 141.4 134.5 157.9 147.3 166.9 170.7 254.6 300.6 366.6 416.2 444.6 468.9 474.9 512.5 503.1 524.3 689.5 699.8 758.9 747.6 775.1 719.2 788.9 841.4 804.8 857.0 961.1 1045.9 1030.2 820.9 818.9 738.4 712.5 700.9 555.7 631.0 612.3 629.1 530.9 525.3 479.4 274.2 248.3 239.2 228.5 205.8 189.6 180.0 172.7 173.4 170.0 179.6 176.0 216.6 348.0 433.1 485.6 484.8 448.2 459.4 468.1 357.8 449.1 507.4 434.9 435.4 434.3 471.8 443.9 510.9 488.9 458.5 525.0 570.0 604.1
99.0 121.6 108.6 113.8 159.3 159.9 222.1 236.9 261.0 330.9 408.8 447.0 458.3 487.7 484.1 480.0 513.0 550.2 661.9 733.2 755.3 753.4 779.8 763.0 803.1 831.2 827.2 818.0 937.2 976.3 865.2 821.1 791.3 742.6 708.3 577.6 527.3 513.6 687.9 484.7 481.2 424.2 275.2 246.7 217.3 209.0 194.7 178.5 172.5 169.3 167.3 156.7 179.3 185.2 180.3 179.2 295.2 381.4 421.9 333.2 492.2 436.1 385.3 330.3 410.0 380.7 402.9 329.7 353.4 453.7 480.1 464.9 476.6 473.9 501.3 547.6
97.7 107.8 109.2 116.7 156.0 150.5 174.7 218.7 219.7 282.2 351.0 345.2 403.1 482.9 471.6 474.5 505.5 569.8 612.2 674.8 690.8 744.9 755.5 736.5 750.8 839.1 815.1 827.3 840.1 938.0 854.8 823.8 800.4 700.0 716.2 577.9 528.6 484.0 642.5 590.3 452.9 433.7 349.4 230.3 210.1 197.7 189.8 172.5 178.4 177.2 166.9 155.6 161.3 174.4 176.8 169.0 170.3 316.6 320.9 297.6 410.1 411.0 320.8 299.8 304.1 293.0 212.1 312.9 319.5 423.9 427.3 453.8 465.7 580.9 505.7 527.9
82.1 96.1 93.2 114.7 114.5 125.8 151.8 166.9 181.7 253.3 263.6 273.5 350.6 383.2 379.0 479.4 504.3 562.3 589.8 559.1 600.6 718.9 696.2 721.2 746.3 756.5 805.0 811.0 833.4 841.8 933.0 846.9 822.6 745.8 715.6 568.2 511.1 485.7 510.5 606.0 445.3 428.5 357.1 238.0 223.4 209.0 195.3 182.7 176.1 169.0 166.0 164.0 164.7 168.9 167.6 166.8 165.7 166.3 169.0 178.6 301.4 205.0 195.5 182.7 190.3 192.6 203.1 226.9 312.3 431.4 392.9 451.6 486.0 518.9 558.8 520.0
73.3 84.3 86.5 99.5 116.4 121.8 167.4 226.1 210.7 217.8 237.1 264.5 325.1 351.4 364.8 496.7 472.3 491.8 495.8 496.2 598.0 690.6 630.2 693.4 709.8 747.6 725.1 794.6 817.5 825.5 829.0 841.4 835.2 797.7 716.7 676.1 528.8 491.7 400.0 471.0 467.9 370.7 280.1 244.2 235.1 208.5 198.2 181.9 175.2 168.0 162.0 160.8 159.5 156.0 164.3 163.8 158.1 163.5 166.4 169.4 182.7 169.4 175.7 178.4 180.7 183.9 198.0 206.4 305.8 362.3 442.0 449.6 465.6 479.3 572.7 501.2
69.8 75.9 77.9 94.3 102.4 128.5 170.1 217.9 190.6 242.6 272.1 286.4 334.8 296.4 376.0 420.8 355.8 434.6 492.5 567.9 615.2 644.9 552.3 676.7 719.6 726.4 751.2 747.3 810.7 824.4 808.1 813.4 850.9 822.5 709.6 686.6 528.9 498.1 451.0 371.4 417.5 370.3 277.3 255.5 236.6 206.1 202.3 182.2 178.2 168.1 162.4 156.4 153.4 154.7 156.0 154.5 154.2 153.3 155.7 160.0 162.7 166.4 171.1 173.8 179.5 180.0 185.7 200.3 203.7 300.8 384.1 445.6 450.8 492.0 582.1 508.7
65.5 73.0 75.5 87.6 88.7 122.8 154.3 208.2 181.9 213.5 257.4 272.7 329.6 288.3 306.2 360.8 348.1 374.9 378.6 474.6 541.2 606.8 609.6 599.3 617.6 721.6 708.2 745.2 750.2 728.3 758.8 785.7 825.7 834.7 730.8 709.1 586.6 585.4 447.5 374.7 403.4 352.4 337.4 322.6 237.5 210.1 201.6 185.7 176.4 165.2 163.0 154.9 153.9 154.2 153.6 154.3 153.7 153.4 154.2 154.7 161.5 162.7 169.0 170.3 174.5 172.3 180.0 180.4 176.8 257.0 425.9 431.1 445.6 478.0 562.7 512.3
63.3 69.6 74.2 97.8 106.6 107.8 143.9 203.9 187.1 188.7 223.0 265.8 278.4 318.0 277.5 302.7 370.5 321.1 353.4 431.4 487.8 495.9 519.0 509.8 605.8 722.7 751.2 759.9 724.6 719.2 731.8 731.8 820.6 829.7 730.6 701.5 612.2 588.8 477.6 374.3 364.1 366.1 340.6 381.5 231.4 207.7 201.2 178.7 175.1 166.6 159.5 154.3 153.0 153.0 152.7 152.8 152.4 152.4 153.3 154.1 154.4 159.1 164.1 165.1 170.1 169.7 170.3 177.0 170.3 245.4 407.3 444.5 448.6 472.4 498.9 522.7
87.8 139.1 101.8 107.1 136.5 130.6 135.9 156.2 141.3 173.9 233.8 248.2 257.5 270.6 262.2 300.3 318.9 306.1 354.8 355.7 382.4 467.9 504.7 504.3 598.3 632.1 692.2 742.4 749.4 716.1 741.3 741.5 799.1 837.0 782.7 726.2 640.2 643.8 534.4 369.2 370.5 425.8 425.0 425.2 208.9 207.0 192.1 177.2 171.4 164.0 161.0 153.6 153.3 152.9 152.8 152.7 152.4 152.9 152.2 153.0 153.3 154.5 154.7 161.8 162.1 164.0 165.6 169.0 164.8 216.2 334.6 450.0 444.5 473.3 487.3 510.0
138.3 88.9 131.7 93.4 109.7 120.1 142.9 123.4 216.5 180.7 217.9 231.2 239.7 246.6 295.5 335.1 337.3 280.7 354.4 305.1 372.2 383.9 469.6 487.9 518.0 572.5 674.5 679.1 695.5 722.5 685.7 720.2 744.1 817.9 833.7 709.6 721.9 683.5 590.9 472.8 363.1 367.2 399.4 411.4 197.9 188.9 179.4 175.9 174.5 160.3 155.9 153.4 153.0 156.8 152.7 150.9 150.0 149.5 150.4 151.1 152.4 152.9 153.0 153.3 153.0 154.8 160.0 163.3 162.1 192.4 236.7 430.5 507.0 481.4 489.8 495.3
82.6 75.6 96.7 81.8 101.4 96.6 119.7 136.7 209.4 180.7 187.4 199.5 236.2 272.2 280.6 345.1 274.8 283.8 322.1 316.2 355.0 358.0 361.3 389.5 505.8 506.9 555.8 613.3 611.8 729.5 709.2 718.7 713.4 754.9 833.3 803.3 721.7 700.1 589.4 462.7 427.5 314.0 365.8 355.5 182.0 176.2 173.7 171.3 163.8 159.5 151.5 152.5 152.9 150.1 150.2 149.1 145.4 147.9 146.3 147.6 149.1 146.3 149.9 151.9 152.9 153.3 154.1 154.1 153.9 165.3 194.1 278.6 472.9 525.5 562.8 496.2
55.2 65.6 70.5 73.3 74.3 78.2 89.3 111.3 194.6 143.9 181.0 188.4 197.2 204.8 294.9 277.7 234.2 306.9 310.1 281.1 362.0 355.3 359.7 377.8 479.1 495.1 505.6 518.7 561.5 612.0 689.7 712.9 679.5 739.4 774.2 782.3 750.1 706.7 681.0 478.9 415.1 297.5 306.9 329.1 178.6 174.4 168.9 164.5 160.2 151.7 151.0 151.1 147.8 146.3 148.5 147.4 146.1 147.1 145.9 145.7 146.8 145.8 145.7 146.0 149.3 146.5 152.6 153.3 153.5 153.3 170.1 263.3 401.6 544.6 614.5 531.7
53.7 57.9 59.0 66.1 70.5 77.8 82.2 98.9 137.7 145.8 157.7 157.5 185.4 177.5 215.1 276.7 241.1 321.2 323.0 241.4 331.9 325.8 334.0 346.6 368.9 389.0 502.3 505.9 509.3 638.0 604.5 684.1 613.6 696.8 720.7 747.7 730.6 723.6 619.2 490.3 440.8 360.6 259.9 283.9 184.8 171.8 167.5 163.8 160.3 149.8 149.3 150.1 146.7 146.1 145.3 143.3 145.5 145.7 144.8 143.5 144.7 144.5 141.5 145.2 145.8 147.4 148.6 152.9 152.9 152.2 155.4 175.7 263.2 487.3 648.6 668.4
53.7 59.8 58.2 65.7 69.1 74.4 83.6 91.3 113.1 143.4 153.2 157.6 170.7 169.8 172.0 195.3 234.7 301.7 302.0 214.4 302.2 267.8 335.1 329.5 337.3 340.2 452.3 490.9 502.1 505.8 530.4 600.7 611.0 543.4 618.7 692.2 701.9 705.2 548.1 579.8 466.6 422.3 328.8 240.3 205.4 175.8 173.4 163.8 158.5 152.1 149.7 147.3 145.0 144.7 145.3 145.1 144.7 144.8 141.6 141.2 141.4 140.0 141.2 142.4 144.7 145.1 147.6 147.6 148.3 150.8 153.7 167.1 201.3 275.0 401.0 552.7
