GSP_annual_reports_SRP_2024_v3/GIS/SRP_2022_Spring_Deep.tif
NCOLS 191
NROWS  209
XLLCORNER 6295515.91401
YLLCORNER 1783415.49397
CELLSIZE 1000.0
NODATA_VALUE -999
[rows 0 to 33 of 209, columns 0 to 75 of 191]
-999.0 -999.0 -999.0 -999.0 -999.0 -999.0 -999.0 -999.0 -999.0 -999.0 -999.0 -999.0 -999.0 -999.0 -999.0 -999.0 -999.0 -999.0 -999.0 -999.0 -999.0 -999.0 -999.0 -999.0 138.8 126.3 141.3 226.1 273.6 129.0 120.0 122.2 125.6 232.4 -999.0 -999.0 -999.0 -999.0 -999.0 -999.0 -999.0 -999.0 -999.0 -999.0 -999.0 -999.0 -999.0 -999.0 -999.0 -999.0 -999.0 -999.0 -999.0 -999.0 -999.0 -999.0 -999.0 -999.0 -999.0 -999.0 -999.0 -999.0 -999.0 -999.0 -999.0 -999.0 -999.0 -999.0 -999.0 -999.0 -999.0 -999.0 -999.0 -999.0 -999.0 -999.0
-999.0 -999.0 -999.0 -999.0 -999.0 -999.0 -999.0 -999.0 -999.0 -999.0 -999.0 -999.0 -999.0 -999.0 -999.0 -999.0 -999.0 -999.0 -999.0 -999.0 -999.0 -999.0 224.0 119.4 123.2 158.0 168.4 259.5 261.3 282.8 136.4 124.0 122.3 128.7 193.1 288.4 338.5 415.9 -999.0 -999.0 -999.0 -999.0 -999.0 -999.0 -999.0 -999.0 -999.0 -999.0 -999.0 -999.0 -999.0 -999.0 -999.0 -999.0 -999.0 -999.0 -999.0 -999.0 -999.0 -999.0 -999.0 -999.0 -999.0 -999.0 -999.0 -999.0 -999.0 -999.0 -999.0 -999.0 -999.0 -999.0 -999.0 -999.0 -999.0 -999.0
-999.0 -999.0 -999.0 -999.0 -999.0 -999.0 -999.0 -999.0 -999.0 -999.0 -999.0 -999.0 -999.0 -999.0 -999.0 -999.0 -999.0 -999.0 -999.0 -999.0 70.4 235.7 295.6 258.7 138.8 119.8 124.6 123.2 125.3 134.6 249.3 171.5 122.8 123.0 182.2 310.0 351.6 382.3 358.3 305.7 215.1 123.6 -999.0 -999.0 -999.0 -999.0 -999.0 -999.0 -999.0 -999.0 -999.0 -999.0 -999.0 -999.0 -999.0 -999.0 -999.0 -999.0 -999.0 -999.0 -999.0 -999.0 -999.0 -999.0 -999.0 -999.0 -999.0 -999.0 -999.0 -999.0 -999.0 -999.0 -999.0 -999.0 -999.0 -999.0
-999.0 -999.0 -999.0 -999.0 -999.0 -999.0 -999.0 -999.0 -999.0 -999.0 -999.0 -999.0 -999.0 -999.0 -999.0 -999.0 -999.0 -999.0 -999.0 86.3 81.9 85.2 292.2 324.5 374.4 432.7 388.3 270.0 234.5 120.7 136.0 333.1 286.1 194.8 124.2 197.3 310.1 376.5 358.3 268.6 212.0 126.8 206.7 147.3 -999.0 -999.0 -999.0 -999.0 -999.0 -999.0 -999.0 -999.0 -999.0 -999.0 -999.0 -999.0 -999.0 -999.0 -999.0 -999.0 -999.0 -999.0 -999.0 -999.0 -999.0 -999.0 -999.0 -999.0 -999.0 -999.0 -999.0 -999.0 -999.0 -999.0 -999.0 -999.0
-999.0 -999.0 -999.0 -999.0 -999.0 -999.0 -999.0 -999.0 -999.0 -999.0 -999.0 -999.0 -999.0 -999.0 -999.0 -999.0 -999.0 -999.0 77.8 69.7 78.5 88.3 193.0 265.3 368.7 499.3 493.7 494.6 339.8 119.7 237.0 383.6 386.8 287.7 186.2 122.8 255.0 335.2 374.4 340.5 274.6 129.2 124.2 200.4 84.0 81.1 -999.0 -999.0 -999.0 -999.0 -999.0 -999.0 -999.0 -999.0 -999.0 -999.0 -999.0 -999.0 -999.0 -999.0 -999.0 -999.0 -999.0 -999.0 -999.0 -999.0 -999.0 -999.0 -999.0 -999.0 -999.0 -999.0 -999.0 -999.0 -999.0 -999.0
-999.0 -999.0 -999.0 -999.0 -999.0 -999.0 -999.0 -999.0 -999.0 -999.0 -999.0 -999.0 -999.0 -999.0 -999.0 -999.0 -999.0 -999.0 71.1 70.8 76.4 75.9 76.0 122.5 245.3 241.6 317.6 199.4 153.6 245.2 328.8 379.2 462.9 421.4 431.7 250.7 142.6 265.4 382.8 351.5 268.7 144.6 127.3 92.8 133.3 83.5 116.7 104.5 -999.0 -999.0 -999.0 -999.0 -999.0 -999.0 -999.0 -999.0 -999.0 -999.0 -999.0 -999.0 -999.0 -999.0 -999.0 -999.0 -999.0 -999.0 -999.0 -999.0 -999.0 -999.0 -999.0 -999.0 -999.0 -999.0 -999.0 -999.0
-999.0 -999.0 -999.0 -999.0 -999.0 -999.0 -999.0 -999.0 -999.0 -999.0 -999.0 -999.0 -999.0 -999.0 -999.0 -999.0 -999.0 71.9 69.8 69.5 72.3 72.2 72.8 74.8 77.8 123.3 124.7 131.7 125.2 141.8 325.4 397.7 480.3 467.9 448.0 424.8 174.1 237.4 289.8 383.2 257.4 150.1 128.5 86.8 88.2 87.0 103.1 84.1 91.2 -999.0 -999.0 -999.0 -999.0 -999.0 -999.0 -999.0 -999.0 -999.0 -999.0 -999.0 -999.0 -999.0 -999.0 -999.0 -999.0 -999.0 -999.0 -999.0 -999.0 -999.0 -999.0 -999.0 -999.0 -999.0 -999.0 -999.0
-999.0 -999.0 -999.0 -999.0 -999.0 -999.0 -999.0 -999.0 -999.0 -999.0 -999.0 -999.0 -999.0 -999.0 -999.0 -999.0 70.4 71.9 68.9 70.7 82.3 70.9 70.9 74.1 67.1 127.9 163.4 255.7 273.3 214.6 359.6 489.5 492.0 508.4 420.5 328.9 239.7 122.6 178.3 277.2 312.2 223.9 132.1 85.1 77.9 83.9 91.3 117.0 179.8 239.6 -999.0 -999.0 -999.0 -999.0 -999.0 -999.0 -999.0 -999.0 -999.0 -999.0 -999.0 -999.0 -999.0 -999.0 -999.0 -999.0 -999.0 -999.0 -999.0 -999.0 -999.0 -999.0 -999.0 -999.0 -999.0 -999.0
-999.0 -999.0 -999.0 -999.0 -999.0 -999.0 -999.0 -999.0 -999.0 -999.0 -999.0 -999.0 -999.0 -999.0 -999.0 70.4 71.2 67.3 71.7 72.5 75.6 69.2 71.5 73.7 64.1 128.5 143.4 292.1 391.6 348.9 341.4 334.3 402.8 527.0 459.9 382.4 312.8 138.4 128.8 167.4 264.8 169.2 128.1 161.7 142.4 164.6 232.2 255.8 94.8 178.7 -999.0 -999.0 -999.0 -999.0 -999.0 -999.0 -999.0 -999.0 533.8 575.1 592.2 577.2 584.0 570.3 507.5 400.2 472.3 335.8 342.2 -999.0 -999.0 -999.0 -999.0 -999.0 -999.0 -999.0
-999.0 -999.0 -999.0 -999.0 -999.0 -999.0 -999.0 -999.0 -999.0 -999.0 -999.0 -999.0 -999.0 -999.0 -999.0 69.0 70.4 68.2 69.8 69.9 64.0 71.8 71.3 72.0 71.4 70.7 190.9 272.7 413.9 489.6 424.2 401.6 401.2 513.8 476.8 385.6 310.0 161.9 122.2 128.0 143.5 163.3 211.0 160.9 160.4 197.5 204.1 241.1 192.4 162.3 211.9 -999.0 -999.0 -999.0 -999.0 432.9 434.8 501.2 491.2 543.7 589.5 568.2 577.9 586.2 589.0 507.1 472.2 530.7 484.7 364.0 483.3 -999.0 -999.0 -999.0 -999.0 -999.0
-999.0 -999.0 -999.0 -999.0 -999.0 -999.0 -999.0 -999.0 -999.0 -999.0 -999.0 -999.0 -999.0 -999.0 62.9 70.8 70.4 66.1 69.7 71.2 64.4 70.5 70.4 70.1 70.1 70.9 113.3 199.9 415.5 397.8 483.7 481.9 511.2 519.3 502.4 450.9 345.6 257.7 268.4 282.4 298.6 311.9 215.0 123.0 119.5 204.9 217.1 289.2 297.0 305.1 216.7 317.4 -999.0 320.4 395.9 336.6 432.9 472.9 437.8 539.9 580.0 592.5 586.3 578.9 609.8 477.3 477.4 575.6 593.6 410.3 475.2 461.1 -999.0 -999.0 -999.0 -999.0
-999.0 -999.0 -999.0 -999.0 -999.0 -999.0 -999.0 -999.0 -999.0 -999.0 -999.0 -999.0 -999.0 -999.0 69.4 63.5 70.0 65.1 62.6 69.9 65.7 71.2 69.3 68.7 67.4 68.3 61.4 151.8 230.3 423.0 415.4 425.1 488.0 482.7 511.1 469.0 382.6 374.2 375.4 372.8 371.1 369.2 305.5 167.2 154.3 157.8 243.1 181.4 283.2 208.8 218.1 293.0 288.5 354.5 353.1 434.1 396.3 452.5 443.2 535.0 552.0 578.3 591.3 590.5 608.0 583.5 480.5 570.6 589.6 467.3 447.1 541.2 574.5 -999.0 -999.0 -999.0
-999.0 -999.0 -999.0 -999.0 -999.0 -999.0 -999.0 -999.0 -999.0 -999.0 -999.0 -999.0 -999.0 -999.0 65.3 68.6 76.4 68.4 65.9 69.2 68.8 66.2 70.4 67.8 63.6 81.0 119.6 117.4 190.0 291.2 430.7 433.4 395.4 420.7 494.3 484.3 442.0 401.8 375.4 365.5 326.2 305.9 255.4 248.4 136.6 164.3 161.6 302.2 235.4 349.3 274.3 286.6 212.3 303.1 317.9 472.6 423.2 425.1 456.7 484.0 537.5 594.1 594.1 574.7 606.4 589.0 466.7 563.3 600.9 473.0 460.5 462.6 490.0 520.4 -999.0 -999.0
-999.0 -999.0 -999.0 -999.0 -999.0 -999.0 -999.0 -999.0 -999.0 -999.0 -999.0 -999.0 -999.0 -999.0 122.9 66.6 60.2 63.2 64.7 62.4 66.2 63.9 66.4 80.5 66.1 73.9 70.1 84.0 103.5 149.7 173.7 253.3 390.7 397.8 392.4 388.9 440.6 406.3 363.3 369.1 370.0 373.8 314.2 218.0 138.7 90.4 152.8 235.1 202.6 293.2 234.3 240.6 239.4 295.4 308.5 374.7 480.4 443.1 433.0 470.4 485.0 573.1 588.0 584.2 592.5 590.5 575.0 560.3 571.4 546.1 441.1 416.4 442.8 452.4 439.3 436.4
-999.0 -999.0 -999.0 -999.0 -999.0 -999.0 -999.0 -999.0 -999.0 -999.0 -999.0 -999.0 -999.0 -999.0 85.2 64.7 61.7 63.7 64.4 63.6 64.4 62.7 70.5 67.9 65.2 66.8 73.0 74.6 75.2 103.9 212.9 203.1 249.0 219.0 291.2 388.1 403.0 382.5 361.7 360.9 342.0 376.9 365.1 305.5 267.3 191.9 115.9 141.0 195.9 252.3 172.2 267.4 333.9 407.9 320.6 492.1 413.2 435.3 455.2 463.4 497.2 516.0 572.7 603.1 577.5 576.7 598.4 571.7 525.3 546.7 452.3 438.3 430.0 423.0 446.4 517.9
-999.0 -999.0 -999.0 -999.0 -999.0 -999.0 -999.0 -999.0 -999.0 -999.0 -999.0 -999.0 -999.0 -999.0 68.4 65.5 64.9 63.8 64.5 70.0 66.1 62.9 68.3 68.2 67.3 68.0 66.0 75.5 83.4 95.7 139.7 153.1 201.5 196.6 199.5 204.2 407.6 412.1 360.3 296.7 328.2 341.7 321.9 235.9 278.5 304.2 282.3 107.1 211.5 211.8 162.2 304.0 292.3 350.8 321.4 455.5 367.8 486.8 452.5 457.2 487.1 518.7 507.3 588.2 631.1 574.4 586.3 587.3 576.6 565.0 459.4 410.5 415.8 411.9 435.0 450.7
-999.0 -999.0 -999.0 -999.0 -999.0 -999.0 -999.0 -999.0 -999.0 -999.0 -999.0 -999.0 -999.0 -999.0 124.1 67.7 67.6 62.1 62.5 63.6 59.1 61.0 63.8 67.3 63.8 65.7 72.9 71.5 71.9 106.6 121.5 144.8 188.2 146.1 239.7 404.4 337.2 306.2 233.1 268.3 320.6 306.2 311.1 303.4 264.3 368.1 315.1 238.5 248.1 187.6 310.8 227.4 273.2 460.5 431.3 381.8 405.2 430.2 480.2 440.1 467.0 511.1 517.1 628.4 582.8 609.1 580.5 560.4 566.0 559.2 442.8 423.7 383.1 408.6 438.8 450.2
-999.0 -999.0 -999.0 -999.0 -999.0 -999.0 -999.0 -999.0 -999.0 -999.0 -999.0 -999.0 -999.0 -999.0 121.6 126.9 66.9 65.6 64.2 62.2 64.9 59.5 64.3 65.9 68.1 65.4 64.0 71.5 79.7 94.6 89.9 151.7 142.5 239.1 240.2 283.6 188.2 268.3 226.3 267.2 273.1 292.3 365.4 367.0 346.1 343.3 322.0 204.6 171.7 285.1 428.1 310.8 337.2 284.4 409.5 417.8 377.1 399.6 440.2 484.8 479.6 509.6 519.7 536.3 681.0 632.1 596.9 582.2 550.2 544.6 434.9 426.8 430.7 429.3 417.4 449.2
-999.0 -999.0 -999.0 -999.0 -999.0 -999.0 -999.0 -999.0 -999.0 -999.0 -999.0 -999.0 -999.0 -999.0 187.3 128.4 64.1 61.0 59.9 60.2 71.0 62.4 60.0 63.7 65.4 63.6 60.5 74.2 70.7 69.6 127.0 134.3 114.8 122.6 162.8 210.2 231.0 189.7 213.8 150.9 231.7 290.2 415.6 375.3 305.2 325.6 319.0 256.0 254.4 210.9 249.9 341.0 432.4 252.4 431.3 395.3 459.9 390.3 430.3 464.0 491.7 485.1 512.4 530.5 548.7 639.4 611.2 537.7 547.7 546.0 522.2 466.3 433.8 430.8 436.3 446.9
-999.0 -999.0 -999.0 -999.0 -999.0 -999.0 -999.0 -999.0 -999.0 -999.0 -999.0 -999.0 -999.0 -999.0 153.8 127.9 59.3 60.9 59.9 59.6 60.3 60.8 61.4 62.4 69.1 68.1 78.4 86.6 92.7 108.1 77.0 108.7 96.1 125.1 138.4 139.4 169.5 216.2 151.9 117.9 131.1 185.6 260.2 410.2 302.4 331.1 334.6 243.4 284.1 201.9 306.8 437.7 386.3 429.1 343.1 390.3 442.4 397.9 419.5 466.1 473.0 502.3 493.4 521.2 559.2 617.8 637.4 590.6 538.9 546.5 517.2 498.4 476.7 422.2 445.1 464.6
-999.0 -999.0 -999.0 -999.0 -999.0 -999.0 -999.0 -999.0 -999.0 -999.0 -999.0 -999.0 -999.0 -999.0 127.9 58.6 58.7 60.1 59.0 61.1 60.0 68.3 64.0 63.7 64.9 67.2 62.3 68.7 67.9 91.3 108.7 91.0 80.2 120.5 156.9 172.7 148.7 137.6 85.8 126.0 144.3 233.0 396.0 247.3 324.3 342.6 392.6 394.8 302.8 347.7 293.8 430.1 405.2 449.8 407.7 409.7 373.8 424.2 452.0 433.0 450.2 477.8 505.8 495.0 530.4 535.8 569.7 627.9 614.8 630.6 549.2 521.2 492.9 440.6 438.2 495.8
-999.0 -999.0 -999.0 -999.0 -999.0 -999.0 -999.0 -999.0 -999.0 -999.0 -999.0 -999.0 -999.0 -999.0 167.8 83.9 58.2 59.0 60.3 59.7 60.0 61.3 60.1 62.2 65.2 68.7 62.5 66.8 66.3 70.4 71.7 96.1 75.1 95.6 102.0 110.9 127.9 85.5 133.1 196.2 143.0 224.0 262.9 238.6 226.1 259.7 379.1 366.0 385.1 382.2 286.5 377.6 400.3 428.8 376.1 385.7 426.7 397.0 412.4 421.6 455.5 471.0 491.7 503.4 506.8 528.7 499.6 546.9 610.8 556.0 531.5 529.3 488.6 496.1 437.4 447.5
-999.0 -999.0 -999.0 -999.0 -999.0 -999.0 -999.0 -999.0 -999.0 -999.0 -999.0 -999.0 -999.0 -999.0 198.9 96.8 80.1 58.3 57.0 57.7 56.7 59.0 61.5 63.2 62.6 68.2 75.4 63.7 66.6 73.7 76.5 73.6 74.9 61.1 82.9 120.2 115.0 78.2 164.2 182.8 194.7 134.9 171.2 164.9 193.0 275.4 283.0 303.1 428.1 434.9 390.6 418.3 392.2 374.7 423.7 400.1 388.5 440.7 372.9 384.0 419.1 435.9 484.6 479.8 505.8 510.7 518.7 550.0 553.6 542.0 551.4 552.0 519.9 520.2 522.9 460.8
-999.0 -999.0 -999.0 -999.0 -999.0 -999.0 -999.0 -999.0 -999.0 -999.0 -999.0 -999.0 -999.0 -999.0 195.4 176.0 76.4 64.7 56.1 56.0 56.6 59.5 58.4 61.5 64.7 64.6 72.5 59.7 66.4 70.3 76.6 79.9 82.6 78.1 74.2 85.4 63.8 78.3 136.2 231.1 241.9 235.6 147.1 155.6 190.0 216.9 341.2 380.3 422.0 385.3 405.2 383.8 377.0 388.1 385.3 386.5 377.6 389.8 461.9 372.3 410.6 418.4 455.2 480.4 493.8 499.7 497.6 556.0 554.6 563.4 560.8 566.4 577.1 536.4 573.0 483.5
-999.0 -999.0 -999.0 -999.0 -999.0 -999.0 -999.0 -999.0 -999.0 -999.0 -999.0 -999.0 -999.0 -999.0 196.2 170.7 70.4 65.2 54.7 57.6 54.7 56.0 57.5 60.0 61.2 57.4 78.4 74.8 75.9 76.0 76.6 77.2 82.6 83.8 82.2 77.6 75.9 81.6 123.1 167.4 131.8 241.5 218.8 164.5 196.6 232.5 280.8 298.9 386.9 404.1 372.3 415.8 394.3 393.0 432.2 390.2 393.1 380.1 427.5 375.1 368.6 414.3 454.4 464.6 500.4 509.1 502.6 568.4 562.6 577.2 567.2 550.5 558.8 558.9 597.7 615.5
-999.0 -999.0 -999.0 -999.0 -999.0 -999.0 -999.0 -999.0 -999.0 -999.0 -999.0 -999.0 -999.0 -999.0 139.2 158.1 57.8 59.2 71.2 56.8 57.4 57.5 55.8 57.3 59.1 76.5 74.1 69.6 70.1 70.4 70.2 66.0 82.8 82.5 83.5 78.4 79.3 38.8 74.0 52.5 99.9 167.5 250.4 186.6 184.1 201.9 266.2 287.6 296.5 314.5 379.6 454.8 444.8 445.9 444.5 399.8 456.6 510.5 402.6 473.3 395.2 403.9 441.5 459.7 528.8 540.1 513.3 557.1 545.5 553.3 566.0 568.9 572.4 604.6 573.5 588.0
-999.0 -999.0 -999.0 -999.0 -999.0 -999.0 -999.0 -999.0 -999.0 -999.0 -999.0 -999.0 -999.0 -999.0 161.5 82.4 60.9 60.1 59.3 59.5 58.4 56.6 57.3 56.9 77.7 77.9 74.7 64.9 61.7 68.3 66.9 74.2 79.7 84.3 83.8 84.6 78.7 68.3 41.2 31.2 84.3 141.3 250.6 230.7 158.2 252.5 297.4 336.6 304.6 418.4 435.0 418.2 426.1 436.5 442.2 421.2 488.1 465.8 503.7 480.5 428.4 432.9 483.1 495.8 482.2 504.9 448.0 461.5 463.4 458.6 574.2 582.4 588.5 587.9 590.2 606.8
-999.0 -999.0 -999.0 -999.0 -999.0 -999.0 -999.0 -999.0 -999.0 -999.0 -999.0 -999.0 -999.0 -999.0 209.2 152.7 70.4 65.0 58.1 59.5 70.5 59.1 58.0 58.2 83.1 77.1 76.3 66.3 64.2 67.7 70.8 70.4 76.0 79.4 86.0 86.0 80.0 78.2 65.9 59.9 47.8 85.9 188.8 232.6 149.0 155.0 222.5 250.2 308.7 308.2 396.0 403.3 417.3 436.8 438.4 421.7 423.1 378.8 464.6 464.1 473.6 458.9 474.7 475.9 462.0 527.0 438.2 433.8 541.3 558.5 579.4 583.5 594.6 614.4 597.3 616.9
-999.0 -999.0 -999.0 -999.0 -999.0 -999.0 -999.0 -999.0 -999.0 -999.0 -999.0 -999.0 -999.0 -999.0 255.5 166.5 148.6 65.2 60.7 59.7 57.6 59.8 57.5 57.2 71.7 74.7 75.1 58.6 67.0 67.4 69.6 67.3 76.3 79.1 78.6 84.6 85.8 81.5 73.0 72.5 51.2 75.4 87.7 174.8 250.4 143.2 239.5 289.1 207.0 286.7 346.8 421.7 429.8 418.1 428.0 444.7 442.2 406.6 354.1 398.2 384.6 406.2 377.3 458.9 419.0 387.0 439.3 444.7 582.7 585.3 594.1 605.3 618.0 582.8 643.7 657.0
-999.0 -999.0 -999.0 -999.0 -999.0 -999.0 -999.0 -999.0 -999.0 -999.0 -999.0 -999.0 -999.0 -999.0 248.2 203.4 142.2 64.6 60.3 58.9 57.4 58.7 69.6 58.2 82.0 86.0 66.6 59.5 58.7 68.1 69.2 71.5 74.2 80.8 79.3 86.9 87.3 79.7 84.0 82.9 76.0 67.3 68.8 93.8 230.1 120.1 189.1 174.2 193.1 292.0 443.9 418.9 421.9 437.5 421.6 445.1 426.2 439.4 415.4 359.2 352.2 396.7 378.8 370.3 384.1 381.2 439.4 538.9 528.3 567.1 595.0 610.4 607.3 618.1 617.2 683.1
-999.0 -999.0 -999.0 -999.0 -999.0 -999.0 -999.0 -999.0 -999.0 -999.0 -999.0 -999.0 -999.0 -999.0 180.6 194.8 154.4 62.6 60.1 61.7 57.4 59.5 59.2 57.9 85.8 87.3 74.1 62.4 61.1 70.6 68.4 70.6 76.0 77.6 77.4 84.0 85.5 85.7 76.7 81.3 78.8 81.7 82.8 55.3 77.8 97.0 143.5 146.5 167.9 268.7 256.4 384.4 393.6 459.5 451.5 453.4 452.1 450.3 410.9 401.3 398.5 406.6 405.0 366.8 376.4 382.9 396.4 413.8 465.2 462.2 566.3 613.9 610.2 627.7 660.1 551.5
-999.0 -999.0 -999.0 -999.0 -999.0 -999.0 -999.0 -999.0 -999.0 -999.0 -999.0 -999.0 -999.0 -999.0 222.0 164.6 151.9 63.5 59.7 59.4 57.3 60.5 58.3 58.6 70.4 70.3 70.6 66.7 63.8 64.4 71.6 73.5 75.9 77.4 81.0 79.1 88.8 85.1 81.1 77.2 85.1 80.5 83.0 81.6 91.9 241.3 263.4 235.7 239.6 324.5 302.2 434.1 436.1 396.7 409.3 449.3 449.2 449.5 457.2 404.1 420.0 464.7 444.8 448.2 464.6 465.1 525.6 441.6 457.3 553.8 469.4 582.9 634.0 613.0 663.0 539.2
-999.0 -999.0 -999.0 -999.0 -999.0 -999.0 -999.0 -999.0 -999.0 -999.0 -999.0 -999.0 -999.0 -999.0 160.8 217.7 160.7 59.1 69.1 58.5 58.7 57.9 58.3 59.8 87.2 72.9 69.2 69.5 66.5 64.1 70.9 71.5 76.5 74.9 80.0 79.7 86.2 85.0 79.0 88.1 89.0 85.5 84.5 80.7 73.2 121.0 256.7 361.0 366.9 319.6 288.7 376.9 344.6 442.0 407.0 423.0 464.7 452.3 452.9 412.0 398.9 450.9 489.1 490.8 502.3 527.8 528.8 535.3 447.6 570.7 504.9 455.1 622.9 608.0 647.3 658.2
-999.0 -999.0 -999.0 -999.0 -999.0 -999.0 -999.0 -999.0 -999.0 -999.0 -999.0 -999.0 -999.0 199.1 177.2 153.2 138.5 61.4 58.5 58.8 58.3 58.1 59.0 60.0 54.1 88.2 72.3 54.9 66.5 67.5 70.6 73.3 73.5 79.7 71.2 82.5 83.7 82.6 87.8 87.9 89.5 88.6 86.4 85.7 88.5 97.3 230.2 178.0 395.1 253.4 328.8 293.5 262.2 321.6 440.3 416.5 458.1 448.0 415.2 336.6 412.5 471.6 532.1 495.8 505.9 506.7 515.0 557.1 514.2 545.4 580.4 499.3 468.1 600.2 642.5 520.3
