GSP_annual_reports_SRP_2024_v3/GIS/SRP_2022_Fall_Shallow.tif
NCOLS 191
NROWS  209
XLLCORNER 6295515.91401
YLLCORNER 1783415.49397
CELLSIZE 1000.0
NODATA_VALUE -999
[rows 165 to 197 of 209, columns 76 to 151 of 191]
-999.0 -999.0 -999.0 -999.0 -999.0 -999.0 -999.0 225.9 228.3 114.3 247.7 305.9 438.4 358.7 344.6 340.6 323.5 326.7 313.5 339.4 164.1 170.6 357.0 366.3 147.8 128.9 130.9 130.9 130.9 130.9 130.9 130.8 130.9 130.9 130.9 130.8 128.9 130.9 128.9 148.2 162.0 146.6 217.8 170.7 188.5 214.8 270.9 479.3 514.5 488.5 467.6 312.1 282.8 213.9 148.3 149.8 205.9 307.8 295.4 291.3 282.4 279.9 130.2 131.7 133.4 133.4 133.5 134.6 137.2 135.8 137.8 138.1 138.1 138.0 138.1 138.1
-999.0 -999.0 -999.0 -999.0 -999.0 -999.0 -999.0 -999.0 244.5 238.6 135.3 180.9 287.3 278.0 461.5 458.0 408.5 481.2 448.4 342.2 157.2 169.9 371.3 200.7 136.7 130.8 130.4 128.9 130.9 130.9 130.8 130.8 130.8 130.8 130.9 130.9 130.9 130.9 134.7 130.7 154.7 149.8 158.0 192.2 202.4 265.4 328.1 335.7 505.1 498.2 489.8 450.4 286.6 215.4 157.8 138.3 135.4 161.4 134.7 127.1 289.6 129.4 130.6 131.9 132.0 133.4 131.6 134.6 137.9 138.1 138.1 138.1 138.1 138.1 137.9 138.1
-999.0 -999.0 -999.0 -999.0 -999.0 -999.0 -999.0 -999.0 237.2 280.4 286.5 287.5 192.5 209.8 247.4 434.0 475.3 484.6 400.0 353.4 316.3 146.9 136.6 130.8 130.8 130.8 144.5 129.4 130.9 130.8 130.9 130.9 130.9 130.8 130.8 130.9 130.9 128.9 130.1 140.1 130.8 147.5 149.6 158.0 170.7 212.3 220.8 325.1 382.8 500.8 487.3 493.5 393.0 240.6 281.9 215.0 148.6 126.2 124.6 125.5 128.3 133.8 130.4 132.1 134.4 133.4 133.7 132.3 137.9 138.1 138.1 138.2 138.0 138.1 138.1 137.9
-999.0 -999.0 -999.0 -999.0 -999.0 -999.0 -999.0 -999.0 -999.0 291.7 408.3 330.4 327.5 335.0 391.0 311.5 332.6 455.2 435.4 347.5 357.2 318.0 137.3 130.9 130.8 130.9 135.4 145.6 130.8 130.8 130.9 130.8 130.9 130.9 130.9 130.9 130.9 128.9 130.8 130.8 139.3 137.5 139.2 146.0 168.7 176.1 245.4 269.5 282.1 381.5 323.6 375.2 317.2 289.8 297.5 280.5 215.6 167.5 126.1 125.1 129.2 130.2 129.7 132.0 134.1 133.4 133.6 134.6 137.9 138.0 138.0 138.0 138.1 138.0 137.9 138.1
-999.0 -999.0 -999.0 -999.0 -999.0 -999.0 -999.0 -999.0 -999.0 -999.0 423.2 319.2 342.3 500.8 488.2 495.4 522.2 529.6 477.6 479.8 485.2 371.3 343.0 311.2 312.7 310.2 313.5 149.4 148.2 130.8 128.9 130.9 130.9 130.9 130.8 130.9 130.9 130.9 130.8 130.8 130.8 130.8 130.8 132.1 144.3 185.6 215.6 205.9 260.3 285.0 319.8 327.4 313.9 288.8 282.0 341.1 316.6 165.9 129.2 126.4 128.5 130.5 131.0 131.9 133.8 133.4 133.5 134.8 138.0 138.0 137.8 138.1 138.0 137.8 138.2 138.0
-999.0 -999.0 -999.0 -999.0 -999.0 -999.0 -999.0 -999.0 -999.0 -999.0 -999.0 330.5 352.0 507.9 572.4 792.5 732.0 661.5 521.5 499.1 487.6 508.2 402.0 334.9 314.9 323.6 133.3 139.0 143.6 130.9 130.9 130.9 130.9 130.8 128.9 130.8 130.9 130.9 130.9 130.9 130.9 130.8 130.8 130.8 130.8 131.6 179.5 193.8 206.2 216.3 270.1 270.7 237.0 281.4 296.4 302.5 336.3 313.8 138.5 125.4 127.9 130.3 130.8 131.9 133.9 133.4 133.7 134.6 137.8 138.1 138.0 138.2 138.1 138.1 138.1 138.0
-999.0 -999.0 -999.0 -999.0 -999.0 -999.0 -999.0 -999.0 -999.0 -999.0 -999.0 -999.0 -999.0 477.2 533.7 782.7 791.3 783.0 679.1 583.8 505.3 449.6 432.4 487.1 387.0 313.0 313.5 130.8 128.9 128.9 130.9 130.9 130.9 130.9 130.8 130.9 130.9 130.8 130.8 130.8 130.9 128.9 130.9 130.7 128.9 129.4 146.3 166.1 211.6 215.8 265.4 211.7 245.4 266.6 293.7 318.6 383.5 341.3 165.3 127.1 126.7 130.5 130.8 131.9 133.9 133.4 133.7 134.6 138.1 137.8 138.1 138.0 138.1 138.0 135.7 137.9
-999.0 -999.0 -999.0 -999.0 -999.0 -999.0 -999.0 -999.0 -999.0 -999.0 -999.0 -999.0 -999.0 -999.0 -999.0 713.1 790.0 757.3 802.5 745.8 696.1 518.6 367.3 360.1 392.6 325.0 313.0 130.8 130.1 130.9 128.9 130.8 130.9 130.9 130.8 130.9 130.9 130.9 130.8 130.9 130.8 130.9 130.8 130.8 130.8 129.4 130.7 148.9 164.6 215.6 254.9 201.5 219.5 245.5 240.9 267.7 464.0 473.7 329.1 130.0 126.5 130.2 130.8 131.9 133.9 133.4 133.7 134.4 138.0 138.1 138.1 137.9 138.0 138.0 135.8 135.8
-999.0 -999.0 -999.0 -999.0 -999.0 -999.0 -999.0 -999.0 -999.0 -999.0 -999.0 -999.0 -999.0 -999.0 -999.0 -999.0 -999.0 -999.0 -999.0 -999.0 787.8 502.5 474.8 373.3 350.9 157.7 138.7 128.9 130.8 130.8 130.8 130.8 130.8 130.8 130.9 130.9 130.9 130.8 130.9 130.9 130.9 130.8 130.8 130.9 130.8 130.7 128.8 130.8 147.9 215.0 212.5 177.7 210.6 188.2 171.0 247.4 456.2 553.9 467.6 323.1 174.3 130.2 131.5 131.4 133.5 133.4 133.6 134.6 138.0 138.0 138.1 138.1 135.7 138.1 138.0 138.1
-999.0 -999.0 -999.0 -999.0 -999.0 -999.0 -999.0 -999.0 -999.0 -999.0 -999.0 -999.0 -999.0 -999.0 -999.0 -999.0 -999.0 -999.0 -999.0 -999.0 731.7 736.8 610.7 458.2 357.6 337.0 317.5 128.9 130.9 130.7 130.8 130.8 130.8 130.8 130.9 130.8 130.8 130.9 130.9 130.9 130.9 130.9 128.9 130.9 130.8 130.8 129.0 128.9 125.9 152.7 180.1 172.7 200.3 150.5 202.0 278.6 301.0 477.1 473.4 257.8 177.8 129.6 131.2 133.3 133.4 133.2 133.6 134.6 138.1 138.0 138.0 138.1 138.6 138.0 138.0 138.1
-999.0 -999.0 -999.0 -999.0 -999.0 -999.0 -999.0 -999.0 -999.0 -999.0 -999.0 -999.0 -999.0 -999.0 -999.0 -999.0 -999.0 -999.0 -999.0 -999.0 -999.0 722.4 526.2 568.8 406.7 380.6 330.2 130.8 130.8 130.8 130.8 130.9 130.9 130.9 130.9 130.9 130.9 130.8 130.9 130.8 130.9 130.9 130.9 130.9 130.9 130.8 129.4 128.9 128.2 125.4 125.3 158.0 156.9 142.4 153.1 213.0 270.1 258.1 413.6 240.0 135.5 129.7 131.5 131.5 133.7 133.4 133.5 134.6 138.1 138.0 137.9 138.1 138.0 138.0 135.8 138.0
-999.0 -999.0 -999.0 -999.0 -999.0 -999.0 -999.0 -999.0 -999.0 -999.0 -999.0 -999.0 -999.0 -999.0 -999.0 -999.0 -999.0 -999.0 -999.0 -999.0 -999.0 794.5 783.2 630.7 533.8 503.7 361.6 128.9 130.8 130.9 130.8 130.9 130.9 130.8 128.9 130.9 130.9 130.9 130.8 130.8 128.9 130.9 130.9 130.8 130.9 130.9 130.9 128.7 128.8 126.8 125.2 130.2 132.1 128.2 134.1 156.8 178.0 175.5 169.7 170.9 201.5 167.8 129.8 129.3 131.3 133.4 133.7 134.9 138.0 138.0 138.1 138.1 138.1 137.9 138.0 138.0
-999.0 -999.0 -999.0 -999.0 -999.0 -999.0 -999.0 -999.0 -999.0 -999.0 -999.0 -999.0 -999.0 -999.0 -999.0 -999.0 -999.0 -999.0 -999.0 -999.0 -999.0 -999.0 775.2 602.9 685.4 524.0 284.2 153.0 130.8 130.9 130.8 130.8 130.8 130.8 130.8 130.9 130.9 130.8 128.9 130.8 130.9 130.9 130.9 130.9 130.9 130.8 130.8 129.1 128.9 126.8 126.4 125.2 125.1 125.8 130.4 132.1 138.9 138.8 139.5 169.8 166.8 137.5 131.4 131.6 133.6 131.1 134.0 135.0 138.1 138.0 138.1 138.0 138.0 138.0 138.0 137.9
-999.0 -999.0 -999.0 -999.0 -999.0 -999.0 -999.0 -999.0 -999.0 -999.0 -999.0 -999.0 -999.0 -999.0 -999.0 -999.0 -999.0 -999.0 -999.0 -999.0 -999.0 -999.0 -999.0 518.2 450.7 430.5 267.5 135.4 130.8 130.9 130.8 128.9 130.9 130.8 130.8 128.9 128.9 128.9 130.9 130.8 130.9 130.9 130.8 130.8 130.9 130.8 130.9 129.0 128.8 127.2 126.5 123.7 125.1 126.1 129.6 130.0 129.7 128.5 127.5 128.7 133.4 147.5 131.1 131.4 133.7 133.4 134.2 134.9 138.2 138.0 138.0 137.8 138.2 138.0 138.0 137.9
-999.0 -999.0 -999.0 -999.0 -999.0 -999.0 -999.0 -999.0 -999.0 -999.0 -999.0 -999.0 -999.0 -999.0 -999.0 -999.0 -999.0 -999.0 -999.0 -999.0 -999.0 -999.0 -999.0 525.6 364.5 267.8 170.7 128.9 128.9 130.9 130.9 128.9 130.9 130.8 130.9 130.9 128.9 130.8 130.9 130.9 130.8 130.9 130.8 130.9 130.9 128.9 130.9 129.5 128.7 128.2 126.6 125.3 125.2 125.6 129.6 131.9 131.2 126.4 129.4 124.7 126.5 137.5 131.2 131.3 133.9 133.4 134.0 137.3 138.1 137.9 138.0 138.0 138.1 137.8 138.0 138.0
-999.0 -999.0 -999.0 -999.0 -999.0 -999.0 -999.0 -999.0 -999.0 -999.0 -999.0 -999.0 -999.0 -999.0 -999.0 -999.0 -999.0 -999.0 -999.0 -999.0 -999.0 -999.0 -999.0 -999.0 362.0 258.8 222.5 130.8 128.9 136.8 128.9 128.9 128.9 130.9 130.9 130.9 130.9 130.9 130.8 130.9 130.9 130.9 130.9 130.8 130.9 130.9 130.8 129.4 128.8 128.3 126.8 125.2 125.2 125.9 131.8 132.2 129.4 129.4 128.6 126.9 127.8 129.9 130.6 131.8 133.9 133.4 134.1 137.3 138.1 138.0 138.0 136.0 138.0 138.0 137.9 138.0
-999.0 -999.0 -999.0 -999.0 -999.0 -999.0 -999.0 -999.0 -999.0 -999.0 -999.0 -999.0 -999.0 -999.0 -999.0 -999.0 -999.0 -999.0 -999.0 -999.0 -999.0 -999.0 -999.0 -999.0 -999.0 -999.0 173.9 130.8 130.8 130.8 130.9 130.8 128.9 312.5 130.9 130.9 130.9 130.8 130.8 130.9 130.9 130.9 130.9 130.8 130.8 130.8 130.9 129.5 128.9 128.2 126.9 125.2 125.2 125.9 132.4 132.8 128.9 129.3 128.9 128.1 125.7 129.9 130.4 131.8 134.6 133.3 134.0 137.9 138.1 138.0 137.9 138.0 138.0 138.0 138.0 138.1
-999.0 -999.0 -999.0 -999.0 -999.0 -999.0 -999.0 -999.0 -999.0 -999.0 -999.0 -999.0 -999.0 -999.0 -999.0 -999.0 -999.0 -999.0 -999.0 -999.0 -999.0 -999.0 -999.0 -999.0 -999.0 -999.0 -999.0 -999.0 130.9 130.9 130.8 130.9 315.9 319.0 313.3 317.4 130.8 130.9 130.9 130.8 130.9 128.9 128.9 130.8 130.9 130.8 130.9 129.2 128.9 126.3 126.9 125.2 125.1 129.3 132.4 131.0 131.0 128.7 128.5 127.4 127.4 130.1 130.4 131.8 133.5 133.2 134.6 138.1 138.0 137.9 138.0 138.0 138.0 138.1 138.0 138.0
-999.0 -999.0 -999.0 -999.0 -999.0 -999.0 -999.0 -999.0 -999.0 -999.0 -999.0 -999.0 -999.0 -999.0 -999.0 -999.0 -999.0 -999.0 -999.0 -999.0 -999.0 -999.0 -999.0 -999.0 -999.0 -999.0 -999.0 -999.0 -999.0 130.9 130.9 334.9 314.4 315.5 350.8 334.1 322.9 136.8 130.9 130.8 130.9 130.9 130.9 130.1 130.8 130.9 130.8 127.2 128.9 127.8 125.0 125.2 125.2 129.5 132.3 131.2 131.9 128.3 126.1 126.0 127.8 130.8 131.4 132.0 134.3 133.2 134.6 138.0 138.6 138.0 138.0 138.0 138.0 138.0 138.0 138.0
-999.0 -999.0 -999.0 -999.0 -999.0 -999.0 -999.0 -999.0 -999.0 -999.0 -999.0 -999.0 -999.0 -999.0 -999.0 -999.0 -999.0 -999.0 -999.0 -999.0 -999.0 -999.0 -999.0 -999.0 -999.0 -999.0 -999.0 -999.0 -999.0 -999.0 128.9 313.8 377.0 314.9 324.4 346.9 320.6 328.5 130.9 316.5 130.8 130.9 130.9 130.8 128.9 130.9 130.9 127.2 128.9 126.8 126.5 125.1 126.4 132.4 132.7 131.4 130.2 129.4 126.8 126.8 128.6 131.2 129.7 131.8 133.1 133.3 134.6 138.0 138.0 138.0 138.0 138.0 138.0 138.0 138.0 138.0
-999.0 -999.0 -999.0 -999.0 -999.0 -999.0 -999.0 -999.0 -999.0 -999.0 -999.0 -999.0 -999.0 -999.0 -999.0 -999.0 -999.0 -999.0 -999.0 -999.0 -999.0 -999.0 -999.0 -999.0 -999.0 -999.0 -999.0 -999.0 -999.0 -999.0 -999.0 -999.0 321.8 312.6 330.2 338.9 344.0 330.2 316.8 316.5 316.7 130.9 130.9 130.9 128.9 130.8 130.9 128.8 128.1 126.8 126.4 125.3 129.3 132.4 131.1 133.2 130.2 129.3 127.6 126.3 129.9 130.7 130.6 133.7 133.1 133.7 134.6 137.9 138.0 138.0 138.0 138.0 138.0 138.0 138.0 138.0
-999.0 -999.0 -999.0 -999.0 -999.0 -999.0 -999.0 -999.0 -999.0 -999.0 -999.0 -999.0 -999.0 -999.0 -999.0 -999.0 -999.0 -999.0 -999.0 -999.0 -999.0 -999.0 -999.0 -999.0 -999.0 -999.0 -999.0 -999.0 -999.0 -999.0 -999.0 -999.0 -999.0 308.4 319.2 362.0 357.4 360.3 322.6 349.1 320.6 130.9 130.9 130.9 130.9 130.8 128.6 128.8 128.8 126.9 125.3 125.9 132.1 132.7 131.0 133.2 130.0 128.5 128.0 127.1 129.6 131.3 130.5 133.8 133.0 133.6 134.6 138.0 138.0 138.0 138.0 138.0 138.0 138.0 138.0 138.0
-999.0 -999.0 -999.0 -999.0 -999.0 -999.0 -999.0 -999.0 -999.0 -999.0 -999.0 -999.0 -999.0 -999.0 -999.0 -999.0 -999.0 -999.0 -999.0 -999.0 -999.0 -999.0 -999.0 -999.0 -999.0 -999.0 -999.0 -999.0 -999.0 -999.0 -999.0 -999.0 -999.0 324.6 345.8 325.6 361.4 351.7 351.0 334.5 345.0 319.2 130.9 130.9 130.9 130.7 130.6 131.3 127.9 126.9 125.3 129.3 132.6 130.0 131.1 131.9 129.5 129.1 126.4 126.8 129.8 131.1 131.4 133.7 133.0 133.6 134.6 138.0 138.0 138.0 138.0 138.0 138.0 138.0 138.0 138.0
-999.0 -999.0 -999.0 -999.0 -999.0 -999.0 -999.0 -999.0 -999.0 -999.0 -999.0 -999.0 -999.0 -999.0 -999.0 -999.0 -999.0 -999.0 -999.0 -999.0 -999.0 -999.0 -999.0 -999.0 -999.0 -999.0 -999.0 -999.0 -999.0 -999.0 -999.0 -999.0 -999.0 346.9 130.8 327.2 207.6 344.6 318.0 320.7 347.5 350.1 309.6 309.6 130.1 130.8 128.9 128.5 127.9 126.5 125.3 129.3 132.3 131.7 133.1 131.2 128.8 129.5 127.1 126.0 130.1 131.3 131.3 133.7 133.4 133.6 134.6 138.0 138.0 138.0 138.0 138.0 138.0 138.0 138.0 138.0
-999.0 -999.0 -999.0 -999.0 -999.0 -999.0 -999.0 -999.0 -999.0 -999.0 -999.0 -999.0 -999.0 -999.0 -999.0 -999.0 -999.0 -999.0 -999.0 -999.0 -999.0 -999.0 -999.0 -999.0 -999.0 -999.0 -999.0 -999.0 -999.0 -999.0 -999.0 -999.0 -999.0 366.8 141.0 130.9 128.9 133.3 160.9 367.2 356.0 319.8 345.1 326.6 311.7 130.5 128.9 128.9 126.8 126.5 125.9 132.5 132.5 130.8 133.2 131.3 128.2 128.4 126.5 126.5 130.1 130.7 131.8 133.5 133.4 133.6 134.6 138.0 138.0 138.0 138.0 138.0 138.0 138.0 138.0 138.0
-999.0 -999.0 -999.0 -999.0 -999.0 -999.0 -999.0 -999.0 -999.0 -999.0 -999.0 -999.0 -999.0 -999.0 -999.0 -999.0 -999.0 -999.0 -999.0 -999.0 -999.0 -999.0 -999.0 -999.0 -999.0 -999.0 -999.0 -999.0 -999.0 -999.0 -999.0 -999.0 -999.0 -999.0 317.2 130.9 130.9 128.9 167.5 359.0 326.0 326.6 309.0 324.6 307.5 311.6 324.1 128.9 126.9 125.2 129.3 132.5 133.2 130.8 133.3 130.5 128.3 127.1 126.7 127.4 130.1 130.7 131.9 133.9 133.4 133.6 134.6 138.0 138.0 138.0 138.0 138.0 138.0 138.0 138.0 138.0
-999.0 -999.0 -999.0 -999.0 -999.0 -999.0 -999.0 -999.0 -999.0 -999.0 -999.0 -999.0 -999.0 -999.0 -999.0 -999.0 -999.0 -999.0 -999.0 -999.0 -999.0 -999.0 -999.0 -999.0 -999.0 -999.0 -999.0 -999.0 -999.0 -999.0 -999.0 -999.0 -999.0 -999.0 316.8 317.2 130.8 130.9 130.9 135.4 130.9 315.0 309.0 306.6 312.9 317.6 315.9 127.8 126.9 125.3 129.3 132.5 131.3 131.1 132.4 130.2 130.2 127.0 127.3 127.4 130.1 130.7 131.9 133.9 133.4 133.6 134.6 138.0 138.0 138.0 138.0 138.0 138.0 138.0 138.0 138.0
-999.0 -999.0 -999.0 -999.0 -999.0 -999.0 -999.0 -999.0 -999.0 -999.0 -999.0 -999.0 -999.0 -999.0 -999.0 -999.0 -999.0 -999.0 -999.0 -999.0 -999.0 -999.0 -999.0 -999.0 -999.0 -999.0 -999.0 -999.0 -999.0 -999.0 -999.0 -999.0 -999.0 -999.0 -999.0 320.5 128.9 130.9 130.9 130.9 128.9 130.9 130.8 135.4 328.6 312.8 304.3 133.1 131.0 125.9 132.2 132.7 131.6 132.9 131.8 130.1 129.4 125.3 127.4 127.9 130.3 130.7 131.9 133.9 133.4 134.1 134.6 138.0 138.0 138.0 138.0 138.0 138.0 138.0 138.0 138.0
-999.0 -999.0 -999.0 -999.0 -999.0 -999.0 -999.0 -999.0 -999.0 -999.0 -999.0 -999.0 -999.0 -999.0 -999.0 -999.0 -999.0 -999.0 -999.0 -999.0 -999.0 -999.0 -999.0 -999.0 -999.0 -999.0 -999.0 -999.0 -999.0 -999.0 -999.0 -999.0 -999.0 -999.0 -999.0 345.6 130.9 130.9 130.9 130.9 130.8 130.7 130.8 128.6 306.7 310.3 134.7 129.3 131.6 129.3 132.3 132.7 131.1 133.1 131.8 128.8 128.8 125.8 126.9 128.3 130.9 130.7 131.9 133.9 133.4 133.6 134.6 138.0 138.0 138.0 138.0 138.0 138.0 138.0 138.0 138.0
-999.0 -999.0 -999.0 -999.0 -999.0 -999.0 -999.0 -999.0 -999.0 -999.0 -999.0 -999.0 -999.0 -999.0 -999.0 -999.0 -999.0 -999.0 -999.0 -999.0 -999.0 -999.0 -999.0 -999.0 -999.0 -999.0 -999.0 -999.0 -999.0 -999.0 -999.0 -999.0 -999.0 -999.0 -999.0 -999.0 312.1 130.9 130.9 130.9 130.8 130.8 130.8 130.2 134.1 128.9 128.8 126.9 125.9 129.7 132.4 130.0 131.1 133.0 132.1 128.8 129.2 126.2 126.9 128.9 130.9 130.7 131.9 133.9 133.4 133.6 134.6 138.0 138.0 138.0 138.0 138.0 138.0 138.0 138.0 138.0
-999.0 -999.0 -999.0 -999.0 -999.0 -999.0 -999.0 -999.0 -999.0 -999.0 -999.0 -999.0 -999.0 -999.0 -999.0 -999.0 -999.0 -999.0 -999.0 -999.0 -999.0 -999.0 -999.0 -999.0 -999.0 -999.0 -999.0 -999.0 -999.0 -999.0 -999.0 -999.0 -999.0 -999.0 -999.0 -999.0 -999.0 130.8 130.8 130.8 130.9 128.9 130.2 130.3 128.9 128.9 127.9 126.5 129.3 132.6 132.5 131.7 131.8 132.4 131.8 128.8 129.8 126.8 126.9 128.9 130.9 130.7 131.9 133.9 133.4 133.6 134.6 138.0 138.0 138.0 138.0 138.0 138.0 138.0 138.0 138.0
-999.0 -999.0 -999.0 -999.0 -999.0 -999.0 -999.0 -999.0 -999.0 -999.0 -999.0 -999.0 -999.0 -999.0 -999.0 -999.0 -999.0 -999.0 -999.0 -999.0 -999.0 -999.0 -999.0 -999.0 -999.0 -999.0 -999.0 -999.0 -999.0 -999.0 -999.0 -999.0 -999.0 -999.0 -999.0 -999.0 -999.0 130.9 130.8 130.9 130.9 128.6 130.3 129.9 128.9 128.9 127.9 127.2 129.7 132.6 132.7 131.3 132.8 132.5 130.7 128.5 129.7 126.9 127.2 129.5 131.0 130.7 131.9 133.9 133.4 133.6 134.6 138.0 138.0 138.0 138.0 138.0 138.0 138.0 138.0 138.0
-999.0 -999.0 -999.0 -999.0 -999.0 -999.0 -999.0 -999.0 -999.0 -999.0 -999.0 -999.0 -999.0 -999.0 -999.0 -999.0 -999.0 -999.0 -999.0 -999.0 -999.0 -999.0 -999.0 -999.0 -999.0 -999.0 -999.0 -999.0 -999.0 -999.0 -999.0 -999.0 -999.0 -999.0 -999.0 -999.0 -999.0 -999.0 -999.0 130.9 130.9 130.3 130.3 128.9 128.8 128.9 126.9 130.6 132.6 130.4 131.3 131.2 132.8 132.3 130.4 128.3 129.6 126.9 127.2 129.5 131.0 130.5 131.9 133.9 133.4 133.6 134.6 138.0 138.0 138.0 138.0 138.0 138.0 138.0 138.0 138.0
