GSP_annual_reports_SRP_2024_v3/GIS/SRP_2023_Spring_Deep.tif
NCOLS 191
NROWS  209
XLLCORNER 6295515.91401
YLLCORNER 1783415.49397
CELLSIZE 1000.0
NODATA_VALUE -999
[rows 0 to 33 of 209, columns 0 to 75 of 191]
-999.0 -999.0 -999.0 -999.0 -999.0 -999.0 -999.0 -999.0 -999.0 -999.0 -999.0 -999.0 -999.0 -999.0 -999.0 -999.0 -999.0 -999.0 -999.0 -999.0 -999.0 -999.0 -999.0 -999.0 141.1 127.6 150.3 230.2 274.9 142.0 121.1 124.7 142.1 236.3 -999.0 -999.0 -999.0 -999.0 -999.0 -999.0 -999.0 -999.0 -999.0 -999.0 -999.0 -999.0 -999.0 -999.0 -999.0 -999.0 -999.0 -999.0 -999.0 -999.0 -999.0 -999.0 -999.0 -999.0 -999.0 -999.0 -999.0 -999.0 -999.0 -999.0 -999.0 -999.0 -999.0 -999.0 -999.0 -999.0 -999.0 -999.0 -999.0 -999.0 -999.0 -999.0
-999.0 -999.0 -999.0 -999.0 -999.0 -999.0 -999.0 -999.0 -999.0 -999.0 -999.0 -999.0 -999.0 -999.0 -999.0 -999.0 -999.0 -999.0 -999.0 -999.0 -999.0 -999.0 227.0 120.5 129.4 165.7 177.1 260.6 262.6 283.0 139.7 125.5 125.1 143.4 198.6 288.2 338.3 415.8 -999.0 -999.0 -999.0 -999.0 -999.0 -999.0 -999.0 -999.0 -999.0 -999.0 -999.0 -999.0 -999.0 -999.0 -999.0 -999.0 -999.0 -999.0 -999.0 -999.0 -999.0 -999.0 -999.0 -999.0 -999.0 -999.0 -999.0 -999.0 -999.0 -999.0 -999.0 -999.0 -999.0 -999.0 -999.0 -999.0 -999.0 -999.0
-999.0 -999.0 -999.0 -999.0 -999.0 -999.0 -999.0 -999.0 -999.0 -999.0 -999.0 -999.0 -999.0 -999.0 -999.0 -999.0 -999.0 -999.0 -999.0 -999.0 102.1 239.0 295.5 260.0 145.8 123.1 125.7 123.0 126.3 145.8 250.8 178.1 131.2 125.4 188.6 309.7 350.9 382.1 357.8 305.5 222.0 129.5 -999.0 -999.0 -999.0 -999.0 -999.0 -999.0 -999.0 -999.0 -999.0 -999.0 -999.0 -999.0 -999.0 -999.0 -999.0 -999.0 -999.0 -999.0 -999.0 -999.0 -999.0 -999.0 -999.0 -999.0 -999.0 -999.0 -999.0 -999.0 -999.0 -999.0 -999.0 -999.0 -999.0 -999.0
-999.0 -999.0 -999.0 -999.0 -999.0 -999.0 -999.0 -999.0 -999.0 -999.0 -999.0 -999.0 -999.0 -999.0 -999.0 -999.0 -999.0 -999.0 -999.0 94.9 89.2 105.2 292.3 324.4 374.2 432.6 388.0 271.1 236.4 122.8 147.1 332.9 286.2 200.4 124.9 202.8 309.8 376.1 357.8 268.6 217.9 132.6 211.2 160.4 -999.0 -999.0 -999.0 -999.0 -999.0 -999.0 -999.0 -999.0 -999.0 -999.0 -999.0 -999.0 -999.0 -999.0 -999.0 -999.0 -999.0 -999.0 -999.0 -999.0 -999.0 -999.0 -999.0 -999.0 -999.0 -999.0 -999.0 -999.0 -999.0 -999.0 -999.0 -999.0
-999.0 -999.0 -999.0 -999.0 -999.0 -999.0 -999.0 -999.0 -999.0 -999.0 -999.0 -999.0 -999.0 -999.0 -999.0 -999.0 -999.0 -999.0 79.1 81.3 86.3 104.1 197.0 267.3 368.6 499.3 493.6 494.5 339.7 120.6 238.9 383.3 386.7 287.7 192.7 125.5 256.1 334.9 373.8 340.1 274.7 141.7 137.8 202.3 102.5 129.7 -999.0 -999.0 -999.0 -999.0 -999.0 -999.0 -999.0 -999.0 -999.0 -999.0 -999.0 -999.0 -999.0 -999.0 -999.0 -999.0 -999.0 -999.0 -999.0 -999.0 -999.0 -999.0 -999.0 -999.0 -999.0 -999.0 -999.0 -999.0 -999.0 -999.0
-999.0 -999.0 -999.0 -999.0 -999.0 -999.0 -999.0 -999.0 -999.0 -999.0 -999.0 -999.0 -999.0 -999.0 -999.0 -999.0 -999.0 -999.0 72.5 73.8 81.5 104.3 101.1 131.0 247.4 245.0 317.6 205.0 162.6 247.0 328.7 379.0 462.8 421.2 431.7 253.6 154.8 265.4 382.5 351.0 269.9 160.9 140.8 134.3 150.6 118.3 142.2 135.9 -999.0 -999.0 -999.0 -999.0 -999.0 -999.0 -999.0 -999.0 -999.0 -999.0 -999.0 -999.0 -999.0 -999.0 -999.0 -999.0 -999.0 -999.0 -999.0 -999.0 -999.0 -999.0 -999.0 -999.0 -999.0 -999.0 -999.0 -999.0
-999.0 -999.0 -999.0 -999.0 -999.0 -999.0 -999.0 -999.0 -999.0 -999.0 -999.0 -999.0 -999.0 -999.0 -999.0 -999.0 -999.0 71.9 70.8 70.3 73.4 73.1 75.3 78.5 98.1 125.8 127.1 144.7 127.4 155.9 325.3 397.5 480.3 467.7 448.0 424.7 185.9 241.4 289.6 382.9 258.7 163.3 139.9 101.5 101.6 103.3 139.5 130.0 125.8 -999.0 -999.0 -999.0 -999.0 -999.0 -999.0 -999.0 -999.0 -999.0 -999.0 -999.0 -999.0 -999.0 -999.0 -999.0 -999.0 -999.0 -999.0 -999.0 -999.0 -999.0 -999.0 -999.0 -999.0 -999.0 -999.0 -999.0
-999.0 -999.0 -999.0 -999.0 -999.0 -999.0 -999.0 -999.0 -999.0 -999.0 -999.0 -999.0 -999.0 -999.0 -999.0 -999.0 71.1 71.9 70.0 71.7 83.4 72.2 72.0 74.2 68.8 128.3 172.6 257.8 274.9 220.4 359.5 489.4 491.9 508.2 420.5 328.8 242.5 130.0 187.5 277.1 311.7 229.0 146.2 126.1 125.5 130.9 104.5 147.8 188.5 240.3 -999.0 -999.0 -999.0 -999.0 -999.0 -999.0 -999.0 -999.0 -999.0 -999.0 -999.0 -999.0 -999.0 -999.0 -999.0 -999.0 -999.0 -999.0 -999.0 -999.0 -999.0 -999.0 -999.0 -999.0 -999.0 -999.0
-999.0 -999.0 -999.0 -999.0 -999.0 -999.0 -999.0 -999.0 -999.0 -999.0 -999.0 -999.0 -999.0 -999.0 -999.0 70.6 71.3 67.1 71.8 72.5 76.1 68.6 71.6 74.6 67.5 132.0 146.5 292.4 391.8 349.2 341.3 334.2 402.8 526.9 459.9 382.3 312.7 151.7 144.9 176.0 264.9 181.1 145.6 176.2 160.0 175.4 232.1 256.7 133.6 187.2 -999.0 -999.0 -999.0 -999.0 -999.0 -999.0 -999.0 -999.0 533.8 575.2 592.2 577.1 584.0 570.3 507.9 400.0 472.0 336.7 343.1 -999.0 -999.0 -999.0 -999.0 -999.0 -999.0 -999.0
-999.0 -999.0 -999.0 -999.0 -999.0 -999.0 -999.0 -999.0 -999.0 -999.0 -999.0 -999.0 -999.0 -999.0 -999.0 69.1 70.6 68.2 69.8 69.7 65.6 73.0 71.3 72.0 71.5 74.1 191.8 273.7 413.7 489.6 424.2 401.5 401.1 513.8 476.8 385.5 310.0 174.7 132.6 128.6 153.8 176.2 215.6 172.8 175.2 204.0 204.9 241.0 195.0 168.3 219.5 -999.0 -999.0 -999.0 -999.0 432.7 434.6 501.4 491.2 543.8 589.5 568.2 578.0 586.2 589.1 507.4 472.1 530.8 484.9 364.7 483.6 -999.0 -999.0 -999.0 -999.0 -999.0
-999.0 -999.0 -999.0 -999.0 -999.0 -999.0 -999.0 -999.0 -999.0 -999.0 -999.0 -999.0 -999.0 -999.0 64.0 71.3 70.6 66.3 69.8 71.1 65.3 70.4 70.0 69.6 69.7 70.5 119.8 200.7 415.4 397.7 483.7 481.9 511.1 519.2 502.4 450.8 345.5 260.2 269.5 282.5 298.4 311.6 219.9 132.6 144.6 209.4 216.9 289.1 297.0 305.8 221.8 318.2 -999.0 320.3 395.6 337.4 432.6 472.7 437.6 540.0 580.1 592.5 586.3 578.9 609.8 477.3 477.4 575.6 593.6 410.8 475.1 461.4 -999.0 -999.0 -999.0 -999.0
-999.0 -999.0 -999.0 -999.0 -999.0 -999.0 -999.0 -999.0 -999.0 -999.0 -999.0 -999.0 -999.0 -999.0 69.3 64.4 70.2 65.3 62.8 70.0 66.4 71.1 69.3 68.1 67.1 69.2 93.0 151.4 231.3 423.0 415.3 425.0 488.1 482.7 511.1 469.0 382.5 373.8 375.2 372.6 370.8 368.8 305.3 175.9 163.6 172.5 244.0 183.5 283.1 212.8 223.5 292.5 288.0 354.2 353.9 433.8 395.9 452.0 442.9 535.1 552.0 578.3 591.3 590.6 607.9 583.6 480.6 570.6 589.6 467.0 447.0 541.1 574.3 -999.0 -999.0 -999.0
-999.0 -999.0 -999.0 -999.0 -999.0 -999.0 -999.0 -999.0 -999.0 -999.0 -999.0 -999.0 -999.0 -999.0 64.8 68.2 76.0 68.2 65.9 69.2 69.1 66.2 70.5 68.2 63.9 82.6 128.9 128.1 191.6 291.2 430.6 433.9 395.2 420.6 494.4 484.2 441.9 401.9 375.4 365.1 326.1 305.8 256.9 250.3 148.7 175.1 172.0 303.1 236.2 350.2 275.1 287.9 212.4 305.0 318.6 472.8 423.0 424.9 456.4 483.7 537.4 594.0 594.1 574.7 606.4 589.1 466.7 563.3 600.9 472.8 460.5 462.7 489.5 520.5 -999.0 -999.0
-999.0 -999.0 -999.0 -999.0 -999.0 -999.0 -999.0 -999.0 -999.0 -999.0 -999.0 -999.0 -999.0 -999.0 123.5 66.1 60.9 63.0 64.3 62.3 66.4 64.4 66.3 81.1 66.7 79.6 93.7 103.5 115.2 152.2 173.7 254.4 390.5 397.9 392.3 388.8 440.6 406.3 362.9 368.8 370.8 373.7 314.1 222.9 152.8 129.0 165.2 235.8 205.8 294.1 237.6 241.4 240.0 296.8 309.8 374.4 480.6 442.9 432.8 470.3 484.6 573.1 588.0 584.2 592.5 590.4 575.1 560.3 571.4 546.0 441.3 416.6 442.3 452.1 438.7 436.0
-999.0 -999.0 -999.0 -999.0 -999.0 -999.0 -999.0 -999.0 -999.0 -999.0 -999.0 -999.0 -999.0 -999.0 89.6 64.2 61.2 63.6 63.8 63.2 63.9 63.1 70.9 68.7 66.5 67.5 81.7 81.4 101.7 116.7 212.8 203.1 249.9 220.0 292.1 388.0 403.1 383.5 361.4 360.6 341.7 376.7 364.4 305.5 267.3 196.6 142.0 158.7 197.6 253.0 174.7 268.0 333.6 407.7 322.5 492.2 412.9 435.1 454.9 463.3 496.9 515.7 572.7 603.1 577.5 576.7 598.4 571.7 525.7 546.5 452.3 437.4 429.3 422.4 446.2 517.8
-999.0 -999.0 -999.0 -999.0 -999.0 -999.0 -999.0 -999.0 -999.0 -999.0 -999.0 -999.0 -999.0 -999.0 67.5 64.7 63.8 63.0 63.7 70.3 66.8 63.0 68.1 68.3 68.2 69.0 67.6 83.1 102.8 111.7 139.6 155.4 201.5 198.4 201.6 206.2 407.8 412.4 360.1 296.7 328.1 341.4 321.7 237.7 278.4 303.9 282.5 139.1 218.9 214.6 165.6 305.8 293.5 350.5 322.0 455.7 368.4 487.2 452.4 456.9 486.8 518.6 507.2 588.0 630.9 574.5 586.2 587.3 576.5 564.8 459.3 410.4 415.1 411.3 434.3 450.0
-999.0 -999.0 -999.0 -999.0 -999.0 -999.0 -999.0 -999.0 -999.0 -999.0 -999.0 -999.0 -999.0 -999.0 124.7 66.8 66.6 61.4 62.2 62.6 59.5 60.9 63.3 66.8 64.1 66.5 75.3 79.1 97.9 117.4 132.1 145.7 188.2 152.1 240.6 404.6 337.0 306.2 235.2 269.6 320.6 306.1 311.1 303.2 264.4 366.9 314.8 240.3 251.7 197.0 311.8 231.8 272.8 460.6 431.3 381.5 405.0 430.0 480.0 439.9 466.8 511.0 517.0 628.3 582.6 608.9 580.5 560.4 566.0 559.1 442.5 423.1 383.0 407.9 437.8 449.0
-999.0 -999.0 -999.0 -999.0 -999.0 -999.0 -999.0 -999.0 -999.0 -999.0 -999.0 -999.0 -999.0 -999.0 122.6 127.3 66.3 64.9 63.4 61.4 64.1 59.8 63.8 65.2 68.0 65.7 64.5 78.2 102.1 109.4 106.3 152.6 146.7 239.0 241.0 283.5 189.8 269.2 230.2 268.4 273.2 292.2 364.9 366.5 345.7 342.8 320.9 208.5 183.2 285.6 428.6 311.4 336.9 285.0 409.3 417.5 376.7 399.4 440.0 484.6 479.4 509.5 519.6 536.2 680.8 631.9 596.7 581.9 550.0 544.5 434.6 426.0 430.0 428.7 416.5 448.7
-999.0 -999.0 -999.0 -999.0 -999.0 -999.0 -999.0 -999.0 -999.0 -999.0 -999.0 -999.0 -999.0 -999.0 190.6 129.8 63.6 60.4 59.6 61.1 71.6 61.5 60.0 62.8 64.3 64.3 61.7 81.5 93.3 87.1 135.2 141.3 128.3 132.7 167.9 212.3 231.7 192.4 215.6 164.4 234.6 290.2 416.0 375.1 305.0 324.6 318.2 257.3 255.7 211.5 250.6 340.7 432.8 253.0 431.5 395.1 459.9 389.9 430.1 463.9 491.6 485.0 512.3 530.4 548.6 639.1 611.0 537.7 547.5 545.8 522.1 466.2 433.2 430.0 435.5 445.9
-999.0 -999.0 -999.0 -999.0 -999.0 -999.0 -999.0 -999.0 -999.0 -999.0 -999.0 -999.0 -999.0 -999.0 159.0 128.5 58.8 60.4 59.6 59.4 60.0 61.4 60.9 61.2 68.4 68.1 95.6 101.4 106.1 119.1 102.1 120.4 114.9 135.7 146.1 152.2 176.1 218.0 163.3 150.0 152.1 187.3 261.1 410.5 301.9 330.0 333.8 244.1 284.7 203.5 307.4 438.4 386.0 429.0 344.0 389.8 441.9 397.6 419.2 466.0 472.9 502.1 493.3 521.1 559.1 617.6 637.1 590.4 538.8 546.4 517.1 498.3 476.7 421.4 444.4 464.6
-999.0 -999.0 -999.0 -999.0 -999.0 -999.0 -999.0 -999.0 -999.0 -999.0 -999.0 -999.0 -999.0 -999.0 129.3 58.6 58.3 59.9 58.6 60.5 59.8 67.5 62.8 63.1 64.0 66.3 63.4 72.2 71.7 112.2 120.7 109.4 106.3 131.2 159.4 178.4 162.2 155.3 130.7 143.4 161.1 234.9 396.4 248.2 323.5 341.4 392.0 393.6 303.6 347.4 294.4 430.6 405.2 450.2 407.4 409.4 373.4 423.9 451.8 432.9 450.1 477.7 505.6 495.0 530.2 535.6 569.5 627.7 614.5 630.3 548.9 521.0 492.8 440.3 437.7 495.7
-999.0 -999.0 -999.0 -999.0 -999.0 -999.0 -999.0 -999.0 -999.0 -999.0 -999.0 -999.0 -999.0 -999.0 172.8 90.4 57.7 58.7 59.6 59.2 59.6 60.8 59.9 61.7 64.5 67.6 62.4 67.3 66.9 74.1 82.3 113.4 101.6 116.6 123.0 133.8 148.6 126.1 144.2 201.1 159.6 226.1 263.8 241.8 230.3 260.6 377.5 364.4 384.2 382.1 287.1 377.7 400.4 429.4 376.1 385.6 426.4 396.6 412.2 421.4 455.4 470.9 491.6 503.2 506.7 528.7 499.5 546.8 610.5 555.7 531.4 529.2 488.7 496.1 437.0 447.1
-999.0 -999.0 -999.0 -999.0 -999.0 -999.0 -999.0 -999.0 -999.0 -999.0 -999.0 -999.0 -999.0 -999.0 204.6 101.3 87.0 58.9 56.5 57.1 56.1 58.6 61.2 62.4 61.8 67.6 76.6 63.7 67.1 74.3 77.5 83.8 92.2 102.2 113.3 137.4 139.3 127.0 171.7 188.6 197.5 153.9 180.8 176.0 201.0 277.2 282.9 303.0 428.3 435.4 390.6 418.9 392.4 374.7 423.6 400.1 388.3 440.4 372.5 383.7 418.9 435.8 484.5 479.5 505.6 510.5 518.6 549.9 553.5 541.9 551.3 551.8 519.9 520.0 522.8 460.3
-999.0 -999.0 -999.0 -999.0 -999.0 -999.0 -999.0 -999.0 -999.0 -999.0 -999.0 -999.0 -999.0 -999.0 198.4 179.4 87.6 64.8 56.8 55.7 55.9 59.0 57.7 61.0 63.7 64.3 80.0 62.8 67.9 74.4 77.7 82.2 87.0 89.8 95.4 118.1 105.8 121.9 153.8 233.1 243.8 237.7 161.4 166.8 197.1 216.6 341.2 380.6 422.2 385.4 405.5 383.9 377.2 388.1 385.3 386.6 377.4 389.7 461.7 371.9 410.3 418.2 455.0 480.2 493.6 499.6 497.6 556.0 554.5 563.3 560.7 566.1 576.9 536.4 572.9 483.4
-999.0 -999.0 -999.0 -999.0 -999.0 -999.0 -999.0 -999.0 -999.0 -999.0 -999.0 -999.0 -999.0 -999.0 200.0 175.1 71.2 65.8 55.6 56.8 54.3 55.5 57.0 58.9 61.1 57.9 81.9 75.4 76.2 76.4 80.3 78.1 84.9 87.4 91.4 97.8 116.1 126.8 146.5 176.0 150.4 242.5 224.0 172.8 202.7 235.5 280.5 298.6 387.0 404.4 372.6 416.1 394.6 393.1 432.3 390.4 393.2 380.0 427.4 374.7 368.2 414.1 454.3 464.5 500.2 509.1 502.7 568.3 562.4 577.1 567.1 550.4 558.8 558.9 597.5 615.5
-999.0 -999.0 -999.0 -999.0 -999.0 -999.0 -999.0 -999.0 -999.0 -999.0 -999.0 -999.0 -999.0 -999.0 140.3 159.2 58.4 59.0 70.5 56.2 56.9 57.0 55.3 56.6 58.8 77.9 80.6 70.2 70.4 71.3 72.4 69.5 83.6 88.1 89.8 95.4 99.2 114.3 126.0 118.4 134.2 168.1 250.1 194.7 193.2 201.4 266.4 288.8 296.6 314.1 379.5 454.4 444.5 445.6 444.3 400.0 456.8 510.4 402.6 471.9 394.9 403.6 441.2 459.6 528.7 540.1 513.1 557.1 545.6 553.2 566.0 568.8 572.3 604.4 573.5 587.9
-999.0 -999.0 -999.0 -999.0 -999.0 -999.0 -999.0 -999.0 -999.0 -999.0 -999.0 -999.0 -999.0 -999.0 162.5 85.3 61.5 59.1 58.3 59.1 58.0 55.8 56.7 56.4 87.3 85.8 89.5 66.4 64.6 70.1 69.8 74.7 80.8 87.6 91.6 94.7 95.8 101.4 111.0 117.5 121.7 147.5 250.3 232.9 165.9 251.9 296.9 336.2 304.1 418.9 433.5 416.8 424.8 435.9 441.9 421.1 488.6 465.6 503.9 478.6 428.2 432.6 483.2 495.6 482.1 504.7 448.1 461.5 463.5 458.8 574.3 582.3 588.4 587.9 590.1 606.7
-999.0 -999.0 -999.0 -999.0 -999.0 -999.0 -999.0 -999.0 -999.0 -999.0 -999.0 -999.0 -999.0 -999.0 212.9 153.8 73.4 65.8 57.7 59.0 69.8 58.5 57.2 57.7 89.8 88.0 87.2 67.6 64.7 69.4 71.5 72.3 76.5 82.6 88.6 93.4 94.2 95.2 100.5 105.9 117.9 121.7 197.0 233.7 161.4 164.4 221.8 249.6 308.2 307.6 396.2 401.6 416.3 436.2 437.4 421.8 422.5 377.8 465.0 462.4 471.7 458.8 474.2 476.2 461.8 527.2 437.9 434.0 541.4 558.6 579.5 583.5 594.7 614.4 597.3 616.9
-999.0 -999.0 -999.0 -999.0 -999.0 -999.0 -999.0 -999.0 -999.0 -999.0 -999.0 -999.0 -999.0 -999.0 257.9 171.4 153.2 66.1 61.6 59.7 56.8 59.2 56.8 56.6 71.4 84.5 77.3 60.3 67.4 68.9 70.4 71.5 77.1 79.8 81.2 87.2 90.3 94.5 95.8 96.4 113.8 120.0 117.9 177.6 249.8 153.0 241.9 289.0 206.3 286.4 346.5 420.3 429.2 417.7 428.1 444.7 442.2 405.8 353.4 396.9 384.1 405.7 377.0 458.4 418.6 386.7 438.8 444.8 582.6 585.2 594.0 605.2 617.9 582.8 643.7 657.0
-999.0 -999.0 -999.0 -999.0 -999.0 -999.0 -999.0 -999.0 -999.0 -999.0 -999.0 -999.0 -999.0 -999.0 250.6 207.5 149.1 65.4 60.8 58.3 57.0 58.1 68.8 57.6 87.2 87.9 84.9 62.0 61.4 68.5 70.3 72.2 78.8 81.6 84.8 88.7 89.5 94.2 98.1 94.3 96.9 104.5 117.3 121.0 231.0 134.4 194.3 180.0 197.7 291.5 445.5 419.2 421.3 437.4 421.6 445.1 426.3 439.0 415.1 358.3 351.6 395.9 378.5 369.9 383.8 380.9 438.6 538.9 528.1 567.0 594.9 610.3 607.3 618.0 617.3 683.1
-999.0 -999.0 -999.0 -999.0 -999.0 -999.0 -999.0 -999.0 -999.0 -999.0 -999.0 -999.0 -999.0 -999.0 184.7 199.0 159.8 63.3 61.1 61.3 56.9 59.3 58.5 57.2 87.6 91.2 85.2 66.0 61.7 71.1 68.5 72.8 77.1 80.7 79.2 89.6 90.9 93.6 98.8 98.2 94.3 92.6 101.8 111.6 115.2 117.7 151.2 157.5 175.0 268.4 255.8 384.2 395.1 459.2 451.4 453.3 451.9 450.1 410.6 400.6 397.9 406.3 404.6 366.3 376.1 382.6 396.1 413.9 465.1 462.4 566.0 613.9 610.2 627.7 660.1 551.2
-999.0 -999.0 -999.0 -999.0 -999.0 -999.0 -999.0 -999.0 -999.0 -999.0 -999.0 -999.0 -999.0 -999.0 225.8 167.4 156.0 64.2 59.6 59.5 56.6 60.1 57.7 57.8 81.8 82.5 74.6 67.7 63.7 66.1 71.3 74.3 77.3 77.3 80.7 85.5 90.5 93.7 97.4 98.3 92.6 92.0 96.1 104.7 117.5 240.8 263.0 235.2 239.1 325.4 303.0 434.4 437.8 397.0 410.6 449.3 449.2 449.3 456.9 403.9 419.7 464.4 444.7 448.1 464.6 465.1 525.6 441.2 457.6 553.6 469.2 582.6 633.9 613.0 663.0 538.9
-999.0 -999.0 -999.0 -999.0 -999.0 -999.0 -999.0 -999.0 -999.0 -999.0 -999.0 -999.0 -999.0 -999.0 163.6 221.6 162.1 58.2 69.0 58.5 58.6 57.2 57.7 59.3 90.7 81.6 73.4 76.3 65.9 64.0 70.8 72.1 76.9 75.8 80.9 83.4 88.0 89.8 93.0 96.2 95.5 90.1 93.1 97.9 113.1 124.9 256.2 360.8 366.8 319.6 288.3 376.7 344.1 442.8 407.4 422.8 464.5 452.1 452.7 411.7 398.3 450.4 489.0 490.6 502.3 527.6 528.4 535.1 447.4 570.5 505.0 455.2 622.8 608.0 647.4 658.2
-999.0 -999.0 -999.0 -999.0 -999.0 -999.0 -999.0 -999.0 -999.0 -999.0 -999.0 -999.0 -999.0 201.8 179.3 154.6 140.0 61.5 58.0 58.4 58.2 57.5 58.7 59.6 54.6 96.1 83.0 58.0 65.9 66.4 70.8 73.5 73.6 80.0 70.8 82.6 87.4 93.0 92.1 95.3 93.0 92.5 90.7 92.3 95.1 118.2 230.7 180.4 395.4 252.8 328.7 293.2 261.5 321.5 441.1 416.4 457.8 447.7 414.6 336.5 412.4 471.3 531.8 495.7 505.9 506.7 515.0 557.0 513.8 545.1 580.1 499.3 468.5 600.1 642.6 520.0
