GSP_annual_reports_SRP_2024_v3/GIS/SRP_2023_Spring_Deep.tif
NCOLS 191
NROWS  209
XLLCORNER 6295515.91401
YLLCORNER 1783415.49397
CELLSIZE 1000.0
NODATA_VALUE -999
[rows 34 to 67 of 209, columns 76 to 151 of 191]
516.6 526.0 549.2 580.7 597.7 812.7 804.2 828.9 862.6 867.1 924.1 936.7 940.9 950.5 1061.4 1013.0 1056.4 1025.8 1051.1 1049.3 1058.0 1068.9 1076.1 1089.0 1092.2 1093.9 1073.8 989.0 879.3 893.6 882.6 895.6 917.3 973.7 921.1 701.5 862.5 787.9 642.1 576.5 527.1 530.6 -999.0 -999.0 -999.0 -999.0 -999.0 -999.0 -999.0 -999.0 -999.0 -999.0 -999.0 -999.0 -999.0 -999.0 -999.0 -999.0 -999.0 -999.0 -999.0 -999.0 -999.0 -999.0 -999.0 -999.0 -999.0 -999.0 -999.0 -999.0 -999.0 -999.0 -999.0 -999.0 -999.0 -999.0
532.6 538.3 536.0 552.9 529.9 830.5 808.0 901.4 900.3 911.2 936.3 941.8 960.9 957.9 956.7 1044.3 1025.3 1035.1 1023.5 1049.5 1021.3 1035.6 994.7 984.2 1025.5 1003.2 1064.6 976.6 975.6 980.3 1033.0 994.9 991.2 1013.7 981.0 940.8 898.9 875.8 668.7 561.6 565.7 500.3 578.4 -999.0 -999.0 -999.0 -999.0 -999.0 -999.0 -999.0 -999.0 -999.0 -999.0 -999.0 -999.0 -999.0 -999.0 -999.0 -999.0 -999.0 -999.0 -999.0 -999.0 -999.0 -999.0 -999.0 -999.0 -999.0 -999.0 -999.0 -999.0 -999.0 -999.0 -999.0 -999.0 -999.0
586.5 544.5 535.9 551.9 561.6 802.1 831.2 857.3 898.2 918.2 922.7 940.6 954.7 956.1 956.8 1068.8 1051.3 1010.8 999.3 1065.9 1036.5 1003.2 1036.3 1013.0 1001.3 992.1 1044.8 1074.4 1017.0 1071.1 1121.2 1096.2 1117.4 1036.0 1056.0 993.2 872.0 650.1 651.5 660.5 632.5 575.3 557.0 -999.0 -999.0 -999.0 -999.0 -999.0 -999.0 -999.0 -999.0 -999.0 -999.0 -999.0 -999.0 -999.0 -999.0 -999.0 -999.0 -999.0 -999.0 -999.0 -999.0 -999.0 -999.0 -999.0 -999.0 -999.0 -999.0 -999.0 -999.0 -999.0 -999.0 -999.0 -999.0 -999.0
485.3 635.4 540.2 518.6 707.6 581.7 610.6 601.3 829.9 863.2 942.8 865.5 947.5 970.4 937.8 969.2 969.6 968.2 974.3 990.4 1014.0 1009.1 955.4 1013.0 1011.8 1011.8 1042.2 1062.9 1078.0 1063.8 1099.0 1068.5 1087.7 1105.8 993.4 984.2 947.2 998.6 997.8 864.5 704.1 659.8 601.2 538.8 -999.0 -999.0 -999.0 -999.0 -999.0 -999.0 -999.0 -999.0 -999.0 -999.0 -999.0 -999.0 -999.0 -999.0 -999.0 -999.0 -999.0 -999.0 -999.0 -999.0 -999.0 -999.0 -999.0 -999.0 -999.0 -999.0 -999.0 -999.0 -999.0 -999.0 -999.0 -999.0
521.2 655.5 518.2 521.1 546.4 553.9 602.4 798.9 764.0 834.0 826.9 730.7 916.8 968.7 942.0 923.0 954.1 909.6 983.0 981.9 1034.7 950.1 1019.0 1030.0 1090.4 1102.9 1074.1 1062.0 1062.5 1063.9 1067.4 1067.0 1074.0 1122.5 1090.2 1018.6 1009.3 1049.8 1004.6 996.1 802.8 676.1 609.7 559.3 -999.0 -999.0 -999.0 -999.0 -999.0 -999.0 -999.0 -999.0 -999.0 -999.0 -999.0 -999.0 -999.0 -999.0 -999.0 -999.0 -999.0 -999.0 -999.0 -999.0 -999.0 -999.0 -999.0 -999.0 -999.0 -999.0 -999.0 -999.0 -999.0 -999.0 -999.0 -999.0
609.2 483.3 508.0 529.6 546.2 592.3 751.3 819.6 790.5 779.0 812.5 833.5 812.5 936.2 861.1 934.3 823.6 1008.0 982.1 965.9 1021.0 1006.6 986.8 1041.6 1016.2 1077.4 1092.7 1068.9 1061.2 1063.0 1071.6 1070.6 1081.9 1084.2 1094.5 1095.9 1073.0 1095.8 1032.3 1008.1 987.1 804.1 827.8 635.3 -999.0 -999.0 -999.0 -999.0 -999.0 -999.0 -999.0 -999.0 -999.0 -999.0 -999.0 -999.0 -999.0 -999.0 -999.0 -999.0 -999.0 -999.0 -999.0 -999.0 -999.0 -999.0 -999.0 -999.0 -999.0 -999.0 -999.0 -999.0 -999.0 -999.0 -999.0 -999.0
637.0 474.1 498.6 522.2 542.9 559.0 767.5 727.0 815.1 730.9 835.7 743.6 820.2 809.9 817.8 805.2 816.4 962.3 931.1 925.4 909.8 980.7 1035.9 1047.0 1033.5 1054.7 1024.8 1115.2 1103.2 1094.6 1075.9 1070.5 1076.6 1081.8 1087.2 1087.2 1107.9 1051.6 1027.8 1031.0 987.1 918.0 827.5 818.3 630.6 -999.0 -999.0 -999.0 -999.0 -999.0 -999.0 -999.0 -999.0 -999.0 -999.0 -999.0 -999.0 -999.0 -999.0 -999.0 -999.0 -999.0 -999.0 -999.0 -999.0 -999.0 -999.0 -999.0 -999.0 -999.0 -999.0 -999.0 -999.0 -999.0 -999.0 -999.0
660.3 622.9 493.1 485.3 524.8 734.6 668.0 721.2 699.6 794.8 827.1 811.1 818.1 880.7 848.9 850.1 835.4 805.5 891.8 1009.4 1047.8 1075.9 995.9 1033.1 1051.7 1031.3 1050.5 1025.0 1068.0 1063.3 1097.3 1069.9 1086.3 1088.1 1083.5 1107.1 1087.1 1028.5 997.6 969.7 890.8 759.1 665.6 658.5 691.6 -999.0 -999.0 -999.0 -999.0 -999.0 -999.0 -999.0 -999.0 -999.0 -999.0 -999.0 -999.0 -999.0 -999.0 -999.0 -999.0 -999.0 -999.0 -999.0 -999.0 -999.0 -999.0 -999.0 -999.0 -999.0 -999.0 -999.0 -999.0 -999.0 -999.0 -999.0
609.5 672.1 546.8 506.9 678.3 640.7 696.6 737.1 778.1 803.8 826.6 776.3 907.7 847.5 865.3 885.6 919.2 956.3 980.8 1036.7 1051.5 1052.3 1064.0 1066.7 1043.3 1066.3 1068.3 1066.5 1090.7 1079.6 1041.5 1123.1 1078.9 1081.3 1083.0 1080.4 1107.0 1043.8 1017.0 982.5 771.1 755.4 610.6 620.6 547.6 545.6 -999.0 -999.0 -999.0 -999.0 -999.0 -999.0 -999.0 -999.0 -999.0 -999.0 -999.0 -999.0 -999.0 -999.0 -999.0 -999.0 -999.0 -999.0 -999.0 -999.0 -999.0 -999.0 -999.0 -999.0 -999.0 -999.0 -999.0 -999.0 -999.0 -999.0
655.4 677.0 665.8 533.5 504.6 513.2 556.7 529.9 776.0 807.9 753.6 836.5 913.8 923.7 853.2 911.3 939.2 965.6 992.7 999.6 1071.0 1047.2 1089.5 1056.5 1066.7 1075.0 1052.6 1068.8 1014.8 1014.7 1014.5 1069.9 1088.7 1091.1 1081.3 1097.1 1100.4 1038.6 1008.7 981.5 919.3 734.7 745.1 714.1 661.6 578.4 -999.0 -999.0 -999.0 -999.0 -999.0 -999.0 -999.0 -999.0 -999.0 -999.0 -999.0 -999.0 -999.0 -999.0 -999.0 -999.0 -999.0 -999.0 -999.0 -999.0 -999.0 -999.0 -999.0 -999.0 -999.0 -999.0 -999.0 -999.0 -999.0 -999.0
705.7 627.6 675.0 562.6 506.1 567.6 529.1 525.5 588.2 808.7 789.4 890.9 866.3 838.9 937.0 967.7 963.9 974.9 1011.5 1057.0 1036.0 1058.1 1042.5 1048.5 1083.5 1059.5 1047.9 1079.6 960.7 1028.9 1052.5 1064.4 1066.8 1105.1 1117.9 1128.6 1079.0 1055.8 1034.3 1032.2 861.7 711.2 799.3 845.5 729.9 612.2 -999.0 -999.0 -999.0 -999.0 -999.0 -999.0 -999.0 -999.0 -999.0 -999.0 -999.0 -999.0 -999.0 -999.0 -999.0 -999.0 -999.0 -999.0 -999.0 -999.0 -999.0 -999.0 -999.0 -999.0 -999.0 -999.0 -999.0 -999.0 -999.0 -999.0
666.8 629.1 684.4 621.6 502.4 508.8 529.3 561.1 589.7 781.9 806.9 885.1 914.0 807.8 849.3 939.3 917.5 889.1 940.5 944.9 1014.2 1077.7 1070.4 1060.7 1085.4 1084.8 993.9 1083.3 997.0 863.3 1023.7 1092.8 1072.3 1084.6 1096.8 1127.8 1060.4 1042.0 1008.4 1004.9 1008.3 907.9 963.6 972.5 776.2 665.2 524.3 -999.0 -999.0 -999.0 -999.0 -999.0 -999.0 -999.0 -999.0 -999.0 -999.0 -999.0 -999.0 -999.0 -999.0 -999.0 -999.0 -999.0 -999.0 -999.0 -999.0 -999.0 -999.0 -999.0 -999.0 -999.0 -999.0 -999.0 -999.0 -999.0
588.1 673.1 676.7 630.6 683.3 521.4 569.4 565.6 587.3 815.5 800.2 819.3 851.5 938.3 868.1 879.3 944.6 930.4 962.6 981.2 998.9 1004.3 995.2 1072.3 1073.0 1062.1 994.1 978.6 987.5 881.1 895.7 991.7 1009.4 1061.5 1066.0 1066.9 1108.8 1127.6 1062.7 1034.9 1037.8 972.9 1000.7 932.0 793.1 651.2 616.8 -999.0 -999.0 -999.0 -999.0 -999.0 -999.0 -999.0 -999.0 -999.0 -999.0 -999.0 -999.0 -999.0 -999.0 -999.0 -999.0 -999.0 -999.0 -999.0 -999.0 -999.0 -999.0 -999.0 -999.0 -999.0 -999.0 -999.0 -999.0 -999.0
580.4 603.7 678.2 729.2 715.0 673.8 548.7 550.2 563.0 585.4 794.0 833.2 877.4 940.3 938.6 977.7 978.2 973.3 977.6 1002.6 1011.4 1073.1 1023.5 1044.9 1033.2 1017.4 995.8 909.7 942.5 888.5 958.5 1011.2 1056.4 1058.6 1085.1 1075.0 1084.8 1067.2 1021.4 1028.5 994.4 944.8 969.4 859.6 682.8 689.5 542.2 -999.0 -999.0 -999.0 -999.0 -999.0 -999.0 -999.0 -999.0 -999.0 -999.0 -999.0 -999.0 -999.0 -999.0 -999.0 -999.0 -999.0 -999.0 -999.0 -999.0 -999.0 -999.0 -999.0 -999.0 -999.0 -999.0 -999.0 -999.0 -999.0
460.4 580.8 651.5 666.9 665.5 685.1 772.0 770.4 776.8 594.9 828.0 803.1 915.7 960.3 973.5 986.5 994.4 989.6 1010.0 1006.5 998.3 978.7 1016.2 1032.0 1004.4 1011.2 987.3 998.4 875.8 855.8 991.7 995.7 1108.4 1063.4 1090.5 1083.0 1071.0 1015.2 986.1 951.3 775.3 790.8 733.6 898.4 928.0 716.7 672.3 -999.0 -999.0 -999.0 -999.0 -999.0 -999.0 -999.0 -999.0 -999.0 -999.0 -999.0 -999.0 -999.0 -999.0 -999.0 -999.0 -999.0 -999.0 -999.0 -999.0 -999.0 -999.0 -999.0 -999.0 -999.0 -999.0 -999.0 -999.0 -999.0
362.2 428.5 619.4 685.7 725.5 767.9 699.8 759.0 775.0 782.6 801.6 836.7 890.7 947.1 954.2 969.4 1063.5 1072.7 1058.6 1052.5 971.3 1025.3 960.4 957.9 949.6 968.8 994.4 990.6 829.6 926.1 989.5 1053.9 1091.6 1102.6 1095.4 1136.4 1136.1 1086.5 1064.6 965.1 793.3 642.4 700.2 672.4 728.0 856.9 710.7 -999.0 -999.0 -999.0 -999.0 -999.0 -999.0 -999.0 -999.0 -999.0 -999.0 -999.0 -999.0 -999.0 -999.0 -999.0 -999.0 -999.0 -999.0 -999.0 -999.0 -999.0 -999.0 -999.0 -999.0 -999.0 -999.0 -999.0 -999.0 -999.0
324.0 381.0 486.8 588.9 716.0 719.6 703.7 756.8 769.5 727.3 763.3 789.0 808.6 807.0 928.4 977.0 1010.6 1073.6 1025.9 1024.9 998.3 1005.4 990.2 852.1 837.9 818.0 777.1 968.9 788.0 876.9 848.9 947.4 1087.4 1000.1 1066.2 1095.7 1037.0 1028.0 962.4 824.9 730.3 866.0 839.3 542.6 589.4 733.3 703.4 729.1 -999.0 -999.0 -999.0 -999.0 -999.0 -999.0 -999.0 -999.0 -999.0 -999.0 -999.0 -999.0 -999.0 -999.0 -999.0 -999.0 -999.0 -999.0 -999.0 -999.0 -999.0 -999.0 -999.0 -999.0 -999.0 -999.0 -999.0 -999.0
291.7 384.1 435.9 587.5 619.5 738.8 723.0 738.3 818.3 742.3 770.0 850.6 784.7 895.9 905.6 910.7 965.8 969.3 978.6 1004.7 1064.6 1004.0 978.2 981.6 915.4 767.1 873.9 773.3 850.2 812.7 831.7 924.7 1038.9 991.2 1043.6 1067.4 1020.8 1000.7 989.2 872.9 902.3 875.3 847.1 701.4 493.8 484.4 523.9 487.3 490.0 500.9 -999.0 -999.0 -999.0 -999.0 -999.0 -999.0 -999.0 -999.0 -999.0 -999.0 -999.0 -999.0 -999.0 -999.0 -999.0 -999.0 -999.0 -999.0 -999.0 -999.0 -999.0 -999.0 -999.0 -999.0 -999.0 -999.0
284.8 323.6 451.2 587.8 605.4 629.4 679.4 683.3 784.9 827.8 827.1 866.9 910.4 853.3 883.6 928.7 935.6 939.6 929.7 929.4 979.1 1000.8 946.9 893.8 969.2 854.5 779.7 792.9 835.4 941.6 767.0 848.8 918.5 979.8 1099.9 1120.7 1109.2 1016.3 998.1 989.7 1016.8 919.6 760.0 526.0 592.7 769.4 578.2 573.8 500.4 442.5 421.0 -999.0 -999.0 -999.0 -999.0 -999.0 -999.0 -999.0 -999.0 -999.0 -999.0 -999.0 -999.0 -999.0 -999.0 -999.0 -999.0 -999.0 -999.0 -999.0 -999.0 -999.0 -999.0 -999.0 -999.0 -999.0
260.3 292.0 376.6 434.1 460.5 597.8 608.8 693.6 739.5 746.8 823.4 876.5 927.6 917.1 915.0 923.1 887.1 898.0 852.6 884.0 966.2 985.0 936.8 780.0 936.2 845.4 770.2 824.9 938.5 937.3 923.6 947.5 963.7 1004.0 1024.5 1059.3 1112.8 1090.8 1039.8 1029.8 1048.9 987.6 640.5 695.1 813.7 848.7 729.1 706.1 761.7 693.9 606.0 451.5 -999.0 -999.0 -999.0 -999.0 -999.0 -999.0 -999.0 -999.0 -999.0 -999.0 -999.0 -999.0 -999.0 -999.0 -999.0 -999.0 -999.0 -999.0 -999.0 -999.0 -999.0 -999.0 -999.0 -999.0
249.3 253.3 305.2 330.1 492.0 545.1 569.3 690.4 660.5 667.5 781.4 875.4 812.8 821.0 843.1 846.8 734.3 767.4 764.9 780.0 664.9 726.1 741.3 815.0 759.1 784.3 707.4 826.1 894.2 904.1 929.1 968.0 993.8 1028.5 1005.4 1120.2 1088.0 1069.2 1033.4 1001.0 1004.9 871.9 825.2 755.7 808.5 908.0 933.9 936.8 771.6 727.3 502.0 444.1 435.6 -999.0 -999.0 -999.0 -999.0 -999.0 -999.0 -999.0 -999.0 -999.0 -999.0 -999.0 -999.0 -999.0 -999.0 -999.0 -999.0 -999.0 -999.0 -999.0 -999.0 -999.0 -999.0 -999.0
245.4 251.3 290.6 296.1 451.7 457.8 488.6 573.0 575.1 615.6 692.1 716.1 735.5 730.9 734.9 732.0 728.7 719.0 634.1 655.3 533.7 559.9 653.4 712.1 685.9 764.8 824.7 743.7 768.0 856.9 912.8 902.6 953.2 952.5 963.5 993.4 1053.0 1079.6 1115.7 1013.2 966.0 976.9 904.4 819.2 929.3 996.6 1004.9 925.5 775.3 736.0 500.0 591.8 451.0 463.2 -999.0 -999.0 -999.0 -999.0 -999.0 -999.0 -999.0 -999.0 -999.0 -999.0 -999.0 -999.0 -999.0 -999.0 -999.0 -999.0 -999.0 -999.0 -999.0 -999.0 -999.0 -999.0
247.7 244.4 252.9 288.6 309.5 445.3 381.8 426.0 525.9 574.8 610.4 691.1 702.5 607.3 588.4 632.1 593.0 466.7 558.4 600.3 640.4 742.6 676.6 667.1 822.2 928.6 773.3 769.2 906.4 888.9 855.6 853.7 877.8 971.1 980.6 991.3 1007.0 1122.9 1111.4 1043.4 973.9 974.8 1066.8 974.3 1083.9 1134.2 1002.4 894.6 797.4 760.6 648.0 531.5 501.2 603.0 614.7 505.6 453.8 -999.0 -999.0 -999.0 -999.0 -999.0 -999.0 -999.0 -999.0 -999.0 -999.0 -999.0 -999.0 -999.0 -999.0 -999.0 -999.0 -999.0 -999.0 -999.0
243.1 244.2 247.7 277.7 312.9 326.0 348.7 436.1 470.4 427.2 479.6 480.4 588.0 439.3 427.2 423.9 574.9 620.1 738.1 715.6 632.8 752.8 851.9 749.0 835.9 950.3 902.3 876.9 990.6 943.3 993.1 933.6 1076.0 1080.4 1137.9 1021.6 1118.9 1098.2 1098.2 1150.3 1083.0 1118.6 1069.8 1033.5 1070.9 1068.2 991.3 925.5 937.8 738.3 695.6 553.6 618.0 702.3 672.8 595.5 508.0 470.4 -999.0 -999.0 -999.0 -999.0 -999.0 -999.0 -999.0 -999.0 -999.0 -999.0 -999.0 -999.0 -999.0 -999.0 -999.0 -999.0 -999.0 -999.0
243.2 244.0 243.8 241.1 274.1 310.1 329.2 335.8 357.6 368.0 449.8 451.9 411.7 421.8 526.2 536.5 640.6 565.6 611.2 730.8 932.4 927.7 932.2 924.5 886.3 917.5 916.6 937.4 1062.4 1085.2 1043.5 990.4 1070.2 1074.8 1049.4 1091.1 1072.2 1095.1 1085.8 1087.2 1062.7 1061.8 1094.2 1059.7 1086.2 1072.9 1033.0 993.1 882.0 757.7 779.1 710.7 730.5 725.8 675.2 671.6 656.5 563.3 473.6 -999.0 -999.0 -999.0 -999.0 -999.0 -999.0 -999.0 -999.0 -999.0 -999.0 -999.0 -999.0 -999.0 -999.0 -999.0 -999.0 -999.0
235.7 232.8 239.5 233.7 258.0 318.1 338.3 337.4 343.5 353.9 383.0 458.2 379.4 419.0 441.6 437.5 469.9 596.3 805.9 677.0 785.5 930.9 825.1 944.0 1074.1 948.2 959.8 1052.7 1043.4 1029.1 1043.8 1039.8 1067.0 1058.2 1079.0 1046.2 1091.8 1082.8 1059.7 1059.7 1092.4 1098.6 1064.2 1059.7 1090.3 1081.6 1059.5 1096.6 941.8 868.4 858.1 897.1 872.4 880.8 683.2 681.6 665.2 583.9 509.2 454.8 -999.0 -999.0 -999.0 -999.0 -999.0 -999.0 -999.0 -999.0 -999.0 -999.0 -999.0 -999.0 -999.0 -999.0 -999.0 -999.0
228.6 216.2 231.9 227.5 277.4 308.5 297.5 338.9 338.2 387.9 352.0 363.6 412.3 438.3 441.6 422.9 472.9 573.9 829.9 613.2 822.3 597.9 630.7 940.6 912.5 992.9 1090.3 1025.2 1073.1 1043.1 1037.7 1025.9 1055.3 1064.8 1075.6 1083.4 1084.5 1054.5 1059.1 1093.9 1082.8 1082.8 1059.7 1084.0 1090.3 1095.6 1090.2 1031.5 983.1 1023.0 962.2 942.8 973.9 813.8 643.8 690.7 657.7 600.5 500.3 456.9 385.3 -999.0 -999.0 -999.0 -999.0 -999.0 -999.0 -999.0 -999.0 -999.0 -999.0 -999.0 -999.0 -999.0 -999.0 -999.0
255.7 260.1 273.6 273.0 281.9 279.6 305.4 338.2 344.0 350.9 347.5 361.0 406.8 447.8 461.5 444.4 474.8 517.3 589.6 590.5 551.8 487.4 565.7 630.0 847.2 1049.5 1010.9 1083.1 1047.1 1029.9 1041.9 1046.5 1056.4 1059.9 1066.1 1068.5 1083.2 1083.4 1083.4 1015.9 1113.6 1076.8 1073.8 1080.8 1081.0 1074.1 1087.4 1111.1 1066.7 1070.7 1025.8 991.0 927.9 828.2 725.1 672.2 689.1 608.8 554.0 440.5 373.4 381.3 -999.0 -999.0 -999.0 -999.0 -999.0 -999.0 -999.0 -999.0 -999.0 -999.0 -999.0 -999.0 -999.0 -999.0
282.9 294.0 242.1 211.7 274.5 279.0 302.5 306.3 343.9 345.0 351.8 355.3 360.8 463.6 443.6 454.0 442.5 482.0 556.3 580.3 463.7 526.7 681.7 931.1 1077.9 921.6 871.3 933.2 1004.9 1049.1 1049.9 1050.7 1036.2 1035.7 1068.4 1106.8 1070.0 1075.8 1109.6 1014.1 1041.0 1050.6 1046.0 1064.3 1079.4 1079.2 1073.9 1050.0 1069.4 1077.2 1040.9 1043.4 948.5 890.6 707.6 631.8 627.5 674.8 613.7 461.6 441.8 435.4 -999.0 -999.0 -999.0 -999.0 -999.0 -999.0 -999.0 -999.0 -999.0 -999.0 -999.0 -999.0 -999.0 -999.0
243.6 266.0 262.7 223.8 280.0 291.2 297.9 311.5 322.1 324.7 340.0 347.6 358.8 353.8 358.0 412.6 449.3 462.1 481.6 456.3 459.7 673.4 732.8 797.0 906.4 727.9 846.7 913.3 1001.2 1020.2 1030.3 1025.0 1042.5 1029.8 936.1 948.4 1001.5 1053.3 1094.6 947.4 1016.8 1038.7 1065.7 1068.3 1059.9 1061.1 1059.9 1045.8 1045.8 1060.1 1061.6 1073.2 951.3 893.1 904.9 694.6 559.7 558.0 656.0 540.8 458.9 409.8 -999.0 -999.0 -999.0 -999.0 -999.0 -999.0 -999.0 -999.0 -999.0 -999.0 -999.0 -999.0 -999.0 -999.0
330.9 287.1 287.5 222.1 286.8 341.3 361.3 360.5 327.7 324.2 334.8 351.2 357.3 355.6 353.6 458.3 438.5 448.3 462.6 441.3 525.5 515.5 586.8 809.9 794.9 547.2 753.5 916.3 999.9 961.9 1024.4 1026.4 1040.2 1018.4 938.6 882.0 958.1 958.9 947.7 899.5 967.7 1021.5 1103.5 1047.2 1062.1 1073.0 1041.9 1064.8 1071.0 1041.7 1042.7 1083.7 983.4 889.9 842.3 798.8 659.8 484.2 504.6 656.2 462.3 433.9 358.0 -999.0 -999.0 -999.0 -999.0 -999.0 -999.0 -999.0 -999.0 -999.0 -999.0 -999.0 -999.0 -999.0
271.0 297.7 290.9 223.2 337.0 371.8 353.8 370.7 349.2 332.7 344.2 353.7 359.0 358.9 356.8 355.4 474.0 445.3 444.2 462.2 441.2 456.9 516.2 531.4 664.4 480.6 530.1 758.8 673.0 933.2 920.8 1022.9 1076.1 1100.1 934.5 762.1 817.3 885.8 823.7 938.3 910.7 969.5 1100.5 1043.3 1059.6 1062.0 1067.6 1037.7 1050.6 1054.9 1070.3 1067.2 1050.2 947.1 896.7 862.2 613.0 669.5 468.5 441.1 386.7 362.8 385.6 -999.0 -999.0 -999.0 -999.0 -999.0 -999.0 -999.0 -999.0 -999.0 -999.0 -999.0 -999.0 -999.0
267.7 269.7 280.3 264.9 335.9 394.0 429.3 431.5 377.5 364.2 366.5 370.1 400.2 388.0 357.6 367.0 378.6 410.5 456.2 442.9 448.6 445.9 450.0 486.1 514.5 472.5 487.8 615.0 542.0 789.7 782.0 910.9 906.8 783.9 928.6 658.4 710.6 755.8 733.0 870.1 872.5 913.0 987.9 1059.4 1041.0 1058.4 1083.3 1004.2 1064.4 1006.9 1035.1 1035.1 1035.1 999.5 947.7 902.5 721.6 671.2 650.1 596.8 601.6 529.8 444.5 -999.0 -999.0 -999.0 -999.0 -999.0 -999.0 -999.0 -999.0 -999.0 -999.0 -999.0 -999.0 -999.0
240.5 241.9 245.6 255.5 300.0 338.9 498.1 544.8 462.0 429.6 383.8 376.9 377.6 385.8 358.9 363.5 363.8 364.1 398.3 465.4 485.0 452.8 470.2 464.0 452.8 460.6 467.4 491.0 521.7 581.2 570.7 779.9 715.7 598.8 680.2 706.0 662.2 619.5 710.7 790.1 849.0 891.1 933.9 1107.6 1086.9 1057.5 1097.3 936.9 947.8 1022.4 1026.5 1059.7 1097.7 1052.4 956.9 982.9 871.1 849.0 737.5 737.2 623.7 544.0 579.2 -999.0 -999.0 -999.0 -999.0 -999.0 -999.0 -999.0 -999.0 -999.0 -999.0 -999.0 -999.0 -999.0
