GSP_annual_reports_SRP_2024_v3/GIS/SRP_2023_Fall_Deep.tif
NCOLS 191
NROWS  209
XLLCORNER 6295515.91401
YLLCORNER 1783415.49397
CELLSIZE 1000.0
NODATA_VALUE -999
[rows 34 to 67 of 209, columns 0 to 75 of 191]
-999.0 -999.0 -999.0 -999.0 -999.0 -999.0 -999.0 -999.0 -999.0 -999.0 -999.0 -999.0 -999.0 166.4 148.0 160.2 142.8 57.9 53.6 53.4 53.0 54.4 54.4 54.5 81.2 99.5 88.1 83.6 57.5 64.0 62.6 56.3 60.6 62.1 74.5 83.2 81.5 86.6 89.3 86.4 88.2 83.6 81.3 82.8 82.3 99.8 115.4 190.8 282.9 175.6 203.7 255.8 293.0 351.2 380.8 405.4 382.0 439.5 347.9 455.6 474.3 440.4 489.6 507.8 573.3 623.1 519.4 536.9 575.9 540.9 586.6 612.5 494.8 472.2 504.6 518.4
-999.0 -999.0 -999.0 -999.0 -999.0 -999.0 -999.0 -999.0 -999.0 -999.0 -999.0 -999.0 -999.0 268.6 154.4 146.0 130.1 57.2 53.2 53.6 52.8 54.1 55.2 64.2 116.4 91.6 108.9 88.9 59.9 61.4 65.2 59.4 59.4 62.9 74.8 72.2 78.7 81.0 86.1 88.8 90.7 89.6 84.1 84.5 90.1 103.3 111.5 182.8 155.0 153.4 353.0 334.9 323.5 324.3 406.6 354.0 341.1 369.1 306.6 454.7 447.3 433.7 481.6 490.5 553.3 526.2 594.7 589.5 540.9 586.1 556.3 586.1 605.4 611.4 479.8 552.3
-999.0 -999.0 -999.0 -999.0 -999.0 -999.0 -999.0 -999.0 -999.0 -999.0 -999.0 -999.0 -999.0 223.0 235.0 215.4 127.1 122.1 52.2 52.8 53.5 53.4 55.0 54.4 80.5 90.0 67.6 67.4 59.4 58.2 56.8 64.5 72.7 63.8 62.1 62.4 67.8 76.6 81.2 83.0 82.9 89.4 88.5 83.9 88.6 106.3 108.9 113.6 155.0 287.7 415.8 325.4 310.1 333.5 407.4 392.9 344.1 353.1 377.0 475.9 421.9 455.9 453.8 500.1 501.2 561.0 581.8 637.9 548.3 545.6 568.9 584.0 607.5 612.1 600.3 507.1
-999.0 -999.0 -999.0 -999.0 -999.0 -999.0 -999.0 -999.0 -999.0 -999.0 -999.0 339.5 311.7 267.9 181.0 145.7 130.7 130.6 120.0 51.4 53.4 53.7 54.3 54.0 104.6 55.8 51.4 56.2 56.1 58.7 56.0 59.7 60.8 57.4 61.6 66.0 65.9 74.3 78.8 84.1 82.0 90.6 89.0 87.9 89.0 98.5 110.0 116.4 257.4 297.0 402.5 371.3 421.4 401.6 418.8 385.7 326.3 292.8 337.7 405.7 473.9 440.2 446.9 465.9 511.9 511.9 597.5 633.5 627.6 595.4 585.6 579.5 566.0 618.5 637.5 620.2
-999.0 -999.0 -999.0 -999.0 -999.0 -999.0 -999.0 -999.0 -999.0 -999.0 128.2 227.8 223.6 274.9 211.7 212.0 141.2 124.0 121.6 52.9 53.2 52.9 54.4 55.3 84.5 69.3 50.1 51.9 54.5 59.5 56.6 59.3 74.1 72.7 77.1 78.4 76.8 78.9 82.2 86.2 90.4 85.1 89.8 86.2 84.8 89.9 108.8 116.8 141.3 407.5 411.4 380.3 407.8 417.0 400.7 432.0 443.5 346.0 374.6 473.1 441.3 436.9 476.8 448.5 493.4 504.2 554.3 593.2 651.2 615.2 548.9 580.2 558.1 595.9 601.9 634.4
-999.0 -999.0 -999.0 -999.0 -999.0 -999.0 -999.0 390.3 193.3 117.2 120.6 117.7 146.2 56.9 49.8 57.7 91.0 76.0 50.8 50.5 60.4 53.2 54.7 85.5 56.8 55.5 65.8 52.0 53.4 57.6 56.4 60.3 69.7 68.4 75.3 76.3 78.4 77.7 83.1 80.1 83.1 80.8 82.3 89.3 86.9 93.5 93.4 103.9 113.8 221.0 314.9 389.9 319.2 422.2 386.3 419.2 440.3 348.1 444.2 466.0 483.3 455.6 441.6 451.9 460.3 470.2 511.6 519.2 635.6 585.7 526.5 537.0 545.3 577.6 574.3 631.9
-999.0 -999.0 -999.0 -999.0 -999.0 384.8 144.2 379.0 296.5 122.6 118.0 115.0 115.0 46.4 46.5 46.4 47.9 51.3 50.9 50.8 51.9 54.0 58.1 57.7 56.6 56.8 54.3 52.0 53.8 56.4 55.3 58.0 62.5 71.9 79.9 81.2 78.0 76.7 86.2 80.5 84.9 82.3 82.3 87.6 88.3 85.3 89.6 91.8 111.5 140.4 277.6 280.3 302.1 285.5 393.4 371.1 393.6 367.1 376.6 384.9 421.4 325.8 430.9 477.1 481.0 461.3 456.3 516.9 531.4 560.3 513.0 518.5 533.5 583.1 622.7 653.5
-999.0 -999.0 -999.0 -999.0 468.4 382.6 224.7 238.8 346.0 219.2 305.0 185.4 163.5 44.5 46.3 45.2 45.1 48.2 49.7 51.8 51.7 56.5 79.6 56.6 58.6 55.9 54.4 51.6 46.6 61.3 57.1 68.2 68.0 73.6 70.1 77.3 74.4 74.7 77.5 84.2 87.3 82.5 90.1 86.0 87.7 90.2 88.4 88.1 103.6 118.5 195.5 243.9 146.3 397.7 379.8 390.8 404.4 341.7 341.9 376.5 370.6 287.6 346.8 374.0 452.5 485.2 485.0 428.9 503.9 512.5 505.9 513.3 520.3 530.8 605.7 633.5
-999.0 -999.0 -999.0 117.2 115.7 296.6 261.9 166.0 340.7 299.9 257.7 168.9 211.0 44.8 45.5 68.0 92.5 54.6 47.1 50.2 52.1 57.0 79.0 55.8 57.6 54.6 54.6 51.6 48.5 61.8 65.8 68.7 77.4 78.6 74.5 76.5 80.5 77.9 78.5 80.1 92.2 93.6 91.9 86.5 87.8 89.8 91.2 90.9 104.5 113.4 115.3 254.1 273.6 325.5 256.9 331.2 338.9 374.6 243.3 342.6 345.3 325.2 348.8 301.8 310.8 362.4 470.3 456.3 465.8 502.0 498.2 506.9 518.1 521.5 595.4 682.5
-999.0 -999.0 44.9 43.9 44.2 56.4 150.1 58.1 310.8 336.2 210.4 119.4 122.0 43.5 64.9 90.3 86.9 45.2 46.0 85.8 53.0 104.3 77.7 53.7 54.6 55.3 54.9 55.5 48.4 59.6 62.6 72.8 74.7 78.4 81.3 78.9 77.5 84.2 83.7 86.2 93.7 93.7 92.1 85.9 85.6 86.5 89.8 87.4 99.5 110.3 112.0 148.8 285.3 342.0 246.5 278.0 223.6 337.9 271.4 217.7 297.1 316.5 266.3 261.5 284.3 337.4 416.8 474.6 447.5 477.6 506.3 508.6 516.3 517.4 537.3 692.3
-999.0 -999.0 115.5 83.9 44.7 44.1 44.1 74.9 88.9 243.3 278.4 120.8 44.9 45.2 84.1 81.3 87.2 65.8 54.8 85.2 88.1 112.8 63.9 53.1 53.6 54.3 55.7 54.1 50.4 50.7 71.7 70.6 74.4 77.9 79.1 80.2 83.6 85.3 88.3 85.3 85.5 93.4 87.7 90.6 88.0 83.3 87.1 86.0 92.3 100.6 105.6 140.8 286.0 360.2 253.1 162.6 138.6 255.5 215.9 262.4 291.2 332.9 334.1 271.6 276.7 355.8 445.8 441.9 440.7 452.2 482.6 502.9 506.7 529.4 527.0 615.4
-999.0 88.9 263.3 169.4 84.4 45.5 43.4 44.0 54.5 122.1 110.9 80.7 45.1 44.5 95.8 90.1 90.1 95.4 67.1 67.7 108.2 83.9 52.2 50.6 52.4 55.5 54.8 56.5 51.9 49.7 64.3 69.0 71.9 77.1 80.6 80.9 81.3 85.9 85.6 87.3 87.5 87.3 91.3 89.0 89.0 89.9 84.1 86.9 84.9 87.5 89.2 91.3 130.3 201.5 210.8 140.2 152.1 150.1 203.7 264.5 289.5 313.2 346.2 350.4 351.3 446.8 475.5 366.0 346.7 464.3 457.0 460.6 497.2 523.3 519.1 553.5
-999.0 302.2 253.3 118.8 132.5 84.3 46.7 43.4 44.5 59.0 46.2 44.4 44.5 44.6 92.2 92.8 92.2 66.6 56.0 67.2 67.4 80.4 51.7 51.6 52.6 53.5 54.8 54.7 53.9 49.6 57.0 64.4 61.5 69.8 75.9 80.2 78.5 84.6 82.7 74.7 86.3 91.3 87.3 91.9 92.5 86.5 89.3 89.7 85.0 84.5 87.8 96.0 100.5 94.5 133.3 139.9 296.0 372.6 333.4 339.0 357.3 300.0 349.9 389.3 371.6 368.9 372.7 363.6 371.7 321.8 376.3 481.6 453.2 501.5 523.6 541.3
-999.0 310.1 164.8 142.7 69.0 44.5 60.9 59.5 43.6 55.8 44.3 42.7 52.7 43.3 74.0 91.0 91.5 67.7 44.6 49.9 63.6 69.0 80.0 49.9 63.1 55.5 55.7 53.9 53.9 59.7 59.3 61.8 67.2 61.9 71.7 74.5 75.9 78.3 79.2 76.0 80.4 85.5 88.8 84.8 87.3 83.7 85.8 86.6 85.7 81.0 87.6 95.9 105.1 107.0 117.6 186.2 293.4 382.0 387.5 398.0 390.9 341.1 374.9 377.6 378.2 376.8 372.1 375.4 376.0 275.9 311.6 352.9 413.6 416.5 505.2 543.0
-999.0 120.3 115.9 87.1 79.3 88.7 107.3 80.3 49.5 54.4 45.5 53.4 43.3 43.8 44.1 56.1 58.6 48.5 43.9 48.5 50.4 46.5 49.9 45.3 52.8 53.2 53.6 54.1 68.0 55.4 55.2 48.3 50.1 58.4 57.7 68.2 74.0 77.1 74.7 74.8 78.7 82.2 81.7 88.9 89.6 84.6 89.5 83.7 81.9 82.6 84.8 88.2 97.9 106.9 131.8 210.2 295.7 352.8 398.7 444.6 414.0 383.3 366.8 401.2 392.4 406.8 406.1 392.0 318.0 272.6 300.3 342.9 280.6 325.3 477.3 470.3
383.2 333.2 125.2 130.2 87.6 139.0 118.1 87.1 67.9 47.5 46.9 53.8 43.4 44.1 43.0 42.9 43.1 43.9 43.5 42.6 43.8 43.6 46.6 47.5 46.7 49.9 53.0 55.3 53.5 52.6 56.1 51.1 45.9 48.7 61.5 62.8 63.9 71.2 73.0 74.3 79.1 82.6 83.5 83.2 87.1 86.6 87.3 86.2 82.3 91.4 79.4 93.4 99.6 105.6 116.8 172.5 277.6 332.5 390.8 424.2 397.7 362.2 367.0 394.8 387.9 396.6 375.5 383.7 358.3 447.9 268.0 281.9 289.7 280.5 281.3 316.5
131.0 114.2 84.0 44.6 87.1 128.3 86.3 89.7 69.2 51.1 60.0 47.8 43.1 43.4 43.3 42.0 43.0 42.8 43.7 43.7 44.1 43.4 123.7 91.3 43.9 45.0 50.1 52.5 50.8 51.8 51.8 50.9 47.5 42.6 48.7 58.3 58.6 63.4 77.4 75.7 77.2 83.0 81.4 82.5 86.5 87.9 87.5 86.7 81.9 80.0 82.1 86.0 92.8 103.4 102.1 149.3 282.1 311.1 342.4 351.8 371.7 367.5 356.5 377.2 407.5 406.2 426.2 413.7 390.2 387.5 295.8 275.5 291.5 278.2 279.2 293.3
121.4 89.8 53.6 90.4 109.8 110.8 137.3 93.4 125.6 89.1 92.2 77.3 82.3 88.0 122.4 118.4 86.0 43.2 45.2 43.7 47.5 60.1 121.6 124.3 48.5 44.3 46.3 49.7 53.4 51.7 52.4 51.9 48.6 47.0 42.3 50.8 57.2 60.5 69.6 84.7 77.2 83.5 88.1 86.8 86.9 87.1 90.6 87.1 85.6 85.3 85.1 90.3 97.3 96.3 99.3 126.6 163.2 244.7 343.3 355.4 347.9 345.9 349.4 361.5 375.2 385.6 407.2 414.0 400.4 403.3 286.1 243.2 283.1 288.2 288.1 280.4
-999.0 143.4 102.0 47.1 100.7 127.4 91.5 120.5 105.6 88.5 78.5 111.5 89.9 116.0 232.5 256.1 241.0 119.6 84.0 46.2 62.4 75.8 82.6 130.7 74.9 44.6 45.5 45.9 48.3 51.6 52.0 67.2 58.9 50.4 60.7 64.1 71.6 77.1 79.0 80.8 87.0 87.3 89.6 93.9 85.9 91.1 96.9 93.1 88.8 92.5 90.5 90.9 93.2 97.2 98.9 106.9 176.0 291.9 306.3 351.7 351.9 355.5 358.0 360.8 358.9 376.5 358.5 398.7 408.5 387.0 355.6 236.2 249.1 279.0 248.7 276.0
-999.0 205.4 142.5 61.8 50.7 47.7 45.4 109.1 108.4 76.0 73.1 93.9 92.6 93.3 113.1 132.6 207.6 124.8 120.9 93.7 64.3 66.3 51.2 51.1 44.3 44.5 44.4 46.0 45.8 47.7 56.0 55.4 60.4 60.3 57.2 66.1 71.9 70.1 75.9 81.1 87.6 89.4 91.9 91.3 92.1 93.0 98.9 95.5 97.7 94.5 96.6 96.9 98.0 101.5 104.8 118.5 157.8 180.1 241.8 289.0 350.2 352.3 354.2 369.9 343.7 354.4 354.4 374.8 398.2 389.9 339.5 263.8 239.0 244.4 249.4 250.7
-999.0 231.1 122.0 152.8 124.7 101.7 47.5 94.4 114.5 93.0 90.2 99.9 98.6 97.3 82.3 75.3 147.8 126.1 145.9 121.9 107.1 74.4 44.3 49.6 44.1 44.6 45.0 45.1 45.3 54.9 46.1 50.7 56.1 73.4 74.3 69.6 69.4 75.2 78.5 77.8 79.3 86.0 86.8 90.8 95.1 102.2 103.8 103.4 101.8 102.3 102.1 103.2 104.8 106.2 104.5 115.7 140.0 174.6 202.5 240.8 330.9 365.6 359.0 364.7 287.2 314.0 333.4 377.4 395.9 377.3 323.6 230.5 239.6 236.2 244.6 239.8
-999.0 142.7 150.2 197.3 123.7 141.6 53.3 98.4 88.5 75.5 111.8 79.8 85.4 73.4 79.2 73.4 121.1 149.6 91.4 127.3 125.6 124.9 70.7 53.5 43.5 43.9 44.8 45.5 45.2 44.6 46.4 47.6 50.4 61.8 70.3 72.8 79.0 80.1 81.7 80.5 84.4 84.4 88.1 92.8 91.7 101.8 106.8 104.1 105.8 107.4 102.1 108.4 107.2 103.2 100.3 103.0 114.2 192.9 181.2 214.0 307.8 337.1 351.2 309.8 283.3 282.8 326.7 375.8 390.6 364.2 315.2 267.8 236.3 243.6 244.3 245.9
-999.0 199.8 136.2 87.5 104.0 50.3 63.0 100.3 83.2 89.3 89.0 88.2 91.8 64.5 79.3 83.6 89.3 86.1 122.6 93.5 105.6 68.8 49.5 58.7 43.7 43.8 44.1 44.8 47.7 44.5 46.0 47.0 47.6 50.9 59.2 66.0 66.7 73.9 68.1 78.0 83.6 84.9 80.3 82.0 90.6 93.6 98.1 102.7 104.0 102.6 100.9 108.5 109.2 102.8 103.4 103.3 109.7 132.9 159.5 197.2 212.5 270.4 309.9 360.6 288.8 269.9 300.6 358.8 367.1 358.0 331.8 266.7 239.5 246.7 246.1 247.7
-999.0 -999.0 236.3 234.8 89.5 93.7 77.8 102.9 100.8 90.2 78.0 68.5 52.7 79.2 89.8 110.5 108.0 96.2 92.9 95.0 78.9 92.2 90.0 60.1 55.6 51.1 43.7 44.6 45.9 46.2 44.6 46.5 46.4 49.5 50.0 57.6 62.2 78.4 70.4 71.5 79.5 77.3 84.1 86.9 87.8 96.0 94.8 99.3 95.2 99.5 99.5 101.9 99.0 100.5 98.2 102.4 112.5 119.0 121.1 236.5 190.1 222.5 247.3 337.7 291.6 292.2 307.4 348.1 378.4 368.1 298.0 278.2 224.5 242.2 243.7 243.0
-999.0 -999.0 -999.0 104.7 111.6 102.5 56.7 128.7 129.6 118.5 89.6 50.7 67.7 83.8 105.7 110.7 104.4 107.8 104.5 109.3 105.1 98.2 75.5 72.4 48.8 44.0 44.0 43.9 44.7 45.2 45.4 44.7 47.4 46.9 48.4 50.9 54.8 59.0 65.9 72.6 81.9 85.0 83.9 84.5 88.9 92.5 92.9 97.2 96.3 97.0 96.8 96.8 97.8 93.1 101.1 99.5 104.9 121.5 118.2 133.3 253.4 180.1 183.5 261.2 263.6 277.5 331.4 305.3 355.6 385.2 283.5 213.5 205.6 223.0 233.0 245.3
-999.0 -999.0 -999.0 -999.0 117.0 67.9 56.4 77.1 77.1 110.3 54.4 49.9 58.9 96.5 92.3 119.8 83.5 82.7 109.3 103.9 88.1 89.2 79.7 67.7 64.5 54.1 43.6 44.2 44.2 45.0 45.5 45.7 45.7 47.1 46.2 47.8 52.2 55.9 57.9 62.2 60.1 76.0 75.8 79.4 83.1 83.7 92.6 91.8 97.7 97.8 97.9 96.8 97.3 101.2 103.9 105.2 108.9 115.5 108.4 121.2 194.5 195.1 188.3 232.2 207.6 266.4 309.8 304.6 357.6 362.7 273.2 186.3 192.3 194.8 214.9 228.6
-999.0 -999.0 -999.0 -999.0 -999.0 107.5 61.5 54.3 73.8 51.7 102.1 102.1 81.7 88.4 77.9 108.2 87.6 88.9 86.6 107.9 89.9 81.0 65.8 75.0 75.2 46.5 43.7 44.3 44.4 43.6 47.7 45.4 47.3 44.8 46.9 47.4 49.5 53.7 55.0 62.0 57.5 60.2 62.6 80.0 83.4 85.0 90.7 93.4 94.9 97.6 100.2 97.5 97.1 101.3 102.2 101.6 115.8 112.6 113.2 117.0 118.3 145.0 200.2 195.8 181.8 210.2 277.2 363.6 373.4 291.6 282.1 184.4 185.8 193.9 206.5 223.6
-999.0 -999.0 -999.0 -999.0 -999.0 -999.0 108.3 138.0 91.8 53.1 102.5 94.3 92.0 96.6 104.6 106.8 89.2 86.8 85.9 99.8 110.2 70.0 78.3 64.7 52.7 43.5 43.5 43.7 44.1 44.3 44.6 46.8 46.0 46.5 46.3 47.7 48.3 51.2 56.7 58.1 61.4 59.3 57.3 58.5 81.0 83.0 89.9 91.2 92.5 98.9 102.9 99.8 99.0 96.7 102.1 107.3 120.1 119.1 110.5 113.1 112.8 130.6 148.3 178.6 170.5 180.0 332.0 259.4 367.7 262.1 237.8 185.6 186.7 192.4 221.7 228.4
-999.0 -999.0 -999.0 -999.0 -999.0 -999.0 -999.0 -999.0 110.4 57.4 88.5 95.3 91.6 92.3 97.0 86.1 91.0 82.5 85.0 79.1 102.0 50.5 52.4 44.1 55.7 45.1 43.7 43.8 44.0 44.8 44.5 45.7 44.7 45.8 45.7 47.8 48.0 49.9 54.1 57.4 59.4 59.6 54.7 50.7 55.2 86.0 91.0 94.2 93.5 100.9 101.7 101.4 98.0 97.4 100.7 105.4 122.3 118.8 114.3 114.6 116.1 118.4 130.5 151.5 147.7 195.3 245.8 212.8 342.7 316.1 198.2 187.6 188.9 211.0 214.0 244.4
-999.0 -999.0 -999.0 -999.0 -999.0 -999.0 -999.0 -999.0 -999.0 96.5 60.7 104.3 95.8 94.4 82.4 103.3 97.2 75.8 88.9 85.5 75.5 67.3 76.4 62.9 48.6 52.1 44.1 43.9 44.1 44.5 48.2 48.9 46.1 46.0 47.7 51.1 46.8 50.3 53.4 55.2 57.4 55.5 53.9 47.6 51.9 69.1 77.2 96.6 90.4 88.3 100.2 100.1 99.7 99.0 100.7 108.1 117.9 119.8 114.3 117.6 118.5 122.5 125.5 138.5 149.4 142.7 143.3 140.1 240.3 295.0 190.7 189.5 192.1 193.9 288.3 280.2
-999.0 -999.0 -999.0 -999.0 -999.0 -999.0 -999.0 -999.0 -999.0 90.0 58.9 77.2 96.7 88.0 76.1 56.5 79.8 93.4 90.2 91.8 88.7 82.5 53.7 47.7 60.7 58.7 54.1 43.9 45.4 44.8 44.9 47.0 46.2 44.0 44.3 47.5 44.9 47.9 52.0 54.9 54.7 53.5 50.1 46.8 49.0 61.3 66.3 77.4 77.1 98.8 100.1 101.8 100.1 98.2 103.3 103.2 108.4 114.9 117.5 115.5 118.5 125.4 127.9 132.7 140.9 153.8 147.6 135.9 145.3 254.6 226.4 178.0 197.9 216.3 195.9 204.2
-999.0 -999.0 -999.0 -999.0 -999.0 -999.0 -999.0 -999.0 -999.0 121.4 59.9 58.8 85.7 71.2 58.8 56.7 93.9 85.5 97.7 88.8 111.3 86.6 76.9 60.3 48.5 46.5 43.9 45.1 44.7 44.8 48.7 44.9 44.9 45.1 47.3 46.0 45.2 47.5 50.7 57.1 53.9 53.2 52.6 47.1 52.4 59.1 75.1 69.3 75.6 82.9 96.4 100.1 98.5 98.1 103.5 102.8 110.3 114.9 111.9 113.3 115.9 120.9 130.7 134.2 138.6 151.0 145.4 132.8 141.8 193.4 222.6 176.5 193.7 201.5 193.9 253.7
-999.0 -999.0 -999.0 -999.0 -999.0 -999.0 -999.0 -999.0 -999.0 96.8 77.8 66.8 59.7 58.0 57.2 78.5 99.5 98.7 119.6 103.0 112.7 88.1 97.0 50.7 49.4 49.4 43.6 44.0 44.1 44.1 44.8 44.9 44.8 45.1 46.0 45.2 47.4 48.3 49.3 51.7 51.0 51.0 46.7 49.2 49.7 61.4 63.8 67.8 81.1 91.1 94.6 97.5 97.5 95.5 99.6 96.5 107.1 113.8 108.2 108.0 107.7 116.7 125.2 131.4 136.1 145.3 162.6 138.5 136.5 149.2 173.2 181.2 186.2 187.7 190.8 194.9
-999.0 -999.0 -999.0 -999.0 -999.0 -999.0 -999.0 -999.0 -999.0 -999.0 101.3 69.8 60.1 66.7 58.2 57.9 75.3 95.0 113.7 108.1 116.8 83.1 86.4 50.6 53.3 48.4 44.1 44.0 45.7 44.5 45.2 45.4 46.1 46.4 48.2 44.8 47.6 48.4 49.5 50.0 52.5 50.3 46.3 49.6 60.8 62.2 62.1 64.5 68.3 74.6 82.5 91.5 95.1 95.3 98.3 99.6 104.6 107.7 102.0 103.9 104.8 113.9 122.3 124.9 130.4 138.8 146.7 132.2 122.2 137.5 160.1 175.3 181.9 186.5 178.8 186.6
