GSP_annual_reports_SRP_2024_v3/GIS/SRP_2022_Fall_Shallow.tif
NCOLS 191
NROWS  209
XLLCORNER 6295515.91401
YLLCORNER 1783415.49397
CELLSIZE 1000.0
NODATA_VALUE -999
[rows 99 to 131 of 209, columns 76 to 151 of 191]
178.3 189.0 199.0 236.4 317.0 377.9 384.6 475.4 614.8 565.3 700.7 747.0 743.4 785.9 798.6 790.8 791.4 821.0 799.4 853.3 881.9 898.0 961.5 992.5 925.9 922.8 993.8 1006.8 848.7 780.3 637.2 588.1 513.7 545.6 508.2 503.7 450.8 421.5 318.4 264.9 275.9 366.0 368.5 356.7 410.2 352.3 363.2 390.4 460.6 549.6 654.5 785.3 784.6 816.0 824.7 777.1 872.6 992.3 924.6 1068.7 1050.6 1038.9 1046.4 1041.9 1027.7 897.5 886.0 1054.1 1013.9 884.1 892.3 960.9 869.0 853.3 796.9 719.6
175.6 191.1 200.7 222.5 259.7 330.7 383.0 477.4 567.7 642.9 719.2 739.4 753.2 785.1 792.0 829.8 876.1 905.7 879.7 987.0 998.2 1014.5 1012.9 1001.5 1003.6 1031.9 1008.5 978.3 879.7 854.1 706.0 552.2 593.5 591.3 537.6 497.0 501.2 455.4 319.2 263.6 401.4 283.4 288.9 331.8 341.6 359.9 395.2 413.4 435.2 486.8 622.3 679.9 633.0 782.1 774.2 674.7 877.2 867.4 868.5 884.0 1068.6 1034.6 1042.8 1044.5 1052.4 1037.8 796.4 828.9 905.3 858.5 899.0 910.5 899.7 830.7 748.0 792.5
162.0 182.2 207.6 254.3 269.8 351.3 388.0 407.8 586.2 638.9 697.2 739.7 751.9 792.5 820.2 809.2 801.2 886.6 847.5 934.8 1007.0 998.1 1006.2 986.6 1003.9 979.9 967.0 837.5 853.3 756.2 700.5 660.2 624.4 594.3 555.3 519.6 507.2 452.0 304.7 298.9 270.5 262.6 263.3 282.2 258.3 332.5 342.8 347.0 443.0 467.9 588.9 654.2 596.3 625.6 750.0 626.7 787.6 867.6 809.6 788.2 1074.4 1049.6 1083.9 1011.3 1058.4 1069.8 1002.5 846.3 830.6 841.7 861.2 869.1 873.8 859.5 763.9 728.3
159.3 157.9 211.6 247.7 272.5 365.3 385.5 410.2 585.6 672.3 684.2 724.6 777.6 812.2 836.3 799.4 819.0 881.2 855.0 896.4 1028.5 1006.8 995.6 986.3 990.0 1005.3 998.0 895.5 815.1 706.4 714.4 735.8 706.1 627.8 539.0 513.7 459.7 453.7 365.5 289.0 240.6 244.9 249.2 270.9 257.5 257.7 343.5 337.0 332.8 458.4 519.6 471.0 504.9 664.3 650.2 634.3 647.8 750.1 783.5 760.3 894.2 886.8 936.5 857.5 911.6 906.9 1003.8 824.3 801.1 753.7 750.2 808.0 853.8 804.4 786.7 756.2
161.7 162.6 191.3 265.4 257.2 299.0 377.0 405.0 422.1 494.4 656.9 697.7 798.5 744.2 830.8 821.3 800.0 841.8 869.9 935.6 995.7 1007.3 1009.1 986.3 990.0 991.7 1008.0 1031.1 850.0 771.5 843.1 831.1 729.7 660.6 567.0 494.6 502.8 493.4 424.0 360.0 277.1 263.0 253.7 231.5 254.9 268.8 242.0 319.6 341.7 388.4 469.5 597.9 647.9 663.4 643.2 569.2 640.7 642.1 702.1 677.6 791.9 813.9 944.8 812.1 868.7 950.5 880.2 894.3 819.9 738.4 771.4 780.9 768.0 784.3 787.3 688.6
171.6 219.5 233.6 220.1 277.2 294.5 332.1 403.5 531.4 634.5 694.1 700.9 761.4 844.9 826.6 832.1 819.2 829.0 928.2 935.5 954.7 995.3 1015.4 990.4 990.0 997.8 995.9 979.2 835.8 843.0 838.7 773.6 738.8 716.7 681.2 627.9 499.7 503.3 430.5 369.5 365.6 271.1 277.3 237.8 236.0 248.2 221.6 231.3 331.3 412.7 489.3 475.0 569.4 646.3 488.3 551.8 599.2 695.2 642.9 669.7 642.0 765.8 830.7 730.2 819.9 875.5 805.4 971.3 844.2 728.5 751.1 742.5 721.6 720.6 687.7 536.8
177.5 207.3 232.5 288.1 242.3 299.6 329.9 406.8 432.7 600.6 707.9 734.8 781.2 818.5 782.4 799.8 801.2 816.3 839.8 879.4 1018.9 1006.5 1003.2 989.5 989.1 989.9 1003.0 984.2 951.0 968.9 928.3 819.8 726.1 718.5 723.1 691.6 616.9 526.3 426.6 385.3 347.1 366.3 274.8 226.7 217.3 227.1 228.7 245.5 327.9 361.7 370.0 358.2 473.6 491.2 480.1 653.5 670.0 682.5 683.2 648.8 647.9 668.9 631.5 639.7 774.8 779.9 753.7 890.7 811.1 712.8 741.5 769.1 732.5 716.4 709.3 737.5
178.4 198.5 208.1 219.9 291.7 260.3 304.5 412.0 426.7 443.4 584.5 687.3 752.1 820.3 819.0 793.2 825.6 829.1 818.1 849.7 995.4 1012.5 1002.5 992.5 991.6 989.9 991.4 1007.2 986.7 1021.2 1020.5 962.3 832.9 733.7 714.5 705.9 579.6 540.9 492.8 396.6 304.9 272.4 279.9 218.7 204.7 212.7 210.0 233.5 320.3 329.8 425.0 495.8 492.1 580.4 563.4 593.8 670.6 676.7 652.7 630.8 651.4 613.9 654.7 651.3 698.9 662.1 768.3 695.8 782.7 807.2 868.5 755.2 762.2 646.0 717.3 768.0
175.5 191.0 209.9 232.4 244.4 254.6 290.8 312.3 394.0 439.6 445.2 590.7 704.1 782.6 799.4 795.8 830.9 830.4 847.6 911.2 1045.4 1009.0 1003.5 994.0 993.2 989.9 998.4 990.9 996.8 999.9 1021.8 934.9 845.4 757.1 731.8 698.5 616.2 488.7 511.6 363.5 350.9 275.8 250.2 233.2 233.2 212.3 208.7 220.3 242.5 341.7 446.5 484.8 505.3 559.5 547.2 625.1 668.0 666.2 739.0 664.3 563.1 592.2 665.7 657.1 636.1 754.2 657.9 651.4 808.9 824.3 864.5 829.0 754.2 845.3 808.9 795.5
172.7 186.1 206.4 231.3 243.1 265.2 314.3 315.0 387.2 417.9 443.7 534.4 659.1 699.7 733.5 760.2 783.0 805.3 943.6 949.2 1048.6 1006.9 1007.1 994.6 991.5 989.9 991.4 990.9 1012.4 992.3 1009.7 1019.8 1005.9 846.7 804.4 682.7 622.4 523.8 467.4 392.8 345.7 350.7 285.2 250.2 207.6 189.5 204.0 210.9 209.0 259.2 333.5 446.3 458.3 484.8 541.8 655.3 669.2 641.1 724.6 643.1 551.8 571.6 649.4 624.1 654.2 680.6 731.7 659.8 801.5 897.7 817.2 893.9 812.6 846.4 858.7 846.6
169.0 205.5 228.0 272.5 304.7 298.0 379.2 391.5 389.2 418.0 452.3 481.4 694.9 719.5 786.8 783.9 820.9 798.4 868.5 990.9 1004.5 1011.8 1001.6 999.3 991.5 989.9 991.4 998.3 1042.7 1015.0 1021.8 1012.3 1014.1 925.0 831.9 776.7 675.2 572.9 473.1 447.8 368.8 337.3 285.0 259.7 245.4 186.9 194.8 194.2 206.5 215.1 265.0 394.3 409.1 520.3 518.7 564.6 669.2 679.6 661.4 581.8 650.6 581.1 598.0 599.9 670.6 649.8 644.3 636.2 789.3 834.2 767.4 912.8 830.9 839.6 793.3 836.7
186.4 200.1 277.7 295.5 311.9 358.0 362.9 403.2 413.8 418.0 458.9 571.0 712.7 720.4 799.7 706.8 783.6 833.6 834.7 902.5 1005.8 1006.8 1002.7 998.2 995.0 989.5 990.9 993.1 1014.5 1058.8 1047.8 1022.2 1020.9 1028.4 965.8 807.1 638.9 626.6 568.8 438.3 425.2 354.6 356.9 273.1 243.5 217.3 190.9 190.3 191.0 201.4 319.5 403.4 359.2 495.2 499.5 606.4 653.6 585.3 563.9 581.8 646.7 642.6 587.9 596.1 644.9 670.9 634.1 758.9 795.0 828.5 683.6 814.1 850.8 844.6 734.3 731.9
181.1 210.7 273.3 300.4 303.1 268.6 338.1 388.8 397.3 428.3 449.6 588.1 686.0 707.2 697.6 759.0 822.6 822.7 797.4 846.5 950.5 978.8 995.3 999.9 995.0 989.9 990.9 990.9 995.6 983.0 956.3 1056.4 1066.4 1019.0 909.4 782.8 682.4 669.3 474.7 449.4 453.3 360.3 286.3 275.2 244.1 209.7 189.2 186.2 186.6 193.3 302.4 314.8 327.6 443.5 479.8 608.5 584.2 472.6 654.3 668.0 666.3 664.6 653.5 634.9 699.9 621.4 654.0 655.2 786.6 797.7 676.3 797.1 881.6 824.3 725.7 718.0
178.3 209.0 245.4 217.3 254.2 241.1 307.6 288.3 371.8 413.3 442.0 499.2 588.2 707.4 740.6 770.8 765.9 833.4 805.0 846.3 856.8 878.0 1053.2 1001.2 1001.2 989.9 989.6 1001.2 1009.9 1044.3 937.9 1028.7 1006.8 1084.0 867.4 784.5 663.0 568.3 513.2 462.8 457.5 438.1 291.0 253.9 250.2 207.0 204.7 181.5 183.5 182.0 197.7 299.7 427.8 379.3 437.3 570.1 509.5 511.7 569.9 649.7 672.4 636.0 664.2 669.7 649.7 584.3 572.0 640.8 659.9 797.9 640.5 647.5 803.0 732.0 671.7 657.5
142.0 180.3 146.8 155.8 185.2 209.0 261.9 281.4 371.1 412.6 449.9 536.1 679.7 689.4 745.2 765.0 759.7 826.8 831.0 818.2 819.5 873.3 878.8 1029.1 993.5 1009.2 989.6 990.9 995.1 1042.0 1055.4 873.9 847.3 900.8 982.7 801.2 676.8 637.6 560.5 441.3 446.8 378.2 280.7 278.8 243.1 207.3 200.3 180.0 181.1 180.6 183.1 293.4 337.1 355.6 391.4 497.5 478.3 469.6 587.7 656.0 644.7 599.0 668.0 664.8 635.0 545.7 583.9 609.6 637.2 732.0 629.2 625.9 766.6 778.6 740.8 661.0
132.9 140.2 148.4 153.8 202.2 233.1 240.4 277.4 346.7 396.2 429.3 529.3 587.0 619.7 700.8 759.2 754.6 804.8 821.7 847.6 841.4 855.0 883.8 924.2 1000.9 994.1 989.6 998.3 1012.2 999.3 965.1 888.0 867.1 862.2 880.8 872.6 772.8 666.1 580.1 578.4 449.0 357.8 366.6 304.6 257.7 231.8 208.3 189.1 180.6 179.2 181.4 209.5 300.8 312.9 325.0 430.2 352.4 444.8 573.8 565.7 569.9 597.7 648.0 580.5 544.2 478.2 563.1 668.1 646.2 623.4 645.7 641.7 702.7 658.1 782.6 668.6
133.7 147.3 149.3 153.2 191.8 219.5 230.8 281.7 326.6 393.3 438.8 491.1 556.4 600.9 689.9 736.2 756.0 761.3 746.1 840.6 843.2 841.6 864.4 847.6 1035.8 994.9 989.6 1035.1 1048.4 946.0 854.5 842.8 832.2 861.8 865.5 820.8 822.8 774.3 657.0 653.6 469.1 370.7 302.2 277.8 256.9 242.6 209.7 191.6 179.0 180.4 181.5 176.7 208.2 212.9 323.9 307.7 355.9 442.1 564.6 508.5 565.7 479.9 481.6 447.1 435.7 449.5 606.0 601.1 611.7 575.4 564.7 635.0 659.3 618.9 670.0 671.2
134.1 144.1 145.8 145.6 157.5 228.5 227.8 268.8 329.5 388.7 423.3 491.9 495.8 609.3 610.9 694.5 739.2 738.1 718.0 813.1 841.2 837.8 833.7 838.4 931.5 1039.7 989.6 1036.1 1045.1 882.2 832.5 821.6 796.7 739.9 796.6 773.1 751.1 798.8 780.2 681.5 570.8 428.6 278.0 274.5 257.6 246.9 207.5 188.5 179.5 175.8 169.8 179.5 196.7 205.8 298.8 328.6 462.3 520.1 604.0 484.2 477.3 451.0 403.7 327.0 481.2 506.8 606.0 603.7 470.6 571.9 476.0 638.0 616.6 644.4 645.2 637.2
125.5 120.9 140.4 144.1 154.2 218.9 213.2 267.2 330.0 386.9 418.0 436.9 469.7 506.1 549.3 559.3 623.2 706.7 767.0 775.1 820.2 825.7 727.2 857.5 842.4 942.3 1007.8 1016.0 965.8 945.6 845.3 819.7 716.5 703.3 705.3 672.2 682.8 677.5 648.2 652.8 473.5 457.7 272.1 259.5 247.3 227.5 207.9 188.1 178.7 176.0 173.2 171.6 186.4 295.5 299.8 315.8 454.9 475.8 585.8 492.8 431.7 356.1 328.4 331.5 467.1 459.3 531.9 572.1 429.7 478.0 535.2 640.8 561.2 582.5 646.2 659.7
98.6 140.8 133.3 156.8 146.7 165.8 168.8 251.4 300.9 366.2 416.7 445.2 469.4 475.5 514.8 504.3 525.7 689.6 699.9 759.0 747.6 775.1 719.2 788.9 841.4 804.9 857.0 961.1 1045.9 1030.0 820.8 818.6 738.7 712.7 701.5 557.2 631.1 612.4 629.3 530.8 525.2 479.5 276.0 248.7 238.3 228.6 205.3 189.6 180.0 172.8 173.5 169.5 178.9 175.6 216.2 348.8 432.7 485.4 483.9 447.7 458.9 467.5 358.5 449.0 507.1 435.2 435.5 434.2 471.8 444.0 510.4 488.8 458.5 525.0 569.8 604.0
98.1 120.7 107.9 112.4 158.3 158.4 221.4 235.9 260.4 330.9 408.6 447.7 459.2 488.4 484.8 481.8 514.5 550.5 662.1 733.2 755.4 753.5 779.8 763.0 803.1 831.3 827.2 818.0 937.3 976.1 865.2 821.0 791.6 742.9 708.6 579.1 528.8 513.6 688.1 484.5 481.2 424.1 276.8 246.8 216.4 209.0 194.8 178.0 172.3 169.0 166.8 156.0 178.6 184.4 179.5 178.8 295.3 382.0 421.4 334.3 491.4 436.1 385.7 331.1 409.5 381.3 403.1 330.9 354.1 454.1 480.1 465.0 476.4 473.6 500.9 547.6
97.5 106.9 108.6 116.0 155.4 149.5 173.7 218.1 217.3 281.4 351.1 345.2 404.2 484.3 471.8 474.6 506.8 569.9 612.4 674.8 690.8 745.0 755.6 736.4 750.8 839.1 815.2 827.3 840.1 938.0 854.7 823.8 800.7 700.5 716.7 579.4 530.1 485.1 642.5 590.1 453.2 433.9 351.1 230.4 209.9 197.7 189.6 172.5 178.1 176.9 166.6 155.0 160.9 174.1 176.4 168.7 170.4 317.2 321.3 297.9 409.6 410.6 321.2 299.6 304.0 293.1 211.8 311.8 319.9 423.9 427.3 453.8 465.7 580.5 505.7 527.6
81.9 96.2 92.2 114.2 112.9 125.1 151.1 166.2 180.7 251.7 261.9 270.4 350.7 384.4 379.4 479.8 505.5 562.5 590.0 559.2 600.8 718.8 696.1 721.2 746.3 756.6 804.9 811.1 833.4 841.7 933.0 846.7 822.6 746.1 716.1 569.7 512.6 487.0 510.5 605.8 445.7 428.5 358.8 237.5 223.9 208.8 195.0 181.9 176.1 168.9 165.4 163.5 164.3 168.6 167.1 166.5 165.3 165.9 169.0 178.4 301.9 204.7 195.0 181.9 190.5 192.1 202.9 227.1 312.9 431.5 393.2 451.9 485.6 518.6 558.5 519.9
72.5 83.9 86.1 98.5 116.0 121.3 166.6 225.1 208.9 215.3 236.5 263.4 325.4 351.3 364.9 498.1 474.4 491.9 496.2 496.6 598.2 690.6 630.2 693.5 709.8 747.8 725.0 794.6 817.6 825.4 828.8 841.2 835.2 797.9 717.3 676.5 530.1 493.2 400.3 471.3 468.2 371.0 282.0 244.5 234.3 207.9 198.3 181.3 174.8 168.0 161.3 160.4 159.0 155.6 163.8 163.4 157.6 163.2 165.8 169.0 182.2 169.3 175.3 177.9 180.0 183.1 197.6 206.0 306.4 362.9 442.5 449.6 465.7 479.5 572.3 501.1
68.9 75.0 77.0 93.5 101.6 128.0 169.3 217.1 189.1 241.6 269.2 285.4 334.8 295.7 376.3 421.3 355.7 435.2 493.7 568.0 615.4 645.0 552.4 676.6 719.6 726.4 751.3 747.2 810.8 824.3 808.1 813.6 850.9 822.3 710.0 687.1 529.3 498.9 452.9 371.6 417.4 372.6 276.9 255.9 235.2 205.5 202.1 181.4 177.8 168.3 162.2 155.7 152.9 154.2 155.4 154.0 153.8 152.8 155.3 159.5 162.4 165.8 171.0 173.9 179.4 179.1 185.0 200.0 204.0 301.2 384.5 445.8 451.2 491.9 581.9 508.2
64.8 72.2 74.5 86.8 87.8 121.8 153.8 207.4 181.0 211.1 255.7 269.9 329.6 286.9 306.0 361.0 348.0 375.3 378.9 476.1 541.3 607.0 609.7 599.4 617.8 721.6 708.2 745.3 750.2 728.1 759.1 786.0 825.7 834.5 731.2 709.5 587.0 585.3 449.1 374.8 403.5 354.9 337.6 322.8 236.2 209.8 201.5 185.3 175.8 165.2 162.7 154.5 153.5 153.8 153.0 153.7 153.1 152.9 153.8 154.2 160.8 162.4 168.2 169.8 174.5 171.9 179.5 179.8 176.6 257.4 426.1 431.0 445.7 478.2 562.4 511.7
62.6 68.8 73.4 97.6 106.5 106.9 143.2 202.4 185.9 187.8 221.1 263.8 275.5 318.2 275.9 301.8 370.8 321.1 353.6 431.9 490.7 495.8 519.2 509.9 605.9 722.7 751.4 760.0 724.6 719.2 732.1 732.0 820.8 829.6 730.8 701.9 612.6 589.3 477.9 374.5 364.5 368.5 341.4 381.9 230.5 207.4 200.9 178.6 174.8 166.5 159.3 153.7 152.6 152.6 152.1 152.2 151.9 151.9 152.9 153.6 153.7 158.5 163.7 164.6 169.7 169.7 169.7 176.9 170.2 245.8 407.4 444.4 448.7 472.8 498.4 522.4
87.0 138.5 101.5 106.4 135.8 129.9 135.3 155.7 140.2 173.0 233.1 247.2 256.9 269.4 261.4 300.1 319.0 306.2 354.8 355.9 382.9 469.7 505.1 504.6 598.4 632.1 692.3 742.6 749.5 716.0 741.2 741.9 799.3 836.9 782.9 726.7 640.6 644.1 534.4 369.1 370.8 425.8 424.9 425.0 208.8 206.5 191.7 176.7 171.2 163.6 160.7 153.1 152.7 152.5 152.2 151.9 151.9 152.1 151.8 152.5 152.8 153.9 154.1 161.2 161.6 163.4 164.8 168.4 164.3 215.0 335.7 450.0 444.4 473.6 486.9 509.6
137.5 88.5 131.1 92.7 109.0 119.3 142.0 123.5 215.5 179.6 215.8 229.8 237.6 246.1 294.2 335.0 337.2 279.9 354.5 305.0 372.6 384.4 471.6 488.2 518.3 572.5 674.5 679.1 695.6 722.4 685.7 720.6 744.5 818.2 833.7 709.9 722.4 684.0 591.2 473.0 363.3 367.7 399.6 411.3 197.8 188.7 179.3 175.8 174.5 160.2 155.5 152.9 152.5 156.3 152.0 150.2 149.6 149.0 149.7 150.4 151.9 152.5 152.5 152.9 152.5 154.3 159.5 163.0 161.5 191.9 235.6 430.5 506.1 481.5 489.5 495.2
82.0 74.7 96.5 81.1 101.0 96.2 118.7 136.4 207.2 179.9 186.7 198.1 234.1 270.9 278.6 345.1 273.7 283.1 322.2 316.6 354.9 358.0 361.6 390.0 506.5 507.2 556.1 613.5 611.9 729.4 709.2 718.6 713.6 755.1 833.2 803.6 722.2 700.6 589.8 463.0 427.3 314.5 366.0 356.1 182.2 175.9 173.3 171.2 163.2 159.1 151.3 151.9 152.2 149.6 149.8 148.3 144.9 147.1 145.9 147.1 148.7 145.9 149.5 151.4 152.5 152.8 153.6 153.6 153.5 164.8 193.7 280.2 473.0 524.6 561.9 496.0
54.7 64.9 69.8 72.6 73.6 77.5 88.7 110.9 193.7 143.3 180.5 187.7 196.7 204.1 294.9 276.9 231.0 307.0 310.6 277.5 362.3 355.2 359.7 378.1 479.3 495.6 506.1 519.0 561.5 612.1 689.8 712.9 679.4 740.0 774.4 782.5 750.3 707.1 681.6 479.0 414.8 296.9 307.6 329.8 178.5 174.5 169.3 164.5 159.7 151.4 150.7 150.6 147.3 145.8 148.0 146.9 145.3 146.7 145.1 145.1 146.2 144.9 145.1 145.5 149.0 146.0 152.0 152.9 152.9 152.9 170.0 263.5 402.5 543.8 614.4 530.8
53.2 57.5 58.6 65.6 69.9 77.3 81.5 98.2 137.3 145.3 156.8 156.7 184.8 176.7 214.3 275.9 239.8 321.3 323.2 240.1 332.1 325.9 334.1 346.6 369.1 389.5 502.9 506.4 509.6 637.9 604.6 684.0 613.7 697.3 721.2 748.1 730.9 724.1 619.5 490.6 440.8 361.0 260.5 284.5 184.9 171.7 167.9 163.6 160.2 149.5 149.1 149.5 146.3 145.3 144.7 142.7 144.7 145.1 144.0 142.6 144.1 143.8 140.6 144.6 144.9 146.7 148.2 152.2 152.2 151.6 154.9 175.4 263.4 489.3 648.6 668.4
53.3 59.4 57.7 65.2 68.6 73.8 82.9 90.4 112.3 142.7 153.0 157.1 169.6 169.3 170.7 195.0 232.6 301.0 301.4 213.5 302.1 266.9 334.9 329.6 337.3 340.2 452.2 491.1 503.0 506.3 530.7 600.7 611.1 543.4 619.1 692.6 702.2 705.4 548.6 580.2 466.9 422.1 329.1 238.7 205.3 175.9 173.6 163.7 158.5 151.9 149.5 146.8 144.7 143.8 144.7 144.4 143.8 144.0 140.8 140.5 140.8 139.2 140.5 141.5 144.1 144.5 146.9 147.2 147.9 150.3 153.2 166.7 200.9 275.1 401.7 552.0
