GSP_annual_reports_SRP_2024_v3/GIS/SRP_2022_Spring_Shallow.tif
NCOLS 191
NROWS  209
XLLCORNER 6295515.91401
YLLCORNER 1783415.49397
CELLSIZE 1000.0
NODATA_VALUE -999
[rows 66 to 98 of 209, columns 0 to 75 of 191]
-999.0 -999.0 -999.0 -999.0 -999.0 -999.0 -999.0 -999.0 -999.0 102.5 78.3 77.1 64.9 64.1 62.7 81.7 99.6 112.8 132.1 113.3 123.7 97.7 95.6 66.4 57.8 55.5 46.9 48.7 49.0 48.8 52.5 53.3 54.3 55.2 60.2 61.6 64.0 66.9 68.8 71.0 72.2 72.0 74.0 78.2 81.7 84.8 84.0 86.6 95.3 103.7 107.5 114.0 113.5 116.6 120.1 122.7 128.8 133.3 137.2 141.5 148.1 152.7 155.1 156.8 162.7 166.3 175.6 172.7 178.4 180.3 187.3 192.0 198.3 199.6 207.4 209.9
-999.0 -999.0 -999.0 -999.0 -999.0 -999.0 -999.0 -999.0 -999.0 -999.0 103.7 75.4 63.8 75.0 63.4 66.8 79.3 104.6 127.9 124.4 125.7 98.9 95.2 64.5 62.8 50.6 47.0 49.5 49.2 50.7 51.8 53.2 54.9 58.1 61.0 61.4 64.7 66.6 67.4 70.1 70.7 71.9 77.1 77.9 82.0 82.7 79.5 82.6 92.0 97.1 102.8 111.2 119.9 117.4 121.5 124.7 127.5 134.7 137.7 140.0 146.6 152.8 155.0 153.5 159.8 163.5 171.4 171.3 169.9 176.7 183.3 190.4 197.6 200.9 198.0 204.6
-999.0 -999.0 -999.0 -999.0 -999.0 -999.0 -999.0 -999.0 -999.0 -999.0 100.8 75.4 103.1 83.6 71.1 63.5 73.7 105.8 119.7 134.8 133.0 113.2 96.9 59.8 57.1 52.0 48.1 50.3 53.4 54.1 52.7 55.5 58.4 60.5 63.9 64.1 62.9 78.4 70.5 68.6 70.1 80.4 78.5 82.0 82.8 89.6 90.0 96.5 93.9 105.2 108.1 106.6 113.8 120.0 122.1 126.2 127.4 129.7 135.6 149.2 146.7 150.2 153.9 153.4 157.7 163.5 172.8 174.3 170.9 164.7 177.5 191.2 196.2 201.1 201.2 201.9
-999.0 -999.0 -999.0 -999.0 -999.0 -999.0 -999.0 -999.0 -999.0 -999.0 85.8 78.9 111.6 101.9 107.4 79.3 63.2 106.1 118.4 126.8 129.3 124.7 99.1 98.8 73.4 52.4 49.2 52.7 53.8 57.9 54.6 56.6 57.3 58.8 63.4 65.5 73.6 78.0 78.2 83.4 75.0 80.0 80.7 81.3 82.7 86.7 80.9 93.6 95.7 98.7 97.7 105.5 117.2 120.8 120.4 125.9 126.7 132.0 136.4 139.2 149.2 149.6 153.5 157.7 158.6 161.3 167.3 177.5 176.9 172.6 178.3 193.0 200.4 202.9 203.8 205.6
-999.0 -999.0 -999.0 -999.0 -999.0 -999.0 -999.0 -999.0 -999.0 -999.0 84.1 81.4 82.0 108.1 92.9 74.9 65.0 82.7 106.0 109.3 128.6 119.9 98.9 101.1 66.3 51.1 50.4 51.2 53.4 58.1 55.9 60.2 56.7 59.2 63.6 67.1 70.0 81.0 74.2 73.6 71.7 78.7 81.9 81.6 83.4 86.5 84.1 88.5 95.3 101.3 120.4 109.0 111.7 115.9 117.7 123.6 125.9 132.3 134.9 140.6 149.8 147.6 151.1 143.2 157.7 161.0 165.8 179.1 194.5 181.3 189.0 197.4 203.4 206.5 206.4 209.0
-999.0 -999.0 -999.0 -999.0 -999.0 -999.0 -999.0 -999.0 -999.0 -999.0 106.7 90.0 136.0 128.0 108.3 65.9 73.6 81.2 106.4 102.8 120.4 120.5 99.2 99.3 80.1 52.1 50.8 51.1 52.5 52.7 52.9 54.7 57.1 56.2 64.4 67.5 70.8 75.0 71.8 68.4 79.0 80.1 80.6 80.8 81.9 85.0 86.9 88.9 95.7 96.5 107.8 107.1 115.7 115.7 117.7 124.1 122.2 128.1 134.4 138.7 142.4 144.4 150.9 155.0 159.8 163.3 161.8 177.2 181.3 188.5 216.3 214.0 204.7 209.5 208.9 207.3
-999.0 -999.0 -999.0 -999.0 -999.0 -999.0 -999.0 -999.0 -999.0 -999.0 109.2 108.6 133.6 134.9 105.8 67.4 74.0 83.4 105.1 117.2 118.6 105.0 98.8 95.5 99.2 71.5 50.7 50.9 50.4 58.8 52.2 54.4 53.8 58.7 62.4 64.7 63.5 62.4 67.7 73.3 71.5 79.0 79.0 81.8 83.0 84.9 89.4 91.9 93.9 99.3 104.4 109.2 108.0 117.2 120.1 119.6 118.8 121.8 127.5 134.0 159.8 150.9 151.1 155.6 161.7 164.1 165.0 172.0 236.5 239.6 219.7 213.8 205.8 210.7 207.2 206.7
-999.0 -999.0 -999.0 -999.0 -999.0 -999.0 -999.0 -999.0 -999.0 -999.0 -999.0 107.3 138.3 132.5 109.7 71.1 75.2 73.5 104.5 106.0 116.8 103.1 98.7 95.3 95.5 73.5 52.6 50.8 50.4 50.1 51.8 53.6 55.0 57.4 63.9 60.9 61.4 70.7 67.4 68.6 72.5 71.2 78.3 81.3 82.4 86.0 85.9 89.5 93.7 92.9 99.1 105.6 112.2 112.5 116.8 119.7 116.3 119.9 117.7 130.9 131.5 138.9 147.9 152.9 158.8 165.4 171.0 184.4 201.2 348.6 355.3 280.4 219.2 209.3 206.9 208.7
-999.0 -999.0 -999.0 -999.0 -999.0 -999.0 -999.0 -999.0 -999.0 -999.0 -999.0 111.3 129.4 131.7 110.2 82.3 76.9 75.3 81.1 104.4 101.4 105.6 100.1 99.0 95.3 94.6 91.1 79.0 50.6 49.9 57.0 54.1 51.9 58.9 69.9 64.4 59.8 64.0 65.5 76.5 79.6 79.9 78.2 82.9 81.9 85.9 84.4 87.1 92.8 92.6 97.8 101.8 105.2 109.2 113.6 116.7 119.7 119.5 121.2 129.0 129.5 137.7 144.0 145.2 151.0 161.2 162.8 165.9 192.7 279.4 352.0 329.4 282.6 209.3 203.0 211.3
-999.0 -999.0 -999.0 -999.0 -999.0 -999.0 -999.0 -999.0 -999.0 -999.0 -999.0 148.8 157.5 144.6 113.4 107.1 81.6 76.7 76.4 107.5 104.5 105.4 105.6 100.0 93.7 93.8 98.3 60.9 49.3 48.9 55.3 52.1 54.4 57.8 67.6 65.3 64.5 71.6 74.1 80.2 83.1 76.5 82.1 81.4 84.2 84.4 88.0 90.5 91.7 93.3 91.1 99.3 103.4 108.9 110.6 112.4 115.9 120.6 121.0 125.9 126.6 134.1 142.6 142.6 150.0 159.8 152.3 193.8 227.1 305.4 372.3 324.1 283.2 215.8 204.0 203.2
-999.0 -999.0 -999.0 -999.0 -999.0 -999.0 -999.0 -999.0 -999.0 -999.0 -999.0 170.3 160.3 137.4 112.6 102.5 85.0 77.9 76.4 107.4 108.5 106.8 99.7 99.9 92.6 98.9 99.7 99.5 63.0 51.3 51.8 54.0 61.0 60.4 71.1 65.3 66.3 72.3 77.2 81.9 79.2 77.2 81.3 82.7 83.3 86.9 87.0 89.8 93.3 93.5 92.6 92.4 93.3 106.9 109.0 111.2 114.5 117.9 122.8 122.3 120.9 130.3 138.8 143.0 152.3 156.0 179.0 193.6 210.4 295.5 340.7 330.2 303.5 269.0 218.7 209.5
-999.0 -999.0 -999.0 -999.0 -999.0 -999.0 -999.0 -999.0 -999.0 -999.0 -999.0 -999.0 136.1 129.3 121.6 131.5 109.8 81.7 78.6 105.7 132.5 119.0 100.8 96.2 91.0 86.1 96.2 67.3 97.9 50.3 52.8 53.4 57.6 59.3 70.7 62.4 61.6 65.4 76.6 76.6 73.8 72.6 79.6 81.8 82.7 85.9 87.0 91.5 93.4 91.3 93.8 97.8 93.2 105.2 106.5 108.5 112.9 114.7 118.6 119.6 119.7 127.2 139.0 144.1 154.8 156.4 154.7 176.3 205.3 265.5 342.8 351.1 360.3 323.1 262.5 205.6
-999.0 -999.0 -999.0 -999.0 -999.0 -999.0 -999.0 -999.0 -999.0 -999.0 -999.0 -999.0 -999.0 130.5 145.5 137.6 105.2 109.9 78.1 93.6 102.3 131.5 98.5 94.7 85.8 82.2 97.6 76.6 58.4 54.1 54.8 52.4 51.8 50.7 60.2 61.1 62.6 65.2 73.7 70.6 75.2 75.2 75.7 77.6 81.0 84.9 87.4 91.8 92.6 91.3 89.4 97.4 99.6 100.5 96.4 107.8 107.8 112.5 114.3 115.9 119.0 121.0 139.7 142.1 154.2 144.3 153.6 241.4 240.3 232.9 332.8 327.0 372.5 344.5 332.7 285.9
-999.0 -999.0 -999.0 -999.0 -999.0 -999.0 -999.0 -999.0 -999.0 -999.0 -999.0 -999.0 -999.0 -999.0 156.0 134.1 116.5 108.2 83.9 80.5 105.5 127.0 97.6 97.8 92.0 81.9 92.2 85.6 71.3 61.5 56.0 53.6 53.2 51.9 63.8 64.6 62.2 67.6 67.0 69.6 71.0 72.2 80.1 81.4 82.8 85.7 86.8 89.8 90.3 92.4 92.8 90.3 95.1 96.2 102.2 103.8 107.9 108.0 110.5 111.6 118.3 119.7 124.8 141.5 148.7 137.2 149.0 273.7 326.4 348.7 340.2 336.8 383.1 387.8 401.7 348.5
-999.0 -999.0 -999.0 -999.0 -999.0 -999.0 -999.0 -999.0 -999.0 -999.0 -999.0 -999.0 -999.0 -999.0 -999.0 134.0 134.0 113.3 107.7 83.4 106.7 122.6 100.7 94.2 89.2 76.6 83.2 103.8 75.3 58.2 57.2 54.7 52.4 53.3 62.0 60.6 57.1 61.5 67.8 70.9 77.8 75.1 79.5 82.2 85.4 86.5 87.8 91.1 92.1 94.7 93.2 92.6 91.1 93.3 95.2 98.5 105.2 104.9 108.2 108.0 112.0 110.8 121.8 125.9 130.8 133.1 164.0 265.4 336.0 348.0 322.0 357.0 383.8 325.7 398.3 342.2
-999.0 -999.0 -999.0 -999.0 -999.0 -999.0 -999.0 -999.0 -999.0 -999.0 -999.0 -999.0 -999.0 -999.0 -999.0 164.1 129.9 131.9 105.7 89.2 103.6 87.2 105.4 87.6 84.9 75.3 89.4 97.4 88.5 76.3 60.5 54.6 54.3 56.0 59.8 55.9 57.3 62.6 89.2 77.5 77.7 70.1 80.1 81.9 83.4 87.3 87.5 88.8 93.4 95.3 93.8 91.8 91.1 91.9 95.8 94.7 103.0 108.1 107.9 105.3 110.3 110.3 110.6 112.6 116.3 136.2 167.2 318.4 339.8 373.9 348.5 370.8 365.9 330.5 414.6 448.3
-999.0 -999.0 -999.0 -999.0 -999.0 -999.0 -999.0 -999.0 -999.0 -999.0 -999.0 -999.0 -999.0 -999.0 -999.0 136.3 130.7 136.9 101.0 90.4 88.3 88.5 93.2 96.2 85.2 81.7 92.8 99.9 78.5 62.4 55.3 55.9 57.2 56.4 58.5 56.1 57.4 67.1 76.2 70.6 71.3 71.3 80.2 81.7 80.8 88.2 86.8 87.7 90.2 93.9 95.0 93.2 93.6 88.3 96.2 98.6 98.8 101.7 105.1 102.8 104.0 105.9 108.1 112.1 108.4 136.6 176.4 321.9 435.6 354.7 370.0 329.3 357.8 339.3 372.3 402.7
-999.0 -999.0 -999.0 -999.0 -999.0 -999.0 -999.0 -999.0 -999.0 -999.0 -999.0 -999.0 -999.0 -999.0 -999.0 113.5 111.2 109.0 107.9 146.8 137.2 106.4 95.6 102.7 92.3 84.8 84.6 100.3 75.9 63.1 55.1 58.0 55.1 56.5 59.4 56.1 55.2 62.5 68.5 70.2 79.3 79.1 78.3 80.6 81.8 84.0 85.5 86.7 88.6 90.0 89.7 92.6 90.1 89.0 95.5 92.9 96.0 96.7 101.0 99.1 101.2 102.3 107.1 106.6 111.5 124.4 149.5 291.3 438.0 363.8 365.1 403.3 411.2 381.0 376.0 391.6
-999.0 -999.0 -999.0 -999.0 -999.0 -999.0 -999.0 -999.0 -999.0 -999.0 -999.0 -999.0 -999.0 -999.0 -999.0 146.3 115.4 108.3 144.1 138.8 145.2 117.1 102.1 94.6 98.2 95.6 111.7 99.2 91.2 111.7 62.4 60.9 55.0 56.9 57.5 53.8 55.8 61.7 64.8 69.8 78.9 75.2 77.1 79.9 82.4 82.3 86.5 86.5 87.0 88.3 91.7 94.6 91.2 91.3 89.6 91.5 92.3 90.7 96.7 92.8 91.6 99.8 103.9 103.2 110.4 124.6 151.9 208.1 349.4 419.4 424.7 339.5 398.4 419.9 389.1 395.5
-999.0 -999.0 -999.0 -999.0 -999.0 -999.0 -999.0 -999.0 -999.0 -999.0 -999.0 -999.0 -999.0 -999.0 -999.0 112.6 113.7 112.8 130.4 133.3 138.8 131.7 104.2 104.9 110.2 119.7 102.2 106.7 77.7 108.7 110.1 64.9 58.6 55.2 56.9 53.9 54.6 57.4 66.2 70.6 71.2 79.2 76.7 79.9 73.8 78.3 83.1 85.2 83.6 86.1 90.2 90.2 91.3 91.7 92.6 90.2 88.2 88.9 91.1 84.2 85.4 92.4 94.9 100.0 109.7 119.9 152.5 191.0 292.3 350.8 419.9 435.0 366.7 410.2 396.4 388.2
-999.0 -999.0 -999.0 -999.0 -999.0 -999.0 -999.0 -999.0 -999.0 -999.0 -999.0 -999.0 -999.0 -999.0 -999.0 -999.0 144.3 155.5 140.8 132.9 140.3 128.5 102.8 105.9 113.4 122.6 99.6 100.7 114.1 121.6 106.6 73.4 61.2 60.2 60.0 53.6 55.7 59.2 65.1 67.1 71.0 71.0 77.0 72.7 80.5 81.0 81.8 85.8 82.4 87.4 87.8 88.7 90.0 90.7 90.5 93.4 91.3 89.4 87.9 88.4 86.9 90.4 93.6 100.4 109.3 132.3 151.2 172.6 240.3 299.8 326.1 356.9 396.0 449.4 425.8 416.3
-999.0 -999.0 -999.0 -999.0 -999.0 -999.0 -999.0 -999.0 -999.0 -999.0 -999.0 -999.0 -999.0 -999.0 -999.0 -999.0 162.6 249.6 254.6 178.3 153.6 142.3 121.6 107.7 96.7 123.7 106.6 140.7 137.2 111.6 146.5 113.8 73.1 71.9 60.9 52.8 55.1 59.8 65.0 66.7 71.9 69.8 69.3 71.8 79.3 78.9 74.5 73.0 86.0 84.8 86.3 86.9 88.5 89.3 87.7 92.2 94.0 93.4 87.8 86.8 89.0 87.9 90.1 96.2 108.8 127.8 149.0 153.6 205.6 313.4 329.7 356.7 401.5 407.3 450.5 440.1
-999.0 -999.0 -999.0 -999.0 -999.0 -999.0 -999.0 -999.0 -999.0 -999.0 -999.0 -999.0 -999.0 -999.0 -999.0 -999.0 159.1 250.4 304.2 270.1 161.3 154.5 127.7 106.2 102.7 125.7 125.0 120.7 114.4 112.5 114.6 112.0 72.8 73.7 77.1 51.3 57.0 59.2 63.2 68.8 70.1 70.4 68.7 68.9 77.7 71.8 76.9 79.4 82.7 85.8 85.2 86.6 86.2 87.6 88.9 91.5 91.6 94.2 90.6 85.9 87.8 85.9 89.4 94.8 103.1 111.6 129.4 138.6 165.7 277.5 334.0 351.4 361.6 328.8 367.6 383.0
-999.0 -999.0 -999.0 -999.0 -999.0 -999.0 -999.0 -999.0 -999.0 -999.0 -999.0 -999.0 -999.0 -999.0 -999.0 -999.0 157.2 159.7 299.0 274.9 238.2 157.4 143.1 110.6 107.7 133.7 136.7 137.8 139.4 140.0 120.2 113.3 110.5 70.5 73.4 52.0 56.3 57.5 64.8 67.6 68.3 68.8 69.2 67.0 70.2 76.1 79.0 80.0 79.8 81.2 84.0 85.0 85.8 85.2 85.6 86.5 87.7 87.7 86.4 85.5 84.8 85.5 89.3 90.9 93.8 103.4 110.9 120.8 150.7 189.3 253.7 431.5 354.3 348.3 382.1 383.5
-999.0 -999.0 -999.0 -999.0 -999.0 -999.0 -999.0 -999.0 -999.0 -999.0 -999.0 -999.0 -999.0 -999.0 -999.0 -999.0 213.1 259.0 288.3 165.0 172.1 163.6 132.8 106.2 106.6 131.7 135.4 147.7 166.1 138.2 121.2 112.5 74.6 69.4 72.8 60.1 52.4 60.9 62.4 68.1 70.0 69.3 68.7 68.3 63.0 68.0 74.5 71.9 80.2 78.3 74.3 79.8 83.9 82.6 84.7 84.8 84.0 82.7 80.4 81.1 82.5 84.8 90.5 88.8 91.3 95.8 104.5 110.3 136.6 151.4 230.7 261.5 449.6 433.8 442.4 452.7
-999.0 -999.0 -999.0 -999.0 -999.0 -999.0 -999.0 -999.0 -999.0 -999.0 -999.0 -999.0 -999.0 -999.0 -999.0 -999.0 213.5 317.2 317.2 178.2 150.2 143.9 114.7 107.4 107.6 142.3 157.0 164.4 158.1 136.5 113.5 109.9 112.1 114.6 75.4 72.4 54.9 60.8 62.6 65.5 68.1 68.0 63.6 64.8 74.8 57.0 64.8 65.3 78.0 64.8 70.4 79.3 80.8 81.8 82.1 82.9 81.8 81.0 78.6 78.2 80.5 81.3 84.0 84.9 90.6 93.5 97.8 102.8 115.2 121.8 146.9 218.3 271.4 385.5 445.6 453.6
-999.0 -999.0 -999.0 -999.0 -999.0 -999.0 -999.0 -999.0 -999.0 -999.0 -999.0 -999.0 -999.0 -999.0 -999.0 -999.0 194.9 357.5 305.2 176.3 138.0 122.1 113.8 139.8 140.2 114.2 141.9 168.0 155.0 136.9 118.8 129.4 121.8 122.2 113.5 116.1 70.4 68.0 82.8 81.7 68.8 66.9 65.9 63.9 62.8 55.6 47.6 47.1 58.3 70.4 80.8 74.7 80.4 77.9 76.7 79.4 79.4 78.9 74.4 75.4 79.2 79.0 83.9 82.8 84.6 90.4 95.9 98.3 104.8 108.9 135.4 169.0 214.0 237.2 340.0 354.0
-999.0 -999.0 -999.0 -999.0 -999.0 -999.0 -999.0 -999.0 -999.0 -999.0 -999.0 -999.0 -999.0 -999.0 -999.0 176.5 320.6 254.5 246.8 173.5 148.2 114.7 145.1 137.4 141.4 138.2 153.9 170.0 135.2 147.7 147.7 129.4 141.3 127.8 121.6 113.1 119.5 93.2 81.3 79.5 74.2 69.0 69.7 69.7 81.1 64.6 61.8 45.8 57.6 72.2 73.4 69.6 78.9 74.4 77.6 77.2 77.2 79.6 73.8 74.2 83.3 78.7 81.6 82.9 83.8 87.1 91.7 97.3 100.3 106.8 130.2 149.2 146.3 192.0 255.3 265.8
-999.0 -999.0 -999.0 -999.0 -999.0 -999.0 -999.0 -999.0 -999.0 -999.0 -999.0 -999.0 -999.0 -999.0 -999.0 173.5 338.4 282.6 166.5 182.9 161.8 125.7 164.2 194.8 158.6 143.5 145.4 174.7 152.8 116.6 146.6 140.6 131.2 123.3 120.5 123.8 115.5 118.0 79.7 77.3 66.9 69.5 69.5 88.0 83.0 70.1 76.7 53.8 51.9 57.7 71.1 61.5 73.9 74.5 78.1 78.2 79.1 80.5 77.6 82.9 76.1 81.0 80.5 85.2 86.9 87.6 91.0 97.3 101.4 103.0 110.6 125.6 140.0 171.8 194.0 222.4
-999.0 -999.0 -999.0 -999.0 -999.0 -999.0 -999.0 -999.0 -999.0 -999.0 -999.0 -999.0 -999.0 -999.0 158.1 285.2 299.2 193.4 142.4 144.3 132.1 146.0 196.0 265.8 209.7 156.0 148.3 166.1 168.9 176.6 150.8 149.9 128.4 126.2 119.6 113.9 116.7 112.1 112.9 120.1 71.8 68.1 67.5 79.0 80.0 71.5 57.3 66.7 65.5 72.0 70.4 75.5 69.6 75.8 77.9 79.4 79.0 79.1 63.1 78.4 77.5 79.4 83.0 83.7 89.0 91.8 88.5 97.8 99.5 103.7 104.7 119.2 132.5 150.1 192.8 204.4
-999.0 -999.0 -999.0 -999.0 -999.0 -999.0 -999.0 -999.0 -999.0 -999.0 -999.0 -999.0 -999.0 -999.0 399.4 392.5 241.1 308.3 206.1 150.9 259.8 149.8 201.1 277.4 281.3 206.2 164.3 169.9 178.1 179.9 173.2 160.0 130.8 119.1 121.7 121.7 119.5 115.1 80.6 71.0 65.4 76.1 78.3 66.6 69.9 66.5 59.8 56.4 46.0 69.3 65.0 71.4 71.2 76.8 76.7 76.8 79.1 81.8 78.0 75.0 77.4 80.9 81.2 87.2 85.8 89.6 96.6 97.7 98.8 101.2 103.7 110.8 126.1 135.8 175.3 197.7
-999.0 -999.0 -999.0 -999.0 -999.0 -999.0 -999.0 -999.0 -999.0 -999.0 -999.0 -999.0 -999.0 306.3 391.8 388.1 365.0 322.0 186.5 305.1 273.8 193.0 166.6 232.1 316.2 253.2 201.6 222.4 193.2 194.1 175.3 147.9 145.5 110.7 103.5 121.2 124.1 121.4 109.2 67.9 68.5 73.4 78.2 86.6 66.7 94.6 65.3 56.4 51.9 64.2 51.8 48.8 69.9 74.7 76.2 78.6 70.5 79.3 80.1 81.1 77.1 80.6 80.0 84.1 90.6 94.0 96.6 97.2 101.4 102.3 109.0 113.5 127.2 136.0 144.4 181.2
-999.0 -999.0 -999.0 -999.0 -999.0 -999.0 -999.0 -999.0 -999.0 -999.0 -999.0 -999.0 -999.0 257.7 401.2 391.0 388.4 306.7 226.4 318.7 319.2 213.0 171.2 335.3 365.0 169.9 155.3 179.6 223.1 178.4 166.7 170.4 171.7 154.7 143.6 131.3 94.1 105.2 75.9 69.5 99.1 121.4 82.0 83.4 87.7 69.8 118.9 127.8 56.9 53.8 51.6 36.5 61.2 71.2 68.5 73.5 67.9 72.7 73.0 76.0 78.0 78.3 82.0 85.1 87.2 93.8 95.6 97.2 101.6 105.5 107.2 113.2 127.7 134.7 141.4 155.3
