GSP_annual_reports_SRP_2024_v3/GIS/SRP_2022_Spring_Deep.tif
NCOLS 191
NROWS  209
XLLCORNER 6295515.91401
YLLCORNER 1783415.49397
CELLSIZE 1000.0
NODATA_VALUE -999
[rows 68 to 101 of 209, columns 0 to 75 of 191]
-999.0 -999.0 -999.0 -999.0 -999.0 -999.0 -999.0 -999.0 -999.0 -999.0 98.2 73.2 119.5 88.4 70.4 64.2 67.4 98.2 107.9 128.2 124.8 100.4 84.8 58.6 57.0 57.0 53.0 53.5 53.3 54.0 53.4 53.2 53.5 52.9 51.0 54.8 54.2 63.2 56.2 54.5 57.0 62.1 56.6 60.6 70.2 76.9 76.7 84.2 80.5 90.6 92.8 90.7 97.2 97.2 100.3 101.8 105.6 105.8 103.3 109.7 104.4 109.9 116.5 119.5 125.4 138.2 148.0 142.2 124.8 116.2 153.1 178.5 192.9 199.1 202.3 203.6
-999.0 -999.0 -999.0 -999.0 -999.0 -999.0 -999.0 -999.0 -999.0 -999.0 90.5 78.3 110.4 116.0 104.9 79.6 64.6 99.7 104.8 111.8 120.8 115.9 84.6 100.5 71.5 57.0 52.9 53.6 52.5 52.6 53.3 53.6 52.0 52.9 52.0 53.0 60.7 62.7 66.0 63.3 60.2 57.6 61.1 63.6 69.8 74.4 65.2 76.8 83.0 89.6 80.9 92.2 91.9 95.8 95.2 102.1 101.1 103.1 95.9 99.1 105.5 107.2 113.8 116.8 122.4 135.4 142.4 149.8 131.2 113.8 154.7 182.7 201.5 201.6 205.1 205.2
-999.0 -999.0 -999.0 -999.0 -999.0 -999.0 -999.0 -999.0 -999.0 -999.0 87.3 83.8 94.3 97.7 94.3 71.0 66.2 83.7 97.8 91.8 114.3 109.4 84.0 86.4 62.6 55.1 52.1 52.2 52.7 52.3 51.8 52.0 50.5 52.6 54.9 55.8 58.8 63.2 59.6 59.7 56.1 56.6 65.4 65.4 68.6 71.5 69.3 70.7 78.2 81.8 89.1 87.0 86.9 84.7 90.2 93.9 93.6 94.2 94.4 97.5 109.4 106.9 101.5 107.0 120.2 133.0 142.2 141.1 187.7 147.2 184.4 195.9 205.7 206.9 205.3 203.2
-999.0 -999.0 -999.0 -999.0 -999.0 -999.0 -999.0 -999.0 -999.0 -999.0 126.3 95.6 129.2 116.9 107.3 69.2 70.2 84.1 99.1 84.6 105.0 116.8 91.3 99.7 74.5 54.5 52.1 52.1 52.8 53.2 54.2 53.4 53.3 50.7 54.0 60.1 56.7 57.7 57.6 55.0 60.3 59.2 64.4 65.7 67.0 69.7 70.5 72.4 80.1 79.8 82.2 83.3 84.9 83.2 87.9 91.4 88.5 93.3 92.7 95.5 96.8 101.4 105.4 114.1 124.5 131.1 133.9 152.3 142.2 159.0 207.9 207.9 206.1 205.5 204.1 199.7
-999.0 -999.0 -999.0 -999.0 -999.0 -999.0 -999.0 -999.0 -999.0 -999.0 109.6 124.5 125.8 128.0 115.2 69.8 71.0 86.9 88.8 101.9 105.6 89.7 84.8 86.2 95.4 64.3 51.7 52.2 52.5 57.9 53.8 53.6 52.7 52.3 52.6 56.2 49.8 50.6 55.7 59.0 55.3 60.0 62.8 66.5 66.6 69.2 72.9 76.0 78.7 78.3 80.9 82.7 85.9 90.9 89.6 87.6 86.4 86.1 87.8 91.5 126.4 112.2 105.4 118.6 125.4 133.8 133.8 147.8 235.1 233.6 209.1 212.5 204.4 208.5 200.5 200.6
-999.0 -999.0 -999.0 -999.0 -999.0 -999.0 -999.0 -999.0 -999.0 -999.0 -999.0 118.7 131.9 125.5 107.8 71.9 72.0 71.3 105.9 89.3 103.3 86.7 84.5 82.3 91.7 67.9 51.9 51.7 53.4 52.9 53.1 52.0 51.0 50.6 57.5 59.3 50.2 56.3 55.8 53.2 57.8 56.2 60.7 62.5 64.3 71.4 72.2 75.7 78.7 80.0 78.9 83.8 89.4 87.6 88.5 89.8 85.9 87.3 85.1 92.6 90.6 97.5 101.5 107.0 115.5 130.0 143.6 167.1 193.4 333.9 340.0 272.1 216.7 206.0 200.5 199.7
-999.0 -999.0 -999.0 -999.0 -999.0 -999.0 -999.0 -999.0 -999.0 -999.0 -999.0 104.0 122.5 124.7 99.1 82.6 75.3 70.6 86.5 95.3 107.2 95.4 85.7 82.7 86.1 87.1 77.7 63.1 52.6 52.3 52.3 51.6 47.1 50.2 54.8 55.1 50.1 53.4 53.6 58.6 64.0 64.4 57.0 66.8 62.0 68.0 73.5 73.1 73.7 75.4 74.9 80.8 83.4 86.3 87.9 91.1 90.0 89.2 87.2 92.8 89.7 96.3 100.5 101.2 106.4 122.3 134.1 144.3 183.9 269.4 340.3 322.1 275.4 203.8 199.8 205.5
-999.0 -999.0 -999.0 -999.0 -999.0 -999.0 -999.0 -999.0 -999.0 -999.0 -999.0 144.9 152.8 139.5 102.6 105.2 79.0 72.7 71.3 96.9 92.7 102.5 88.3 85.1 78.3 86.5 73.0 53.6 51.9 52.1 51.4 48.1 45.5 51.7 57.7 54.2 54.1 54.9 56.9 58.4 68.9 65.2 65.7 65.9 69.6 71.4 70.7 73.9 75.5 74.9 77.0 82.5 80.1 84.6 85.4 86.6 87.6 88.8 86.6 91.9 89.1 94.0 98.9 98.5 102.9 127.2 126.8 182.0 226.7 293.7 349.4 313.2 277.7 214.5 202.1 202.8
-999.0 -999.0 -999.0 -999.0 -999.0 -999.0 -999.0 -999.0 -999.0 -999.0 -999.0 166.7 157.5 131.0 105.3 98.8 85.4 77.5 72.1 89.1 87.8 95.0 85.1 90.7 80.1 87.5 78.6 70.4 57.1 51.8 51.7 50.7 55.0 53.3 58.7 56.4 54.7 55.1 51.0 58.8 68.4 63.6 67.0 64.9 68.8 66.9 67.9 71.4 72.6 71.8 77.2 78.4 78.7 83.7 86.5 87.4 88.1 88.0 90.2 89.7 91.8 92.7 96.7 98.1 110.7 126.9 162.8 183.3 204.5 285.8 332.9 324.3 296.3 264.2 217.6 209.2
-999.0 -999.0 -999.0 -999.0 -999.0 -999.0 -999.0 -999.0 -999.0 -999.0 -999.0 -999.0 133.7 124.6 117.6 118.7 107.5 81.4 73.6 100.8 118.4 111.4 82.1 77.2 71.6 74.0 72.5 54.7 73.2 52.6 51.7 51.0 49.5 56.8 59.2 55.3 52.9 54.5 53.1 61.4 59.3 55.3 59.5 62.7 66.1 66.3 71.7 70.5 72.9 74.2 74.4 75.3 78.8 80.7 84.9 86.5 88.2 90.8 87.7 90.0 88.9 94.3 96.9 99.1 114.1 128.5 134.4 163.3 201.9 258.6 335.0 341.8 357.9 318.2 258.4 204.1
-999.0 -999.0 -999.0 -999.0 -999.0 -999.0 -999.0 -999.0 -999.0 -999.0 -999.0 -999.0 -999.0 128.2 141.4 130.3 91.8 107.4 73.7 98.1 83.1 118.7 79.8 77.5 67.6 65.1 90.3 60.6 50.8 52.5 51.9 51.6 52.2 54.9 54.6 53.2 54.6 55.1 54.7 55.1 61.5 59.0 58.1 57.4 62.4 62.0 66.0 80.3 72.4 73.4 75.5 75.2 75.3 78.4 80.1 85.6 87.0 88.4 91.3 93.8 90.7 92.3 96.5 99.0 117.3 120.4 132.2 238.7 234.1 232.5 320.9 321.6 370.7 339.8 326.7 280.7
-999.0 -999.0 -999.0 -999.0 -999.0 -999.0 -999.0 -999.0 -999.0 -999.0 -999.0 -999.0 -999.0 -999.0 152.0 128.2 105.6 104.9 85.8 78.2 89.5 111.7 81.6 82.1 75.3 60.7 81.8 62.5 55.4 49.2 52.1 51.5 53.2 55.8 56.5 56.3 52.9 55.9 52.8 57.4 54.6 52.2 61.0 56.7 60.0 62.6 64.7 71.8 71.9 71.4 69.6 75.2 77.4 76.5 77.3 82.2 82.8 87.5 88.2 93.8 91.5 95.4 99.0 98.1 103.9 111.7 132.8 264.3 317.2 329.7 327.2 328.6 381.3 388.3 400.3 341.3
-999.0 -999.0 -999.0 -999.0 -999.0 -999.0 -999.0 -999.0 -999.0 -999.0 -999.0 -999.0 -999.0 -999.0 -999.0 131.1 125.5 103.6 119.2 81.4 92.5 107.5 89.3 77.4 71.6 54.7 59.0 80.4 56.6 48.1 52.0 51.5 53.1 56.3 51.7 55.7 48.3 52.0 52.8 54.8 60.7 57.7 56.0 60.6 64.9 66.8 71.7 70.6 70.3 69.7 69.6 70.6 74.5 76.3 79.3 79.8 83.4 84.3 88.0 88.1 92.0 95.9 99.9 96.9 98.2 104.1 151.4 256.2 323.6 339.9 315.6 350.1 382.6 324.3 400.3 338.5
-999.0 -999.0 -999.0 -999.0 -999.0 -999.0 -999.0 -999.0 -999.0 -999.0 -999.0 -999.0 -999.0 -999.0 -999.0 160.3 124.4 124.9 114.0 90.0 89.4 84.8 91.9 71.8 65.9 55.5 75.9 66.8 71.5 56.6 49.9 52.3 53.5 55.7 51.4 49.9 49.6 53.2 64.5 60.8 59.9 53.4 66.1 63.9 68.4 66.8 66.4 72.1 72.4 69.9 69.0 70.6 71.2 72.8 75.0 79.7 76.8 85.4 89.2 90.3 93.2 97.8 98.0 95.7 91.7 111.5 153.5 305.9 324.4 366.6 344.5 367.9 364.4 328.3 415.9 451.1
-999.0 -999.0 -999.0 -999.0 -999.0 -999.0 -999.0 -999.0 -999.0 -999.0 -999.0 -999.0 -999.0 -999.0 -999.0 131.5 120.0 127.8 98.7 91.6 86.8 85.2 83.8 80.3 65.5 61.2 69.2 68.4 64.5 50.5 51.9 51.8 54.9 54.4 49.7 47.9 48.4 55.0 56.4 54.2 53.7 53.8 58.8 64.3 64.3 64.3 64.7 67.3 70.0 69.3 69.6 69.8 68.8 72.5 74.9 75.2 76.4 84.1 85.3 88.2 90.9 97.5 93.9 93.8 86.4 97.5 166.1 314.0 426.7 345.8 367.2 326.1 353.8 337.3 372.8 404.2
-999.0 -999.0 -999.0 -999.0 -999.0 -999.0 -999.0 -999.0 -999.0 -999.0 -999.0 -999.0 -999.0 -999.0 -999.0 113.0 101.3 112.2 107.7 139.4 129.7 97.1 85.9 96.9 76.0 62.8 63.4 75.1 60.0 50.6 51.9 53.0 54.6 53.8 49.3 46.7 48.4 52.4 52.9 54.2 59.5 63.3 58.1 61.8 62.9 67.4 68.2 64.2 68.4 66.5 66.4 68.2 70.2 73.1 74.0 73.7 74.9 79.4 86.4 86.1 87.9 95.6 96.2 92.3 84.9 93.9 125.9 285.7 430.2 357.1 361.8 397.6 405.9 377.1 374.1 391.6
-999.0 -999.0 -999.0 -999.0 -999.0 -999.0 -999.0 -999.0 -999.0 -999.0 -999.0 -999.0 -999.0 -999.0 -999.0 143.1 116.2 109.2 138.8 130.6 137.6 104.3 88.6 77.9 82.8 77.3 94.3 68.6 63.5 93.1 51.1 53.9 52.9 52.7 50.0 47.1 48.1 51.8 52.7 53.1 59.3 59.2 58.4 58.8 63.8 55.2 61.5 65.1 69.1 65.7 67.5 68.7 69.7 69.0 70.4 71.7 72.7 77.3 77.0 83.2 88.4 91.4 92.2 84.8 85.2 93.1 127.1 195.8 331.7 410.5 418.4 336.3 393.0 415.1 386.8 394.5
-999.0 -999.0 -999.0 -999.0 -999.0 -999.0 -999.0 -999.0 -999.0 -999.0 -999.0 -999.0 -999.0 -999.0 -999.0 115.3 118.3 110.8 124.4 126.3 130.7 120.2 94.3 88.7 100.5 108.0 82.9 93.2 60.4 83.5 76.5 54.6 51.8 51.7 49.4 45.4 52.0 51.1 52.4 54.9 54.4 57.8 56.8 56.9 56.0 62.3 56.5 63.7 64.7 68.0 63.8 64.7 66.9 66.7 67.7 71.1 71.9 75.1 78.2 81.8 84.3 88.3 86.3 81.5 84.2 88.2 116.5 177.4 284.3 342.9 413.3 429.3 361.5 404.3 393.6 387.3
-999.0 -999.0 -999.0 -999.0 -999.0 -999.0 -999.0 -999.0 -999.0 -999.0 -999.0 -999.0 -999.0 -999.0 -999.0 -999.0 139.5 152.5 138.7 128.8 132.6 120.2 92.1 91.1 96.0 111.2 80.5 76.9 98.4 103.4 75.2 53.6 54.4 52.2 52.3 44.0 47.3 50.4 53.2 52.7 53.2 51.0 55.3 52.0 59.6 55.4 55.4 60.9 55.1 60.3 63.8 63.6 62.6 60.4 67.9 67.4 69.3 72.2 74.2 78.2 79.3 80.7 79.3 77.9 79.9 90.4 120.6 147.6 234.4 291.1 319.4 353.1 387.0 439.1 421.7 414.4
-999.0 -999.0 -999.0 -999.0 -999.0 -999.0 -999.0 -999.0 -999.0 -999.0 -999.0 -999.0 -999.0 -999.0 -999.0 -999.0 159.8 245.2 250.3 175.3 149.9 135.4 111.3 93.0 79.9 111.2 94.0 124.1 120.4 87.8 128.0 94.6 56.5 58.3 51.5 42.4 47.9 51.1 56.1 53.3 54.3 52.7 50.5 51.4 54.9 55.3 58.1 57.5 59.7 59.5 65.0 63.9 58.9 58.4 64.9 69.2 67.6 68.2 74.4 74.8 78.2 77.1 76.9 73.5 77.5 87.4 102.9 121.8 194.4 308.0 322.4 353.7 394.4 397.3 442.4 436.7
-999.0 -999.0 -999.0 -999.0 -999.0 -999.0 -999.0 -999.0 -999.0 -999.0 -999.0 -999.0 -999.0 -999.0 -999.0 -999.0 156.4 245.9 299.6 265.4 158.1 151.3 114.4 91.7 91.0 114.8 113.5 107.1 88.9 88.6 91.8 67.9 56.1 58.9 67.6 42.4 46.6 51.5 52.0 53.1 52.8 52.5 51.0 52.4 57.2 53.6 54.3 54.1 54.3 52.9 62.4 57.1 58.3 56.8 66.8 65.4 65.4 66.9 67.6 72.8 75.6 74.3 74.3 73.5 76.2 68.1 89.8 83.7 143.7 268.6 320.7 343.0 359.0 325.9 364.8 381.8
-999.0 -999.0 -999.0 -999.0 -999.0 -999.0 -999.0 -999.0 -999.0 -999.0 -999.0 -999.0 -999.0 -999.0 -999.0 -999.0 154.5 156.7 294.0 270.5 234.0 153.7 135.0 97.0 100.0 120.6 130.5 126.8 128.7 122.1 96.1 84.6 67.4 60.8 63.7 44.3 48.0 51.2 53.0 53.5 54.0 52.2 51.8 46.6 49.3 51.3 53.7 52.6 49.4 55.7 55.7 47.0 53.9 55.7 56.3 58.9 60.0 62.6 64.9 72.1 69.8 71.7 67.7 71.5 68.5 68.3 69.6 71.8 101.4 173.9 246.5 425.3 347.2 345.1 379.9 381.3
-999.0 -999.0 -999.0 -999.0 -999.0 -999.0 -999.0 -999.0 -999.0 -999.0 -999.0 -999.0 -999.0 -999.0 -999.0 -999.0 210.5 254.6 283.6 161.6 169.0 160.4 121.1 92.2 90.0 118.8 127.2 142.1 159.4 125.5 97.0 79.7 54.4 58.1 61.7 59.3 42.5 51.3 53.1 55.5 54.8 52.5 52.7 50.1 52.6 50.4 56.6 49.0 49.3 47.7 50.3 51.7 44.9 45.5 52.3 55.8 56.9 58.2 58.1 65.4 68.1 68.6 65.8 66.6 65.9 62.3 67.7 66.6 75.2 121.6 221.7 250.1 442.8 425.1 435.4 446.9
-999.0 -999.0 -999.0 -999.0 -999.0 -999.0 -999.0 -999.0 -999.0 -999.0 -999.0 -999.0 -999.0 -999.0 -999.0 -999.0 210.4 312.9 312.9 174.4 145.8 139.1 111.0 97.0 91.7 131.9 151.3 159.7 152.4 124.0 89.7 68.5 68.5 70.1 59.7 57.7 55.5 52.9 53.5 53.0 56.4 53.6 52.5 54.3 55.1 50.1 47.1 46.5 50.5 53.8 51.0 37.8 31.2 38.0 44.4 43.5 49.6 46.7 49.3 52.7 57.8 56.6 54.2 58.4 61.0 57.6 63.1 60.8 58.3 59.1 91.7 208.5 264.7 378.2 439.9 448.3
-999.0 -999.0 -999.0 -999.0 -999.0 -999.0 -999.0 -999.0 -999.0 -999.0 -999.0 -999.0 -999.0 -999.0 -999.0 -999.0 191.5 355.1 301.6 172.3 134.4 113.2 106.0 134.8 130.0 102.7 132.6 161.8 147.6 113.4 92.4 105.8 94.7 101.4 78.2 74.0 60.4 55.7 71.2 69.4 54.9 54.5 57.1 55.8 52.5 49.1 47.1 46.5 54.1 44.1 51.8 43.3 36.6 38.0 37.4 43.7 45.8 40.2 48.8 49.0 52.9 52.1 56.7 57.3 58.6 57.8 63.3 60.2 56.6 55.2 68.6 133.7 204.9 226.3 328.9 348.9
-999.0 -999.0 -999.0 -999.0 -999.0 -999.0 -999.0 -999.0 -999.0 -999.0 -999.0 -999.0 -999.0 -999.0 -999.0 173.5 315.7 250.0 243.5 170.0 141.6 105.8 138.6 131.4 132.9 126.6 147.2 164.1 122.6 133.3 128.4 111.3 121.8 107.8 105.4 71.9 70.3 57.2 63.1 68.6 65.7 59.9 57.5 64.2 66.6 57.6 51.3 47.1 49.8 46.1 48.0 44.0 51.9 40.2 44.8 34.3 43.0 37.9 46.4 46.2 58.3 54.9 54.8 58.1 58.6 57.1 63.5 59.4 56.8 54.6 66.3 94.0 107.8 177.5 248.4 254.8
-999.0 -999.0 -999.0 -999.0 -999.0 -999.0 -999.0 -999.0 -999.0 -999.0 -999.0 -999.0 -999.0 -999.0 -999.0 170.0 333.9 280.1 163.0 178.6 159.8 116.1 161.6 189.5 154.7 133.9 134.6 168.9 141.0 92.7 126.0 127.5 112.7 108.2 104.6 107.9 97.0 83.9 48.7 70.4 60.2 58.6 57.3 73.7 71.6 64.7 57.6 54.7 54.2 52.7 46.3 42.7 40.9 41.4 42.4 45.2 36.2 39.6 44.9 55.3 46.2 54.8 50.0 56.1 60.9 57.2 61.9 58.6 56.5 49.9 48.0 53.9 79.9 131.5 180.5 218.4
-999.0 -999.0 -999.0 -999.0 -999.0 -999.0 -999.0 -999.0 -999.0 -999.0 -999.0 -999.0 -999.0 -999.0 155.3 281.9 295.4 189.2 135.3 136.4 125.3 140.8 193.1 261.1 204.7 152.5 138.8 160.4 164.2 169.2 132.2 142.4 112.6 110.2 106.5 101.5 101.2 77.2 58.8 68.4 69.7 62.0 57.5 73.5 74.6 70.1 55.3 52.1 51.2 51.7 47.5 48.1 42.4 42.0 43.2 42.1 40.9 40.8 47.9 43.3 47.2 49.9 56.8 56.7 57.7 60.7 63.7 61.6 58.9 51.1 49.5 45.2 66.5 122.5 181.9 192.6
-999.0 -999.0 -999.0 -999.0 -999.0 -999.0 -999.0 -999.0 -999.0 -999.0 -999.0 -999.0 -999.0 -999.0 394.5 387.8 238.2 300.6 201.3 145.9 254.1 146.4 198.2 271.5 275.5 201.3 160.5 164.6 173.0 174.7 165.1 154.2 115.2 108.1 107.5 103.1 103.9 78.6 56.0 68.2 61.9 76.8 72.5 58.0 60.5 54.8 53.0 56.2 50.3 54.3 45.8 45.2 41.9 44.2 41.0 40.5 48.4 42.4 48.0 45.1 49.6 52.3 55.1 57.9 58.2 57.6 62.9 59.8 60.5 51.1 52.9 50.8 53.2 70.1 145.3 183.3
-999.0 -999.0 -999.0 -999.0 -999.0 -999.0 -999.0 -999.0 -999.0 -999.0 -999.0 -999.0 -999.0 302.2 387.4 383.5 361.3 316.3 182.4 296.5 268.6 189.0 163.5 229.0 310.3 249.7 197.9 217.7 186.7 189.3 169.5 133.5 128.6 95.5 92.7 96.4 107.6 109.4 63.6 61.0 63.3 68.7 71.6 75.9 60.5 66.8 62.6 60.4 55.1 50.1 47.9 44.2 40.9 39.3 46.5 48.0 37.5 38.3 48.8 49.3 50.7 52.1 55.2 54.6 57.4 56.6 59.0 60.6 51.1 50.2 55.3 48.9 53.5 66.1 106.9 138.6
-999.0 -999.0 -999.0 -999.0 -999.0 -999.0 -999.0 -999.0 -999.0 -999.0 -999.0 -999.0 -999.0 252.2 396.2 387.6 384.7 298.7 222.2 311.0 308.6 208.6 167.9 330.7 362.8 166.6 151.1 175.5 217.5 172.4 155.7 162.7 144.6 130.2 123.0 107.2 65.4 63.7 64.2 59.9 70.5 79.8 67.6 70.2 75.1 67.6 74.4 90.7 58.3 53.1 55.0 42.5 40.0 42.4 40.6 45.8 37.1 36.2 45.4 46.7 46.9 52.3 53.5 54.3 54.0 57.3 58.6 59.7 48.0 52.3 52.0 49.9 50.7 66.8 74.0 108.8
-999.0 -999.0 -999.0 -999.0 -999.0 -999.0 -999.0 -999.0 -999.0 -999.0 -999.0 -999.0 -999.0 238.5 299.9 380.8 369.4 289.3 302.8 346.5 314.0 163.7 243.7 388.8 369.0 202.7 163.1 159.3 180.6 176.1 161.6 151.8 152.6 137.3 103.8 103.4 94.8 60.2 60.1 98.3 103.2 77.6 65.5 58.3 63.9 72.8 77.1 79.6 60.1 48.2 44.1 42.1 39.6 45.8 34.6 29.8 30.9 39.3 41.8 46.1 49.1 51.9 52.7 53.3 55.8 56.0 58.3 59.9 48.4 51.6 52.8 52.5 50.2 66.2 67.7 106.2
-999.0 -999.0 -999.0 -999.0 -999.0 -999.0 -999.0 -999.0 -999.0 -999.0 -999.0 -999.0 -999.0 323.3 328.4 317.9 388.0 312.0 365.7 374.7 294.5 163.7 370.6 396.2 266.6 163.2 124.1 137.6 174.9 186.0 156.0 137.0 160.6 151.8 127.3 73.4 62.7 61.2 105.4 110.7 124.9 84.5 68.8 63.7 63.1 61.0 93.3 94.5 66.3 47.1 54.8 41.6 37.2 35.5 45.0 31.1 27.1 24.9 37.3 36.6 47.5 44.6 53.2 50.4 53.1 57.3 60.5 57.5 55.6 49.1 55.1 52.3 53.6 66.1 69.2 102.8
-999.0 -999.0 -999.0 -999.0 -999.0 -999.0 -999.0 -999.0 -999.0 -999.0 -999.0 -999.0 -999.0 374.2 390.9 416.2 412.2 418.8 415.1 395.1 331.6 300.4 391.1 386.6 196.9 253.6 167.7 129.7 128.4 143.3 137.5 135.2 132.2 122.2 76.9 70.1 109.1 94.0 82.2 100.8 113.7 114.7 113.6 78.8 68.7 57.5 62.1 111.6 74.7 61.6 48.0 42.1 40.5 38.7 51.9 30.0 27.4 37.7 42.3 35.5 44.4 51.0 47.2 48.6 57.6 60.5 57.9 58.0 50.5 48.6 52.8 54.2 49.2 62.1 72.9 87.5
