GSP_annual_reports_SRP_2024_v3/GIS/SRP_2022_Spring_Deep.tif
NCOLS 191
NROWS  209
XLLCORNER 6295515.91401
YLLCORNER 1783415.49397
CELLSIZE 1000.0
NODATA_VALUE -999
[rows 102 to 135 of 209, columns 76 to 151 of 191]
103.2 116.5 204.7 244.8 266.2 357.7 373.8 400.1 584.1 673.4 685.9 726.7 777.9 808.7 830.0 793.3 812.3 875.0 850.1 891.1 1018.8 989.3 979.7 971.5 975.7 995.2 985.9 893.9 806.1 698.6 708.1 729.7 700.4 620.9 530.0 508.3 452.5 447.0 361.4 279.9 202.8 207.9 224.3 259.6 235.0 232.9 335.3 331.0 325.6 448.3 512.3 466.3 499.7 660.7 644.8 630.0 643.7 744.7 777.4 753.6 891.1 882.7 931.8 852.5 908.9 905.3 998.5 818.6 794.1 747.9 745.0 802.3 843.7 798.6 780.5 751.3
114.4 128.7 164.8 258.8 243.0 289.8 366.6 398.5 415.0 491.1 657.7 699.5 797.4 742.0 826.1 812.4 794.5 838.1 865.2 927.5 985.0 990.4 994.9 971.5 975.7 978.2 998.4 1021.7 845.9 763.1 832.8 819.0 724.2 653.4 558.3 489.9 493.5 487.4 421.0 355.5 265.3 249.6 228.9 201.9 229.7 259.0 206.9 304.1 334.4 381.9 464.2 591.9 643.1 658.8 639.3 564.0 636.8 637.4 698.3 673.9 784.9 807.9 939.8 805.7 863.0 946.3 875.6 889.1 809.8 729.7 763.8 772.8 760.7 779.2 778.8 685.0
131.7 205.8 223.7 210.9 268.6 284.5 322.1 393.7 526.9 634.9 695.7 702.2 761.2 843.5 821.3 824.9 811.5 823.5 919.9 927.3 947.0 982.8 1001.2 974.6 975.6 985.1 983.0 973.9 831.4 837.9 829.9 766.7 733.5 711.2 674.4 620.9 493.5 497.0 428.2 366.5 361.8 257.2 266.1 200.6 202.8 230.8 184.3 201.3 322.4 407.3 483.9 471.0 561.1 642.6 483.0 544.7 594.1 691.7 639.1 663.8 637.3 759.2 824.6 724.9 814.0 870.4 799.7 966.2 837.7 722.8 746.4 739.5 718.7 719.9 683.8 534.1
137.4 191.4 223.4 279.7 228.2 290.0 321.4 396.4 429.2 598.1 708.1 734.2 778.3 810.4 776.2 792.6 793.8 809.7 833.7 875.9 1006.7 988.8 986.1 973.3 974.3 975.7 991.1 975.1 945.7 963.3 925.2 810.1 721.3 713.4 717.6 685.6 609.4 518.1 423.4 381.4 342.8 361.9 258.5 184.8 178.1 199.1 201.2 225.7 318.9 356.3 363.6 352.2 470.6 487.2 476.4 648.5 663.9 678.7 678.3 644.7 642.3 665.2 628.0 636.0 767.7 773.5 748.1 887.7 804.2 708.2 733.4 764.2 731.3 713.7 705.5 735.1
137.5 176.0 188.8 205.6 280.7 241.0 297.4 406.4 418.8 439.5 580.3 687.6 753.0 819.4 816.9 787.9 820.1 822.2 812.4 842.9 984.2 996.3 985.7 976.3 977.3 975.7 977.7 997.0 978.8 1013.8 1012.0 959.0 823.7 727.9 709.1 700.4 570.0 531.7 492.0 392.5 295.9 260.0 265.0 181.7 169.2 168.4 175.2 201.0 307.8 320.9 418.8 489.7 488.4 571.9 554.9 589.8 664.6 671.1 647.8 627.4 647.1 609.6 650.8 647.1 695.0 656.5 761.6 690.8 774.8 799.9 861.6 750.5 756.9 644.8 712.7 766.2
146.2 170.5 192.7 221.1 231.9 234.2 280.0 304.1 389.7 432.7 441.1 588.0 704.2 782.7 797.7 794.4 825.6 823.7 842.5 904.7 1031.8 996.7 986.4 977.4 977.6 975.7 985.9 978.0 984.9 987.9 1012.0 931.9 837.1 752.6 726.3 691.8 607.5 482.5 504.7 359.6 345.1 263.4 238.4 201.8 208.3 172.3 163.0 184.8 226.6 335.2 439.3 481.0 501.0 554.0 541.9 620.7 663.3 660.2 732.3 659.4 554.9 587.0 660.3 652.0 632.1 746.3 653.8 647.5 802.9 816.6 857.4 822.0 749.0 836.0 801.0 788.0
144.3 167.5 191.9 220.5 234.2 254.6 308.8 306.1 383.2 405.9 440.6 533.0 657.2 699.6 734.3 759.0 782.7 800.0 934.2 940.4 1035.5 989.2 991.4 977.6 975.6 975.7 977.7 978.0 1003.0 984.0 998.2 1009.6 999.2 840.1 795.6 678.1 616.2 514.8 455.5 387.8 340.1 345.3 270.6 238.1 178.5 153.6 156.6 176.5 178.3 247.2 325.9 438.3 454.5 482.5 536.8 650.2 664.5 635.1 719.1 639.0 544.7 563.0 644.6 619.6 649.0 674.8 726.5 655.4 795.8 893.2 809.3 889.0 806.1 838.2 850.4 836.7
134.5 199.6 226.4 272.1 302.2 295.3 364.2 376.7 377.3 399.7 449.0 479.1 694.6 719.5 786.7 782.0 817.3 792.2 865.0 979.9 988.6 995.4 984.8 982.6 975.6 975.7 977.7 986.5 1032.9 1004.2 1012.0 1001.0 1006.4 922.8 824.5 768.1 670.1 563.9 461.7 438.0 363.6 331.4 270.8 246.8 230.2 160.3 156.3 160.5 174.4 185.5 254.4 387.8 406.1 515.3 515.1 559.4 664.5 674.4 657.3 577.9 645.9 575.1 591.1 594.8 665.1 644.9 640.3 630.4 783.4 829.0 761.2 909.2 823.5 832.4 787.9 826.3
175.6 192.4 274.7 293.2 308.6 346.0 350.6 385.6 406.5 409.5 456.9 568.4 712.1 720.6 799.1 705.2 783.0 827.9 830.0 896.4 996.9 989.8 985.3 982.1 979.1 975.3 977.3 980.2 1006.1 1050.1 1037.9 1013.4 1009.8 1022.9 963.1 798.7 635.3 618.2 557.3 430.0 416.7 348.2 350.4 260.9 218.6 193.8 155.1 155.7 157.6 162.0 310.3 400.7 354.2 490.4 497.2 601.5 648.6 580.0 557.6 577.9 642.9 638.6 578.6 592.4 641.0 665.4 628.8 751.9 788.7 822.8 679.6 808.2 844.3 837.4 727.5 727.7
172.2 208.8 271.6 297.9 300.2 267.9 333.7 373.5 383.4 417.1 445.5 584.5 685.3 706.1 697.6 757.6 816.9 814.0 790.8 839.3 943.1 967.3 982.2 983.7 979.1 975.7 977.3 978.0 983.5 979.2 951.2 1047.8 1058.8 1011.1 908.1 774.6 676.1 661.8 467.4 438.9 443.2 354.7 271.2 262.0 230.0 177.8 155.7 152.8 152.7 160.9 286.0 306.7 320.9 438.2 477.4 603.8 577.8 471.7 648.8 663.3 661.5 659.7 649.7 629.4 694.7 616.8 649.5 650.7 780.5 791.2 670.1 790.2 875.5 817.9 719.6 712.0
171.3 203.9 242.6 206.3 251.1 230.9 304.2 281.6 359.5 404.9 437.2 496.0 585.4 707.2 740.9 768.7 759.8 824.4 797.8 839.3 849.8 871.8 1042.6 985.0 986.3 975.7 975.8 990.0 999.0 1034.6 934.1 1021.9 1002.8 1075.6 863.7 774.5 657.3 557.4 504.5 451.9 446.7 431.2 275.9 239.8 235.9 169.9 166.7 146.2 147.6 149.1 162.9 283.3 423.8 374.1 433.6 563.6 506.3 507.6 564.5 645.4 667.4 632.5 660.0 664.6 644.6 578.3 564.5 635.5 656.4 789.8 635.5 643.2 797.1 726.3 667.7 649.7
110.3 158.8 125.3 123.9 164.3 197.0 253.7 271.9 363.4 407.5 444.6 532.9 678.2 687.9 743.5 762.5 758.4 819.0 821.3 810.6 811.7 866.2 872.1 1014.2 977.3 997.5 975.8 978.0 983.0 1032.5 1045.8 873.2 845.8 900.1 979.1 794.0 670.9 628.8 549.0 431.4 439.2 372.3 266.0 264.5 228.9 172.8 167.4 144.3 150.9 152.2 149.4 279.8 329.9 349.9 386.9 495.1 476.4 466.4 583.6 650.8 640.8 594.2 663.3 659.9 630.8 538.4 578.0 605.3 633.1 726.5 625.9 620.8 759.5 770.3 734.3 655.4
84.2 85.6 88.8 111.6 193.0 223.5 229.4 275.1 339.5 383.2 424.3 525.3 583.3 614.4 699.8 757.8 753.2 799.5 815.8 838.3 833.0 846.5 877.5 917.7 984.9 979.0 975.8 986.5 1000.5 991.9 959.4 887.5 862.0 860.0 878.3 867.1 764.1 659.5 570.9 569.8 440.2 353.5 360.6 294.8 246.8 196.0 177.1 156.9 150.3 149.2 152.9 177.3 287.6 305.4 319.0 425.2 347.7 440.1 568.9 559.7 564.5 592.8 644.1 571.4 537.1 472.2 554.9 663.3 641.2 618.6 640.6 637.4 698.4 653.9 774.3 661.6
78.5 114.4 123.3 116.4 168.1 205.9 219.3 280.4 322.8 379.1 429.9 488.6 553.0 597.0 689.2 735.3 754.6 759.1 745.5 831.3 834.8 832.1 857.7 841.9 1021.1 980.1 975.8 1024.2 1040.3 940.9 848.5 833.8 823.9 855.6 860.5 813.1 814.8 764.4 651.8 648.4 463.4 365.1 291.2 262.6 241.2 225.1 174.3 158.5 151.3 148.7 149.8 148.7 171.4 177.2 315.6 297.4 349.6 437.5 559.4 505.1 559.7 478.6 479.6 439.3 428.6 440.9 599.0 596.2 606.6 566.4 556.3 631.0 655.2 614.7 664.4 665.4
77.5 89.2 124.2 89.4 136.1 217.9 215.6 264.4 325.8 376.4 414.7 493.0 495.9 605.1 606.6 693.7 738.0 736.6 716.2 807.6 833.3 828.9 826.7 831.2 925.9 1026.7 975.8 1025.4 1035.5 879.7 823.5 812.7 785.9 733.7 787.5 764.3 743.5 788.0 771.5 675.7 563.5 421.9 263.9 262.7 244.5 235.9 171.9 156.1 151.0 145.4 148.7 151.2 163.0 164.0 280.6 322.4 455.3 515.8 599.5 482.5 475.5 445.9 396.5 320.0 477.1 501.7 599.0 599.4 465.5 563.3 472.2 633.6 613.1 641.0 640.3 633.5
74.2 72.6 89.5 91.0 101.1 211.1 197.0 261.4 325.9 375.4 404.2 428.2 470.3 504.4 546.1 556.0 620.1 705.7 764.5 774.1 814.0 819.1 724.0 850.1 837.9 934.3 997.6 1006.3 958.8 940.8 837.7 810.1 710.8 697.6 699.3 666.5 676.0 670.9 642.6 646.0 466.5 451.1 259.7 243.9 231.4 200.0 167.2 156.5 149.5 145.0 145.7 144.1 152.8 278.0 284.6 303.4 446.6 473.9 578.3 487.1 427.6 348.2 322.0 325.7 459.3 449.7 525.0 564.4 422.9 474.4 527.9 634.6 552.2 573.2 642.5 654.7
71.9 88.6 80.1 140.3 98.1 151.0 146.1 242.6 295.6 359.3 403.1 434.6 457.7 465.8 514.1 504.3 524.5 687.9 698.4 757.5 747.0 772.9 714.5 783.1 833.7 797.3 853.1 954.4 1037.9 1021.0 816.5 806.1 733.9 706.1 696.0 555.4 622.5 605.7 622.4 521.0 516.7 473.7 261.7 233.8 209.9 194.8 166.5 156.4 145.3 140.9 140.9 148.7 149.7 148.6 190.1 341.3 428.1 480.0 481.5 442.7 451.3 459.6 354.8 442.4 501.5 429.1 429.6 427.9 466.5 437.7 505.3 483.4 452.6 516.6 560.3 596.9
78.3 77.1 76.6 81.2 130.1 107.2 214.1 226.4 254.4 327.5 398.0 432.8 446.3 479.9 474.6 483.2 514.3 546.4 659.2 732.3 753.5 750.5 776.1 760.3 800.5 824.4 819.3 813.1 931.7 969.2 864.8 809.9 783.1 737.6 702.9 575.8 527.3 504.1 680.8 476.7 474.7 418.0 262.5 224.3 189.9 175.1 159.3 143.1 141.9 139.4 139.4 141.9 148.5 150.5 150.3 149.4 279.8 376.9 418.0 327.2 488.8 432.0 379.8 323.6 406.2 375.7 394.7 322.4 348.5 445.3 476.6 454.7 472.0 470.0 495.6 539.2
73.8 79.8 73.8 76.4 121.6 101.1 140.2 210.0 201.6 276.5 346.7 341.8 399.4 483.3 462.0 457.2 510.8 564.9 607.6 672.4 688.9 742.5 752.4 734.5 747.4 829.2 808.6 820.5 835.3 932.6 852.3 814.4 791.6 695.1 710.8 577.1 530.8 484.9 636.2 577.6 446.8 427.0 343.3 202.9 175.4 158.2 156.1 144.6 145.5 152.9 137.7 139.7 136.5 143.6 146.3 141.2 142.1 306.8 310.5 284.3 406.2 407.6 312.7 281.8 286.7 277.8 188.2 299.3 310.0 417.5 421.0 444.9 454.8 570.9 499.4 519.3
69.2 77.5 66.0 83.1 83.5 87.6 102.0 122.7 150.7 246.4 255.4 264.7 347.0 380.2 375.7 467.0 508.0 558.7 586.4 555.7 596.3 717.2 693.0 719.3 742.7 752.1 801.3 804.4 827.5 837.0 928.0 840.0 813.8 740.8 710.1 570.3 509.9 486.8 503.0 594.6 437.8 421.7 351.3 218.9 194.9 175.7 157.0 146.5 143.6 140.5 137.1 135.1 132.6 139.2 140.5 138.3 136.1 137.4 141.8 149.2 290.1 171.9 163.4 146.3 167.3 159.7 158.8 200.9 300.1 425.8 386.5 442.7 481.0 512.1 550.2 512.7
72.5 75.4 68.8 74.8 79.7 86.7 129.0 218.1 194.7 201.1 223.4 256.9 322.9 348.7 359.1 500.5 472.7 487.5 491.2 492.0 594.4 688.3 626.2 690.8 705.9 743.6 721.8 792.5 810.6 819.1 823.5 834.4 826.1 789.1 711.9 668.7 530.3 491.0 395.3 461.9 460.1 364.0 266.4 228.9 204.5 177.5 160.1 146.0 146.7 136.5 136.3 132.2 133.0 146.7 136.8 135.1 134.3 132.5 138.9 137.2 158.6 141.9 143.7 148.1 151.8 147.4 160.8 173.2 294.7 357.6 434.6 442.2 455.3 473.3 565.8 494.8
64.1 74.3 68.0 79.4 78.1 95.2 147.8 211.0 164.8 233.6 260.9 278.3 331.6 290.0 370.7 418.4 351.8 430.9 497.3 563.8 610.6 641.9 548.0 672.5 717.2 724.1 747.0 742.9 805.8 816.7 800.8 807.2 843.5 811.9 704.9 680.0 522.3 504.4 451.6 367.3 410.6 365.8 262.9 244.5 212.9 179.6 159.3 144.5 145.6 135.3 133.0 132.2 132.8 134.2 132.0 134.2 132.1 132.5 133.0 134.7 134.6 137.1 138.4 143.7 147.9 150.6 149.9 163.6 158.6 288.6 378.0 438.4 443.4 486.1 577.7 503.2
79.9 69.4 68.8 74.1 83.7 97.9 114.0 198.2 160.6 187.2 250.5 265.5 326.7 280.0 302.6 356.9 344.2 368.7 372.2 478.0 538.5 602.2 603.9 594.9 612.3 718.9 704.5 740.3 746.4 723.4 755.1 778.3 819.4 824.7 723.1 702.8 577.9 574.6 448.7 370.1 395.3 347.8 331.2 315.2 211.3 181.2 159.0 150.4 144.9 137.0 132.0 132.7 132.4 132.0 132.0 132.1 132.2 132.4 132.7 133.7 132.2 135.3 139.1 138.3 141.5 141.4 149.1 151.0 148.5 245.0 419.3 423.6 438.3 472.2 554.4 507.1
78.7 74.9 77.1 83.9 89.2 84.0 107.3 187.6 167.9 164.0 200.9 254.8 271.3 315.3 268.7 298.1 366.7 317.7 349.9 424.7 490.1 492.4 513.8 506.2 600.3 719.5 747.7 755.8 721.5 713.5 727.2 725.2 815.0 821.3 725.1 695.1 605.6 579.4 468.6 369.4 358.2 359.4 331.6 375.5 197.1 171.6 158.2 144.1 143.2 137.6 131.2 132.1 132.0 132.0 134.3 134.5 133.8 133.5 132.4 132.2 134.6 132.4 135.2 135.4 138.1 141.6 139.5 144.6 142.0 229.0 402.1 438.1 440.2 467.2 493.6 515.8
91.1 122.4 88.5 100.7 109.1 98.9 101.3 119.0 108.3 125.3 225.7 240.4 249.2 260.7 253.0 295.2 315.1 301.5 351.5 351.7 378.1 470.4 497.8 498.9 593.4 628.0 689.1 738.4 745.8 713.1 735.6 736.4 793.3 827.8 777.4 720.6 632.4 636.9 525.4 364.9 365.8 418.0 418.6 418.6 176.6 167.7 156.8 147.5 139.5 133.7 128.9 130.9 132.1 132.0 134.5 132.0 133.1 132.2 132.7 133.8 133.8 132.0 132.3 132.4 133.8 134.3 136.5 140.2 138.2 189.6 326.9 443.5 438.2 469.1 482.7 504.6
139.3 85.3 124.3 91.2 102.2 102.9 106.9 99.2 202.6 132.3 191.4 218.6 211.2 236.8 291.1 331.8 335.7 273.5 351.3 300.1 365.7 377.0 472.0 476.8 514.4 567.4 670.8 675.1 692.4 719.0 681.9 715.2 738.5 810.5 824.0 704.6 716.4 677.0 579.9 465.5 357.0 361.0 394.1 406.1 155.7 154.1 142.9 144.4 141.1 132.0 127.6 130.8 132.0 146.7 132.2 132.2 133.7 132.6 132.4 132.2 132.7 133.6 133.8 132.4 134.6 132.7 133.0 136.3 134.8 168.3 214.7 426.6 503.9 477.9 485.6 488.9
84.6 83.5 91.5 90.3 92.6 87.7 105.9 110.5 188.9 132.8 142.9 177.7 218.0 265.2 274.3 342.0 267.2 276.2 318.6 311.8 351.6 354.2 355.8 385.1 497.8 502.3 551.8 608.4 605.8 726.6 703.9 715.1 709.2 751.9 823.6 795.7 715.5 693.8 579.4 455.3 419.1 305.3 358.6 349.5 148.6 146.0 144.0 141.5 133.2 128.5 127.5 130.8 132.1 132.5 132.2 132.2 134.5 132.3 134.5 132.6 132.2 134.5 133.2 133.2 132.4 132.7 132.4 132.1 133.9 138.1 170.8 265.4 468.9 520.4 556.0 489.8
79.1 84.7 86.6 89.0 90.1 88.1 93.1 95.4 181.6 116.4 138.2 143.9 158.2 164.9 289.3 269.5 210.2 303.2 306.3 271.9 357.6 351.7 356.0 371.0 469.0 485.4 501.0 515.0 557.3 605.9 686.8 710.5 673.7 733.1 769.6 777.8 744.6 700.4 673.9 471.6 408.6 280.6 298.5 322.1 144.5 142.8 138.9 133.7 130.0 131.6 128.5 129.4 134.5 134.5 136.4 132.2 132.2 133.7 132.2 135.4 134.3 132.2 134.0 135.5 132.8 134.5 132.0 132.0 132.0 133.1 143.0 252.4 404.0 538.9 608.7 526.6
79.1 79.1 79.5 85.7 87.3 92.8 92.2 94.2 115.2 116.7 127.7 129.1 139.9 142.2 202.2 270.1 221.7 319.9 320.2 222.3 328.5 322.0 331.7 341.8 362.3 384.6 492.3 501.5 504.5 633.6 599.1 680.2 608.3 690.6 714.8 740.6 724.5 717.8 611.8 484.8 432.5 354.9 247.9 271.3 151.2 141.4 136.0 131.4 128.3 130.2 129.4 127.9 133.1 132.4 133.7 134.4 132.4 134.5 132.2 132.2 134.5 134.7 132.2 132.5 132.2 132.2 133.0 132.3 132.2 134.3 134.5 146.9 252.8 509.5 643.5 662.9
74.6 84.7 83.5 89.7 87.4 94.2 95.3 95.6 108.0 122.8 122.7 122.9 144.4 139.5 144.1 158.4 214.2 296.1 294.5 188.2 296.8 257.8 329.9 327.4 332.9 335.0 444.5 483.0 494.0 501.8 525.2 594.6 604.8 539.1 612.5 687.5 696.7 700.4 542.2 571.6 458.8 415.3 321.6 216.7 163.6 145.6 141.9 132.1 130.6 127.9 129.9 127.8 130.5 132.2 132.9 132.5 132.2 132.2 132.4 134.4 133.9 132.2 134.2 132.2 134.0 135.8 132.4 133.8 132.9 132.5 134.5 139.9 163.2 264.8 401.9 545.7
74.6 79.1 79.5 90.2 91.9 94.1 93.0 94.8 109.4 107.2 116.6 128.1 139.6 135.4 145.7 143.6 143.6 175.6 178.1 189.0 262.8 276.4 287.9 290.6 334.2 263.6 328.3 460.4 467.3 489.6 504.6 495.7 545.2 609.8 530.5 561.1 556.2 605.1 582.7 479.7 469.9 437.9 417.8 246.4 234.7 154.5 146.8 139.6 132.7 129.4 129.4 127.8 127.8 131.2 136.3 132.2 132.5 133.9 132.5 132.2 132.2 133.7 132.9 132.2 132.2 134.7 134.5 132.2 132.2 132.3 133.8 138.5 148.9 179.1 267.8 387.8
81.1 79.1 79.5 91.3 91.3 89.7 98.3 99.6 112.4 114.9 124.0 122.3 139.0 135.2 141.2 137.8 134.3 139.5 137.6 141.0 273.9 274.0 268.1 262.8 299.7 249.6 319.2 328.4 351.2 478.9 488.0 471.1 522.0 595.7 626.1 555.4 475.6 585.4 593.1 480.9 463.4 468.7 433.3 365.2 263.0 167.7 141.7 141.7 133.4 129.4 127.7 128.5 128.4 130.4 130.8 132.4 132.2 134.4 132.5 132.4 135.8 134.7 132.2 134.4 132.2 134.7 134.2 142.1 132.2 132.6 133.8 134.4 147.6 199.4 240.6 266.7
80.2 79.1 79.5 85.5 93.6 94.0 101.8 103.7 114.5 113.9 125.5 130.6 137.7 141.3 137.0 138.2 132.0 129.0 137.4 135.3 184.7 253.7 266.4 219.0 250.4 236.4 292.0 263.4 322.2 345.2 462.9 454.6 496.5 508.2 607.8 631.5 558.3 484.4 531.5 487.3 449.3 447.5 412.5 377.8 275.3 255.5 179.4 141.8 129.2 128.8 129.6 128.2 130.1 130.3 128.8 130.8 132.5 132.2 136.4 134.4 132.2 133.7 132.8 134.5 134.7 132.5 134.4 136.6 144.3 133.9 134.1 132.6 143.7 164.8 216.0 264.1
95.9 96.8 79.5 96.5 88.2 95.8 99.1 104.8 116.4 117.2 127.8 129.4 143.3 140.7 139.9 139.9 138.0 130.8 135.0 133.8 141.7 161.5 181.5 200.1 221.8 225.1 274.0 199.0 295.8 276.2 266.3 357.1 369.3 503.4 468.3 518.1 572.6 615.4 593.0 479.2 459.2 433.8 369.2 336.1 342.0 310.4 159.6 141.8 127.2 127.1 127.1 127.8 130.3 127.8 127.9 128.1 132.2 132.2 133.7 134.0 132.4 133.9 132.2 135.4 132.2 134.4 134.4 134.2 144.2 135.5 133.8 134.3 139.4 216.0 243.6 208.0
