GSP_annual_reports_SRP_2024_v3/GIS/SRP_2023_Fall_Shallow.tif
NCOLS 191
NROWS  209
XLLCORNER 6295515.91401
YLLCORNER 1783415.49397
CELLSIZE 1000.0
NODATA_VALUE -999
[rows 99 to 131 of 209, columns 0 to 75 of 191]
-999.0 -999.0 -999.0 -999.0 -999.0 -999.0 -999.0 -999.0 -999.0 -999.0 -999.0 -999.0 -999.0 240.9 307.8 383.5 371.7 296.5 309.8 350.2 320.9 165.8 246.2 390.5 371.7 204.6 165.7 161.2 185.8 181.7 169.6 161.4 177.8 163.0 124.5 127.1 120.2 73.0 86.8 123.7 119.9 125.8 96.6 86.9 87.6 79.5 108.8 127.0 73.0 50.5 52.1 62.2 66.2 64.6 45.6 50.2 65.6 76.9 75.0 78.1 79.3 83.4 78.6 82.4 89.1 92.2 95.8 96.1 99.0 104.7 105.9 110.2 122.4 131.3 138.7 157.0
-999.0 -999.0 -999.0 -999.0 -999.0 -999.0 -999.0 -999.0 -999.0 -999.0 -999.0 -999.0 -999.0 328.8 332.9 322.7 389.6 317.8 368.5 377.7 301.4 165.4 373.8 401.2 269.2 164.5 132.9 140.4 178.4 189.5 161.7 152.7 175.3 174.2 143.5 90.2 78.5 79.8 122.9 128.4 138.0 121.8 97.7 88.8 83.8 70.7 123.8 122.9 84.2 51.4 58.9 40.4 68.0 68.6 53.7 51.3 61.3 56.1 71.5 71.8 80.0 76.9 86.8 83.8 88.1 94.0 96.1 95.8 98.1 105.3 100.7 108.7 113.3 131.7 132.4 150.6
-999.0 -999.0 -999.0 -999.0 -999.0 -999.0 -999.0 -999.0 -999.0 -999.0 -999.0 -999.0 -999.0 377.5 392.7 416.1 411.2 418.1 415.1 396.7 336.4 303.0 392.8 391.6 199.9 256.0 170.3 138.5 134.9 152.3 143.3 141.9 142.2 136.6 85.9 84.8 122.9 119.5 122.3 125.4 132.0 128.8 122.1 127.2 106.5 85.5 92.3 122.4 116.0 75.3 59.4 69.5 53.7 52.4 56.0 59.3 65.3 71.1 74.2 70.0 80.1 81.3 78.8 81.0 88.7 94.3 94.1 95.1 97.6 104.7 106.4 110.1 116.8 128.1 130.4 157.3
-999.0 -999.0 -999.0 -999.0 -999.0 -999.0 -999.0 -999.0 -999.0 -999.0 -999.0 -999.0 -999.0 296.4 391.0 350.5 395.1 420.4 421.7 384.8 317.5 394.1 378.8 383.9 390.2 291.9 172.6 174.9 170.9 156.0 126.8 104.6 95.3 89.3 130.8 138.2 164.7 164.7 123.6 122.4 131.4 124.2 126.9 122.7 93.4 93.2 90.8 118.1 132.2 115.3 76.6 61.7 50.8 59.8 65.4 63.6 53.8 72.1 76.8 70.4 77.2 80.8 82.1 89.2 88.7 93.3 94.7 96.4 97.7 105.0 102.3 107.5 113.0 127.7 135.7 151.9
-999.0 -999.0 -999.0 -999.0 -999.0 -999.0 -999.0 -999.0 -999.0 -999.0 -999.0 -999.0 -999.0 210.0 336.6 300.3 379.4 419.2 422.8 417.1 408.8 406.4 385.6 388.0 393.2 371.3 356.1 192.8 175.4 171.7 135.1 173.1 142.0 126.7 161.4 157.8 167.5 165.7 150.5 143.7 148.7 130.4 124.3 122.8 129.7 105.1 99.5 95.1 121.7 143.4 124.5 83.9 60.3 68.7 58.6 74.5 71.0 68.9 76.8 75.4 78.3 79.8 78.1 82.2 92.6 94.3 94.5 97.2 99.4 105.1 104.4 108.8 119.9 124.8 132.5 156.6
-999.0 -999.0 -999.0 -999.0 -999.0 -999.0 -999.0 -999.0 -999.0 -999.0 -999.0 -999.0 -999.0 154.1 160.5 219.6 338.4 410.6 427.0 417.4 427.0 405.8 319.3 322.6 325.4 363.8 398.7 251.2 184.3 183.6 142.5 181.9 181.5 128.3 147.7 170.9 166.5 169.6 165.5 165.9 152.2 134.8 129.1 147.2 145.8 119.0 123.7 124.5 102.0 122.8 122.0 124.4 94.1 76.0 69.6 76.3 73.1 74.1 76.5 70.1 75.5 76.4 80.2 82.6 90.5 94.6 95.3 96.0 96.0 103.0 104.6 111.7 126.8 133.3 139.0 151.1
-999.0 -999.0 -999.0 -999.0 -999.0 -999.0 -999.0 -999.0 -999.0 -999.0 -999.0 -999.0 -999.0 130.0 137.8 168.9 195.4 294.2 330.7 340.0 403.8 329.1 296.5 194.7 221.0 244.0 243.4 295.6 185.1 198.1 160.0 194.1 180.4 191.0 140.5 160.8 159.1 169.6 174.1 165.8 170.7 164.7 132.2 126.5 151.8 160.6 151.7 124.7 125.8 122.0 115.3 124.0 122.9 91.6 70.4 67.4 66.5 75.1 69.3 73.1 74.5 76.2 78.7 85.0 86.1 91.3 94.9 96.6 98.9 104.1 107.5 118.3 127.1 138.6 145.0 162.0
-999.0 -999.0 -999.0 -999.0 -999.0 -999.0 -999.0 -999.0 -999.0 -999.0 -999.0 -999.0 -999.0 122.5 124.6 168.5 166.8 159.2 152.1 196.6 291.6 324.0 300.5 162.2 172.2 165.6 215.5 192.2 189.4 188.8 181.1 169.4 186.9 179.4 178.6 145.2 170.2 182.9 161.9 174.7 167.2 170.2 155.4 163.6 164.8 145.7 134.9 141.8 136.5 130.8 133.0 121.5 95.9 94.6 83.4 78.3 74.4 67.2 64.5 68.1 73.4 79.8 80.9 82.3 90.5 92.8 93.6 94.1 98.8 103.8 107.0 120.6 126.6 138.8 141.7 163.2
-999.0 -999.0 -999.0 -999.0 -999.0 -999.0 -999.0 -999.0 -999.0 -999.0 -999.0 -999.0 -999.0 -999.0 138.0 153.0 259.1 163.7 131.1 157.8 163.9 182.5 209.9 160.4 159.7 163.7 206.6 309.5 382.0 175.7 213.5 178.4 180.6 195.5 191.8 151.5 180.6 163.9 272.7 178.0 197.3 171.9 172.4 173.9 164.2 137.7 131.4 130.2 125.2 128.5 128.5 124.9 122.5 90.5 89.0 87.7 85.0 76.9 67.4 67.6 67.6 71.0 79.4 84.4 89.8 92.5 94.0 95.9 100.3 105.0 111.9 123.9 129.7 136.8 121.3 160.2
-999.0 -999.0 -999.0 -999.0 -999.0 -999.0 -999.0 -999.0 -999.0 -999.0 -999.0 -999.0 -999.0 -999.0 159.6 168.0 165.5 166.6 119.1 165.3 179.7 172.0 130.2 154.1 171.8 160.2 174.8 182.4 306.5 284.9 177.9 213.6 179.6 178.1 175.9 178.8 181.2 169.7 206.2 200.4 194.4 190.8 179.8 177.0 179.3 178.7 136.9 132.6 134.6 136.8 130.0 126.9 105.6 90.9 94.7 95.0 128.9 92.9 81.9 79.1 85.5 79.4 78.5 87.0 88.6 92.9 95.8 96.5 102.9 106.8 121.1 127.4 135.9 134.9 123.4 157.2
-999.0 -999.0 -999.0 -999.0 -999.0 -999.0 -999.0 -999.0 -999.0 -999.0 -999.0 -999.0 -999.0 -999.0 -999.0 142.8 164.6 124.0 124.3 156.9 274.5 166.0 169.4 90.5 126.4 126.3 130.4 170.8 204.8 235.2 336.9 324.0 241.4 181.3 184.0 183.0 183.5 180.3 234.7 327.4 275.1 208.3 240.0 203.4 189.3 180.7 183.8 139.7 132.2 188.8 133.5 212.9 136.5 130.0 125.7 121.8 128.8 89.7 120.6 92.2 97.6 97.3 88.0 88.8 86.8 92.1 94.5 94.9 105.1 106.8 110.1 125.7 134.8 129.0 121.0 150.5
-999.0 -999.0 -999.0 -999.0 -999.0 -999.0 -999.0 -999.0 -999.0 -999.0 -999.0 -999.0 -999.0 -999.0 -999.0 -999.0 169.9 92.1 124.2 158.5 248.4 205.7 170.0 98.9 82.7 87.6 97.2 126.5 169.1 193.6 190.9 360.9 420.3 252.4 203.5 210.3 196.3 195.8 204.3 209.0 251.5 246.0 255.5 205.2 208.7 209.9 183.1 147.8 186.9 217.9 179.1 234.6 216.5 135.7 129.7 128.2 136.2 144.4 120.2 114.9 133.3 97.3 96.9 96.4 91.8 93.2 95.0 96.4 100.4 105.2 110.7 124.8 131.1 134.1 128.9 148.8
-999.0 -999.0 -999.0 -999.0 -999.0 -999.0 -999.0 -999.0 -999.0 -999.0 -999.0 -999.0 -999.0 -999.0 -999.0 -999.0 -999.0 73.1 147.9 153.8 141.2 174.0 132.8 71.7 70.7 98.3 107.3 93.3 133.6 140.1 183.8 184.4 403.1 282.1 191.2 188.3 137.6 147.9 164.9 180.4 180.9 206.4 215.8 204.0 192.3 198.2 200.3 149.6 168.6 154.6 283.7 217.7 207.0 134.2 108.7 133.8 140.4 136.9 134.9 131.9 134.9 126.8 92.9 97.8 97.2 97.0 97.7 97.7 98.6 101.1 107.4 121.5 129.0 138.8 131.0 178.1
-999.0 -999.0 -999.0 -999.0 -999.0 -999.0 -999.0 -999.0 -999.0 -999.0 -999.0 -999.0 -999.0 -999.0 -999.0 -999.0 -999.0 -999.0 93.7 154.2 149.3 119.2 69.5 66.7 108.7 162.9 162.2 97.1 191.1 154.2 173.3 196.8 189.8 193.0 163.8 139.7 193.5 180.6 197.5 187.6 191.6 200.4 178.9 173.3 189.3 188.8 167.8 149.3 183.0 203.0 199.3 245.3 250.1 198.2 146.8 134.6 137.3 132.4 160.6 139.9 133.0 132.9 91.6 84.1 102.7 99.1 99.6 97.6 99.7 98.9 108.1 104.3 126.3 129.4 137.4 142.9
-999.0 -999.0 -999.0 -999.0 -999.0 -999.0 -999.0 -999.0 -999.0 -999.0 -999.0 -999.0 -999.0 -999.0 -999.0 -999.0 -999.0 -999.0 -999.0 -999.0 132.7 81.0 65.2 76.4 107.7 168.8 173.7 147.6 176.5 173.3 190.1 178.5 180.5 149.7 98.8 196.1 191.4 377.4 215.1 281.2 256.3 267.1 185.6 193.0 149.1 187.3 177.4 176.2 173.0 190.0 192.0 195.9 228.5 185.1 175.9 141.3 222.3 217.1 199.6 138.3 136.2 126.3 141.7 132.6 120.9 91.1 97.7 100.9 102.5 99.6 104.3 107.0 115.9 125.9 127.6 137.2
-999.0 -999.0 -999.0 -999.0 -999.0 -999.0 -999.0 -999.0 -999.0 -999.0 -999.0 -999.0 -999.0 -999.0 -999.0 -999.0 -999.0 -999.0 -999.0 -999.0 85.1 69.0 64.2 93.2 129.2 170.3 190.8 179.8 142.3 144.6 108.3 136.9 143.9 132.2 137.0 175.9 232.2 376.4 329.1 347.4 327.7 300.3 319.9 321.9 293.7 213.5 188.7 185.5 192.3 192.6 192.0 182.6 187.3 185.5 163.6 183.1 208.4 201.1 163.8 207.0 218.3 142.1 189.1 158.3 166.2 128.4 91.4 92.8 95.4 102.3 106.2 103.2 110.5 115.7 118.6 124.8
-999.0 -999.0 -999.0 -999.0 -999.0 -999.0 -999.0 -999.0 -999.0 -999.0 -999.0 -999.0 -999.0 -999.0 -999.0 -999.0 -999.0 -999.0 -999.0 -999.0 -999.0 63.8 78.2 121.7 156.0 158.4 174.3 242.3 183.9 94.7 80.5 87.2 95.0 117.2 169.8 187.0 195.8 389.7 398.2 406.9 348.8 320.8 331.7 322.4 327.3 326.6 291.9 191.6 184.2 227.1 225.1 198.6 181.1 175.8 167.1 186.7 203.2 271.3 237.1 192.1 184.6 187.0 190.7 184.4 142.7 130.7 102.1 97.0 97.1 96.1 96.8 103.6 99.7 108.4 111.0 116.2
-999.0 -999.0 -999.0 -999.0 -999.0 -999.0 -999.0 -999.0 -999.0 -999.0 -999.0 -999.0 -999.0 -999.0 -999.0 -999.0 -999.0 -999.0 -999.0 -999.0 -999.0 -999.0 77.2 121.1 121.0 119.5 138.4 176.1 187.8 77.8 73.6 75.2 75.9 88.5 157.4 224.8 375.2 400.6 394.1 291.8 295.6 240.9 242.0 269.2 311.0 317.3 331.9 305.8 233.4 249.4 302.9 167.8 182.9 182.2 174.9 184.5 180.9 163.2 307.4 233.3 173.5 174.1 209.3 196.2 205.6 123.1 114.6 103.6 97.2 93.6 97.3 100.0 103.1 103.6 98.5 115.1
-999.0 -999.0 -999.0 -999.0 -999.0 -999.0 -999.0 -999.0 -999.0 -999.0 -999.0 -999.0 -999.0 -999.0 -999.0 -999.0 -999.0 -999.0 -999.0 -999.0 -999.0 -999.0 -999.0 -999.0 86.6 78.8 92.6 95.5 89.3 72.7 76.1 88.3 143.2 166.7 133.1 167.0 188.5 398.4 382.1 324.0 207.9 186.2 229.1 194.3 235.7 218.1 313.2 345.1 313.7 312.5 310.2 189.3 218.7 178.3 177.5 179.2 170.0 179.3 251.6 299.6 229.8 147.5 171.5 197.6 136.5 185.9 173.7 124.7 102.2 95.5 86.2 82.9 99.1 102.7 113.2 130.7
-999.0 -999.0 -999.0 -999.0 -999.0 -999.0 -999.0 -999.0 -999.0 -999.0 -999.0 -999.0 -999.0 -999.0 -999.0 -999.0 -999.0 -999.0 -999.0 -999.0 -999.0 -999.0 -999.0 -999.0 -999.0 -999.0 71.8 70.2 70.5 78.9 151.7 149.3 192.4 180.4 182.4 190.6 191.8 313.9 225.4 299.0 248.0 308.1 283.0 269.3 181.9 166.2 208.2 336.8 343.5 335.2 334.0 284.7 203.9 174.5 176.8 176.6 198.1 167.1 213.3 217.6 219.4 165.4 170.0 153.4 176.7 162.8 197.3 142.8 142.2 95.7 95.7 76.6 97.9 95.8 128.9 135.0
-999.0 -999.0 -999.0 -999.0 -999.0 -999.0 -999.0 -999.0 -999.0 -999.0 -999.0 -999.0 -999.0 -999.0 -999.0 -999.0 -999.0 -999.0 -999.0 -999.0 -999.0 -999.0 -999.0 -999.0 -999.0 -999.0 -999.0 69.2 71.5 94.3 175.9 181.7 192.8 185.4 160.5 210.6 190.8 187.8 304.5 140.6 192.9 141.6 140.6 139.2 149.2 191.5 204.7 231.3 335.0 324.8 318.5 320.7 228.1 219.3 175.9 160.8 176.4 169.7 158.5 175.6 202.2 205.6 146.2 150.4 227.0 183.0 191.0 195.7 125.2 111.1 97.8 97.8 74.0 99.6 127.9 86.4
-999.0 -999.0 -999.0 -999.0 -999.0 -999.0 -999.0 -999.0 -999.0 -999.0 -999.0 -999.0 -999.0 -999.0 -999.0 -999.0 -999.0 -999.0 -999.0 -999.0 -999.0 -999.0 -999.0 -999.0 -999.0 -999.0 -999.0 -999.0 -999.0 76.6 96.8 152.6 187.2 172.4 167.6 187.7 191.0 177.9 141.7 158.4 158.7 288.0 312.1 226.0 274.6 225.0 207.3 254.7 292.3 296.2 337.2 226.1 223.7 203.8 200.0 142.0 180.2 202.9 149.7 145.4 151.6 150.1 204.3 175.5 219.2 227.3 190.6 183.4 143.8 125.1 106.1 102.1 95.1 75.5 98.0 91.2
-999.0 -999.0 -999.0 -999.0 -999.0 -999.0 -999.0 -999.0 -999.0 -999.0 -999.0 -999.0 -999.0 -999.0 -999.0 -999.0 -999.0 -999.0 -999.0 -999.0 -999.0 -999.0 -999.0 -999.0 -999.0 -999.0 -999.0 -999.0 -999.0 -999.0 -999.0 -999.0 143.5 151.2 142.0 154.1 186.4 180.4 141.0 132.0 202.8 299.1 333.8 328.7 318.3 245.1 192.1 236.2 180.9 227.0 188.7 179.8 213.1 204.9 220.7 206.2 185.3 157.7 129.5 149.5 146.4 135.1 156.5 167.3 174.6 329.9 245.7 175.9 213.3 134.8 125.6 96.5 121.5 105.4 59.6 101.8
-999.0 -999.0 -999.0 -999.0 -999.0 -999.0 -999.0 -999.0 -999.0 -999.0 -999.0 -999.0 -999.0 -999.0 -999.0 -999.0 -999.0 -999.0 -999.0 -999.0 -999.0 -999.0 -999.0 -999.0 -999.0 -999.0 -999.0 -999.0 -999.0 -999.0 -999.0 -999.0 -999.0 158.3 130.0 124.9 162.6 155.5 132.5 110.0 169.0 174.0 204.9 329.7 325.3 216.0 205.1 205.9 192.4 176.3 177.8 211.3 167.3 169.1 136.5 110.4 98.3 137.3 164.6 179.7 173.9 149.6 96.7 97.4 138.3 202.8 214.6 163.4 206.3 176.3 153.5 131.2 131.3 113.9 105.4 73.3
-999.0 -999.0 -999.0 -999.0 -999.0 -999.0 -999.0 -999.0 -999.0 -999.0 -999.0 -999.0 -999.0 -999.0 -999.0 -999.0 -999.0 -999.0 -999.0 -999.0 -999.0 -999.0 -999.0 -999.0 -999.0 -999.0 -999.0 -999.0 -999.0 -999.0 -999.0 -999.0 -999.0 -999.0 175.8 96.6 165.6 146.2 97.8 100.0 134.7 159.2 196.3 256.1 195.1 202.6 143.6 193.1 184.4 150.3 151.6 161.4 129.3 122.9 92.8 93.8 123.7 186.9 206.9 189.7 173.9 143.0 100.1 96.2 86.0 143.6 165.3 315.9 234.0 181.5 183.6 132.0 134.2 104.2 75.3 60.1
-999.0 -999.0 -999.0 -999.0 -999.0 -999.0 -999.0 -999.0 -999.0 -999.0 -999.0 -999.0 -999.0 -999.0 -999.0 -999.0 -999.0 -999.0 -999.0 -999.0 -999.0 -999.0 -999.0 -999.0 -999.0 -999.0 -999.0 -999.0 -999.0 -999.0 -999.0 -999.0 -999.0 -999.0 -999.0 -999.0 95.7 99.5 89.9 141.7 187.1 168.0 207.9 240.4 198.6 159.2 142.0 145.8 174.8 138.3 138.6 135.0 101.9 85.6 80.0 98.0 142.4 172.6 177.6 187.4 185.9 159.0 86.5 97.7 71.6 74.1 88.1 139.9 199.6 211.2 153.4 134.6 85.1 82.1 73.7 79.0
-999.0 -999.0 -999.0 -999.0 -999.0 -999.0 -999.0 -999.0 -999.0 -999.0 -999.0 -999.0 -999.0 -999.0 -999.0 -999.0 -999.0 -999.0 -999.0 -999.0 -999.0 -999.0 -999.0 -999.0 -999.0 -999.0 -999.0 -999.0 -999.0 -999.0 -999.0 -999.0 -999.0 -999.0 -999.0 -999.0 -999.0 -999.0 -999.0 175.5 191.0 199.0 205.0 188.1 210.4 153.8 126.4 139.1 143.0 138.0 133.3 121.3 120.7 79.4 79.4 88.4 101.1 148.0 180.9 169.1 145.3 143.1 83.4 72.9 74.3 65.0 64.0 65.1 95.1 132.6 148.5 113.3 130.8 101.5 75.4 59.2
-999.0 -999.0 -999.0 -999.0 -999.0 -999.0 -999.0 -999.0 -999.0 -999.0 -999.0 -999.0 -999.0 -999.0 -999.0 -999.0 -999.0 -999.0 -999.0 -999.0 -999.0 -999.0 -999.0 -999.0 -999.0 -999.0 -999.0 -999.0 -999.0 -999.0 -999.0 -999.0 -999.0 -999.0 -999.0 -999.0 -999.0 -999.0 -999.0 -999.0 -999.0 -999.0 212.1 150.1 225.2 143.7 129.0 125.8 127.3 120.8 157.4 172.7 144.9 96.9 87.8 92.5 112.9 166.6 149.2 137.1 110.7 97.9 83.1 72.5 64.6 63.2 58.8 54.9 64.2 66.0 87.3 98.3 95.5 84.2 74.8 57.6
-999.0 -999.0 -999.0 -999.0 -999.0 -999.0 -999.0 -999.0 -999.0 -999.0 -999.0 -999.0 -999.0 -999.0 -999.0 -999.0 -999.0 -999.0 -999.0 -999.0 -999.0 -999.0 -999.0 -999.0 -999.0 -999.0 -999.0 -999.0 -999.0 -999.0 -999.0 -999.0 -999.0 -999.0 -999.0 -999.0 -999.0 -999.0 -999.0 -999.0 -999.0 -999.0 -999.0 -999.0 149.3 141.3 106.1 84.3 79.4 83.3 105.1 146.1 171.7 152.9 131.0 149.7 135.8 183.6 169.8 175.3 171.9 137.0 106.8 95.0 71.0 63.8 57.8 53.7 54.1 58.5 54.8 55.2 52.8 71.6 53.9 66.5
-999.0 -999.0 -999.0 -999.0 -999.0 -999.0 -999.0 -999.0 -999.0 -999.0 -999.0 -999.0 -999.0 -999.0 -999.0 -999.0 -999.0 -999.0 -999.0 -999.0 -999.0 -999.0 -999.0 -999.0 -999.0 -999.0 -999.0 -999.0 -999.0 -999.0 -999.0 -999.0 -999.0 -999.0 -999.0 -999.0 -999.0 -999.0 -999.0 -999.0 -999.0 -999.0 -999.0 -999.0 -999.0 137.3 83.9 79.1 85.4 104.3 168.7 165.3 181.6 109.6 109.6 197.6 222.9 188.3 185.3 158.5 191.8 172.4 124.4 96.0 73.7 70.7 55.9 53.4 53.1 51.9 51.4 52.6 48.7 51.1 51.3 52.9
-999.0 -999.0 -999.0 -999.0 -999.0 -999.0 -999.0 -999.0 -999.0 -999.0 -999.0 -999.0 -999.0 -999.0 -999.0 -999.0 -999.0 -999.0 -999.0 -999.0 -999.0 -999.0 -999.0 -999.0 -999.0 -999.0 -999.0 -999.0 -999.0 -999.0 -999.0 -999.0 -999.0 -999.0 -999.0 -999.0 -999.0 -999.0 -999.0 -999.0 -999.0 -999.0 -999.0 -999.0 -999.0 77.1 78.7 83.9 89.5 143.7 193.8 189.4 192.9 127.3 210.2 193.2 184.5 207.8 182.3 145.9 141.5 197.5 169.2 106.8 85.2 73.3 67.4 53.5 52.7 51.9 51.1 51.1 50.1 50.9 50.2 53.0
-999.0 -999.0 -999.0 -999.0 -999.0 -999.0 -999.0 -999.0 -999.0 -999.0 -999.0 -999.0 -999.0 -999.0 -999.0 -999.0 -999.0 -999.0 -999.0 -999.0 -999.0 -999.0 -999.0 -999.0 -999.0 -999.0 -999.0 -999.0 -999.0 -999.0 -999.0 -999.0 -999.0 -999.0 -999.0 -999.0 -999.0 -999.0 -999.0 -999.0 -999.0 -999.0 -999.0 -999.0 77.7 82.0 96.7 141.9 149.3 143.3 201.4 167.7 196.0 205.2 198.0 203.8 238.5 206.2 179.9 184.3 146.7 106.1 163.6 157.8 97.0 80.3 70.5 64.6 52.6 51.9 61.7 84.2 48.6 49.8 57.2 51.6
-999.0 -999.0 -999.0 -999.0 -999.0 -999.0 -999.0 -999.0 -999.0 -999.0 -999.0 -999.0 -999.0 -999.0 -999.0 -999.0 -999.0 -999.0 -999.0 -999.0 -999.0 -999.0 -999.0 -999.0 -999.0 -999.0 -999.0 -999.0 -999.0 -999.0 -999.0 -999.0 -999.0 -999.0 -999.0 -999.0 -999.0 -999.0 -999.0 -999.0 -999.0 -999.0 -999.0 -999.0 87.8 136.4 169.5 211.8 191.5 218.5 202.9 172.6 221.2 234.9 199.7 261.0 197.3 177.1 196.7 158.5 154.4 192.7 96.6 103.5 95.3 88.6 62.9 61.5 53.1 51.9 53.3 96.1 56.9 49.7 50.2 51.6
