GSP_annual_reports_SRP_2024_v3/GIS/SRP_2022_Fall_Shallow.tif
NCOLS 191
NROWS  209
XLLCORNER 6295515.91401
YLLCORNER 1783415.49397
CELLSIZE 1000.0
NODATA_VALUE -999
[rows 66 to 98 of 209, columns 0 to 75 of 191]
-999.0 -999.0 -999.0 -999.0 -999.0 -999.0 -999.0 -999.0 -999.0 101.8 77.5 76.0 64.3 63.2 61.8 81.0 98.7 111.4 130.4 112.0 122.3 97.2 94.9 65.1 56.1 53.5 45.3 47.1 47.5 47.2 50.9 51.4 52.0 52.7 58.1 58.9 60.8 63.9 65.6 67.3 68.7 68.8 71.0 75.1 78.4 82.0 81.0 83.6 92.3 100.7 105.0 111.2 110.4 112.8 117.0 120.2 127.8 132.6 136.4 140.4 146.6 150.7 153.1 155.2 159.7 163.8 174.1 169.7 173.0 177.0 182.7 187.2 189.8 191.7 189.8 197.4
-999.0 -999.0 -999.0 -999.0 -999.0 -999.0 -999.0 -999.0 -999.0 -999.0 102.9 74.4 63.8 73.9 62.9 66.2 78.6 103.8 126.5 123.1 124.1 98.1 94.7 63.0 61.1 48.6 45.1 47.7 47.8 49.0 49.5 50.9 52.6 56.6 57.7 58.8 61.4 64.0 64.6 66.6 68.1 68.9 74.4 75.5 78.7 79.8 77.4 80.7 88.3 94.0 100.2 108.6 117.8 113.4 118.8 123.0 126.4 133.9 137.0 139.2 145.0 150.8 153.2 150.5 157.3 160.7 168.6 165.4 165.6 173.9 180.5 182.8 185.7 188.2 178.3 186.8
-999.0 -999.0 -999.0 -999.0 -999.0 -999.0 -999.0 -999.0 -999.0 -999.0 100.0 74.4 102.2 82.9 70.3 62.8 72.8 105.3 118.3 133.2 132.0 111.7 96.3 58.2 55.2 49.9 46.1 48.4 51.7 53.6 50.5 54.6 58.2 59.7 63.0 62.0 60.6 74.9 67.0 65.7 67.3 77.1 76.2 78.9 79.9 86.4 87.0 93.3 90.9 103.0 105.2 103.6 110.3 115.7 119.6 124.6 126.0 129.1 134.9 147.5 145.2 148.7 152.1 151.4 154.5 160.9 169.8 169.5 163.7 164.2 178.0 182.2 185.7 189.7 188.0 191.8
-999.0 -999.0 -999.0 -999.0 -999.0 -999.0 -999.0 -999.0 -999.0 -999.0 85.0 77.8 110.9 101.2 106.8 78.3 63.1 105.5 117.1 125.4 128.2 123.1 98.5 97.9 72.5 50.3 47.1 50.7 52.1 58.2 53.8 55.7 57.9 58.4 62.0 63.5 70.4 73.7 73.3 78.9 72.2 76.5 77.8 78.3 80.2 84.3 78.9 90.8 92.6 96.2 94.2 103.2 113.8 118.3 118.4 124.4 125.2 131.3 135.6 138.3 147.4 148.1 151.9 155.9 155.8 158.9 165.6 172.1 171.8 161.9 178.1 184.9 186.2 190.9 192.6 197.6
-999.0 -999.0 -999.0 -999.0 -999.0 -999.0 -999.0 -999.0 -999.0 -999.0 83.2 80.3 80.7 107.2 92.3 73.9 63.9 82.1 104.8 108.4 127.3 118.4 98.0 100.4 64.3 49.2 48.3 49.3 52.8 58.4 55.9 59.8 58.1 59.5 63.6 65.2 67.0 76.6 71.1 70.8 68.9 76.8 79.2 79.1 80.9 83.6 81.5 85.4 91.8 98.3 118.5 106.2 108.7 112.9 115.2 122.1 124.3 131.4 134.3 138.5 147.2 145.3 149.2 142.0 154.8 159.0 164.5 176.3 193.4 174.0 183.8 185.5 191.2 198.3 198.3 204.8
-999.0 -999.0 -999.0 -999.0 -999.0 -999.0 -999.0 -999.0 -999.0 -999.0 105.6 89.2 134.9 126.6 107.4 65.6 72.8 80.6 105.3 102.2 119.3 119.0 98.0 98.3 79.0 50.1 48.7 49.1 51.3 52.3 52.2 54.5 56.0 57.7 63.7 63.9 67.8 70.7 67.9 65.1 75.8 77.7 78.2 77.9 80.1 82.1 84.0 86.2 93.1 93.6 105.1 104.8 113.0 112.5 115.1 122.2 120.9 126.8 132.7 136.6 139.9 142.1 148.7 152.9 157.1 160.7 158.2 171.5 176.8 184.8 214.7 211.7 196.9 204.9 205.8 204.5
-999.0 -999.0 -999.0 -999.0 -999.0 -999.0 -999.0 -999.0 -999.0 -999.0 108.3 107.2 131.7 133.7 104.6 67.1 73.2 82.9 104.5 116.1 117.4 103.9 97.9 94.4 98.2 70.1 48.6 48.9 48.8 56.8 50.5 52.5 52.5 57.0 60.7 60.9 59.8 58.9 64.9 70.5 68.7 78.0 76.6 78.9 80.6 82.0 86.6 89.1 90.8 96.3 101.7 106.8 105.2 115.1 118.1 117.1 116.3 119.9 126.0 132.7 157.7 147.8 149.1 153.5 159.4 161.7 162.3 166.5 233.3 238.1 216.6 211.7 199.3 209.2 204.2 203.7
-999.0 -999.0 -999.0 -999.0 -999.0 -999.0 -999.0 -999.0 -999.0 -999.0 -999.0 106.2 136.8 131.3 108.6 70.2 74.0 72.5 103.0 105.2 115.4 102.4 98.1 94.3 94.5 72.0 50.4 48.9 48.7 48.6 50.4 53.4 54.9 57.2 61.5 57.7 57.6 66.4 64.0 65.5 69.4 69.5 76.4 78.3 78.6 83.1 82.5 86.1 90.6 90.1 96.6 103.8 109.7 108.8 113.2 116.1 113.9 116.6 115.3 129.4 129.9 137.4 145.6 150.8 156.2 163.7 167.8 180.6 198.4 348.2 354.7 277.9 216.6 207.7 204.1 205.8
-999.0 -999.0 -999.0 -999.0 -999.0 -999.0 -999.0 -999.0 -999.0 -999.0 -999.0 110.1 127.5 130.3 109.5 81.3 75.9 74.4 80.4 103.6 100.4 104.7 99.4 98.4 94.2 94.0 90.2 77.2 49.6 48.7 56.7 54.4 54.6 58.0 66.8 60.3 57.2 60.3 62.5 73.5 77.2 77.3 77.1 79.5 77.2 82.5 81.2 83.9 89.4 89.3 94.8 98.3 102.6 106.6 110.3 114.4 116.5 116.2 117.7 126.9 127.8 136.2 142.3 143.5 149.0 159.1 159.8 162.3 190.6 278.2 351.8 328.1 280.2 207.2 194.0 208.5
-999.0 -999.0 -999.0 -999.0 -999.0 -999.0 -999.0 -999.0 -999.0 -999.0 -999.0 147.2 155.9 142.8 112.4 106.3 80.7 75.5 75.6 106.8 103.6 104.2 105.0 99.1 92.8 93.0 98.1 59.7 48.3 48.0 54.0 55.6 53.1 57.3 65.2 61.7 60.8 69.1 71.2 77.0 79.1 73.8 79.8 77.8 81.3 81.4 84.3 86.9 88.3 89.6 87.6 95.2 100.3 106.7 106.9 109.6 112.8 117.5 118.2 122.9 124.5 133.1 141.0 141.4 147.9 157.1 149.8 191.5 224.4 304.5 371.7 322.8 279.0 208.7 195.1 193.7
-999.0 -999.0 -999.0 -999.0 -999.0 -999.0 -999.0 -999.0 -999.0 -999.0 -999.0 168.6 158.8 135.9 111.7 101.7 84.0 76.8 75.5 106.7 107.8 105.4 99.0 98.5 91.8 97.9 99.1 99.1 61.9 50.1 50.5 54.0 59.3 59.0 66.6 61.9 63.9 68.9 73.8 78.8 76.8 74.8 78.3 77.9 79.8 82.9 82.7 86.5 89.9 90.4 89.2 88.6 90.1 104.1 106.6 108.6 112.1 115.0 119.4 119.8 118.8 129.0 137.5 141.5 149.9 152.4 177.1 190.0 208.4 294.6 340.6 329.8 301.5 264.5 209.8 200.6
-999.0 -999.0 -999.0 -999.0 -999.0 -999.0 -999.0 -999.0 -999.0 -999.0 -999.0 -999.0 134.6 127.8 120.6 130.3 108.8 80.9 77.8 104.2 131.3 117.5 99.9 95.6 90.7 84.9 95.8 66.1 97.0 49.5 51.6 52.0 57.1 56.6 66.1 58.1 59.8 64.2 73.0 74.6 72.6 70.0 77.1 76.9 78.3 80.6 82.0 88.8 90.1 86.5 89.5 94.5 89.7 102.0 104.0 106.3 110.1 112.5 115.3 116.9 118.1 125.0 137.6 142.1 152.1 153.9 152.0 172.5 203.0 263.6 342.7 350.5 360.3 321.8 257.4 196.6
-999.0 -999.0 -999.0 -999.0 -999.0 -999.0 -999.0 -999.0 -999.0 -999.0 -999.0 -999.0 -999.0 128.8 144.2 136.2 104.3 109.0 77.2 92.7 101.8 129.9 97.9 94.1 85.5 81.9 96.6 75.7 57.4 52.5 52.9 50.3 48.7 46.6 58.0 56.7 59.6 63.6 71.5 67.8 74.3 74.2 74.1 73.8 77.3 80.0 81.4 88.6 88.9 86.5 84.8 94.2 97.3 97.0 93.1 105.4 105.4 110.2 112.0 113.4 117.1 118.8 138.3 140.9 151.1 142.5 152.1 238.7 237.9 229.8 332.3 327.0 372.5 344.1 330.9 281.6
-999.0 -999.0 -999.0 -999.0 -999.0 -999.0 -999.0 -999.0 -999.0 -999.0 -999.0 -999.0 -999.0 -999.0 154.6 132.2 115.2 107.3 83.3 79.4 105.1 125.4 97.0 96.9 91.1 81.6 91.4 85.1 70.1 61.0 54.4 51.5 49.9 48.5 60.9 60.7 59.4 65.3 63.7 67.8 68.2 69.7 77.8 76.8 78.8 80.8 80.5 85.9 86.3 88.2 88.5 85.5 92.0 92.8 99.7 100.7 106.5 105.1 108.0 109.4 116.2 117.0 123.0 140.0 146.4 135.3 148.3 272.4 326.0 348.2 339.7 336.9 383.1 387.7 401.4 347.6
-999.0 -999.0 -999.0 -999.0 -999.0 -999.0 -999.0 -999.0 -999.0 -999.0 -999.0 -999.0 -999.0 -999.0 -999.0 132.0 132.6 112.2 106.5 82.7 106.2 121.7 99.7 93.5 88.6 76.5 82.8 102.7 74.4 58.6 55.9 53.6 49.0 50.2 58.4 55.5 53.4 58.5 64.7 67.7 75.2 73.9 77.5 77.9 81.6 81.9 82.9 88.0 88.6 92.1 89.2 88.6 86.7 89.4 92.3 95.0 102.3 102.4 105.9 104.9 109.5 107.6 119.9 124.3 129.6 131.9 163.3 264.2 335.2 348.0 322.0 357.1 383.7 325.8 398.1 341.8
-999.0 -999.0 -999.0 -999.0 -999.0 -999.0 -999.0 -999.0 -999.0 -999.0 -999.0 -999.0 -999.0 -999.0 -999.0 162.6 128.5 130.9 104.4 88.6 103.1 86.7 104.4 87.2 84.6 75.2 88.5 96.8 87.7 75.4 59.5 52.6 51.9 54.3 57.3 52.0 53.7 58.1 86.5 74.9 76.8 68.3 77.3 78.3 79.3 83.2 82.2 84.1 90.7 93.3 90.5 87.5 86.5 87.5 92.0 91.8 100.3 106.5 105.3 102.5 108.0 108.0 108.6 110.3 114.5 134.8 166.4 318.4 339.4 373.9 348.6 370.7 365.7 330.6 414.5 448.3
-999.0 -999.0 -999.0 -999.0 -999.0 -999.0 -999.0 -999.0 -999.0 -999.0 -999.0 -999.0 -999.0 -999.0 -999.0 134.6 129.6 135.6 100.2 90.0 87.7 87.9 92.6 95.4 84.9 81.2 92.0 99.4 77.7 61.5 54.7 54.6 55.7 54.1 55.2 51.2 52.6 64.6 72.5 67.3 68.3 69.1 78.1 78.2 76.7 84.0 81.3 80.8 86.0 91.3 92.6 89.3 89.6 83.4 93.6 95.7 96.6 98.0 102.6 99.0 101.4 103.4 105.2 109.1 106.4 135.4 175.3 320.8 432.0 354.7 370.0 329.3 357.7 339.3 372.4 402.8
-999.0 -999.0 -999.0 -999.0 -999.0 -999.0 -999.0 -999.0 -999.0 -999.0 -999.0 -999.0 -999.0 -999.0 -999.0 112.0 110.3 107.9 107.2 145.4 136.4 105.1 94.9 101.6 91.5 84.3 84.3 99.4 75.3 62.2 54.0 56.9 52.4 53.5 56.0 50.8 50.8 59.3 65.0 67.2 76.7 76.4 76.3 77.0 77.2 79.4 81.3 79.9 82.5 84.2 83.2 89.5 85.4 84.1 91.8 89.1 93.3 92.9 98.2 95.1 99.0 100.2 105.1 104.5 108.4 123.7 146.2 290.9 431.1 363.8 365.0 403.1 411.1 380.9 376.0 391.6
-999.0 -999.0 -999.0 -999.0 -999.0 -999.0 -999.0 -999.0 -999.0 -999.0 -999.0 -999.0 -999.0 -999.0 -999.0 145.1 114.4 107.3 142.7 137.5 143.6 116.0 101.3 93.9 97.2 94.9 111.0 98.7 90.4 109.9 61.4 59.6 52.1 53.8 53.7 47.9 50.7 57.2 60.9 66.8 76.1 73.2 74.1 77.0 78.5 79.0 81.8 81.2 80.3 81.0 88.8 92.3 86.9 87.4 85.4 87.4 88.9 86.7 94.1 88.5 87.5 97.0 101.4 100.4 107.1 123.9 149.2 207.0 349.0 415.7 421.9 339.5 398.3 419.8 389.0 395.6
-999.0 -999.0 -999.0 -999.0 -999.0 -999.0 -999.0 -999.0 -999.0 -999.0 -999.0 -999.0 -999.0 -999.0 -999.0 111.6 112.6 111.7 129.0 132.1 137.3 130.2 103.0 104.1 108.5 118.4 101.4 104.8 77.1 107.5 108.8 64.4 57.2 51.4 53.0 47.6 50.4 52.7 62.4 67.0 67.8 77.0 73.9 78.1 71.0 75.2 79.4 79.8 78.6 79.2 85.4 86.2 87.1 88.3 89.4 86.7 83.3 84.5 86.8 80.6 81.3 89.4 92.0 96.9 106.4 119.1 150.4 190.0 291.3 350.9 416.4 434.4 366.6 410.1 396.3 388.2
-999.0 -999.0 -999.0 -999.0 -999.0 -999.0 -999.0 -999.0 -999.0 -999.0 -999.0 -999.0 -999.0 -999.0 -999.0 -999.0 142.9 154.2 139.1 130.8 138.5 127.2 101.7 105.0 112.1 121.5 99.2 99.8 112.4 119.4 105.6 72.4 59.3 57.5 56.1 45.6 50.1 54.2 60.2 62.3 67.7 68.1 75.8 69.5 77.4 77.2 78.7 81.9 78.1 80.2 79.4 82.6 86.4 85.9 85.9 91.0 89.2 84.9 83.8 85.5 83.3 87.6 91.2 97.2 106.6 131.2 148.2 171.2 238.7 299.0 326.0 356.9 395.3 448.7 425.7 416.4
-999.0 -999.0 -999.0 -999.0 -999.0 -999.0 -999.0 -999.0 -999.0 -999.0 -999.0 -999.0 -999.0 -999.0 -999.0 -999.0 161.3 248.4 253.3 177.2 151.9 140.9 120.6 106.8 95.8 122.6 105.4 139.3 135.6 110.7 144.8 111.9 72.2 69.1 56.9 43.6 48.3 54.6 60.4 62.1 68.3 66.6 66.3 69.0 77.1 76.2 71.8 70.1 82.4 79.1 79.6 79.0 81.5 83.4 82.8 88.9 91.7 91.2 84.7 82.8 85.8 84.1 87.4 92.3 105.2 126.8 145.9 150.6 204.8 312.5 329.5 356.6 400.7 406.6 449.3 440.1
-999.0 -999.0 -999.0 -999.0 -999.0 -999.0 -999.0 -999.0 -999.0 -999.0 -999.0 -999.0 -999.0 -999.0 -999.0 -999.0 157.6 249.2 302.8 268.9 159.8 152.9 126.4 105.0 101.1 124.5 123.8 120.0 113.1 111.7 112.9 110.9 72.6 72.9 74.9 41.5 49.7 53.2 58.3 65.3 66.7 67.7 65.8 65.5 75.9 69.4 74.1 76.2 78.7 82.5 80.3 79.4 77.0 80.3 84.6 89.6 89.5 92.5 88.8 81.7 84.1 81.2 86.1 91.2 100.4 110.0 128.5 136.8 163.6 276.7 333.4 351.3 361.5 328.7 367.5 383.2
-999.0 -999.0 -999.0 -999.0 -999.0 -999.0 -999.0 -999.0 -999.0 -999.0 -999.0 -999.0 -999.0 -999.0 -999.0 -999.0 155.4 158.6 297.6 273.6 237.1 156.2 141.3 109.4 106.3 131.9 135.0 135.8 138.5 138.1 119.0 112.1 109.3 69.5 71.8 43.5 50.2 52.7 61.2 62.5 64.5 65.3 65.8 64.8 67.5 74.4 76.6 76.7 76.3 77.5 81.2 79.5 79.1 77.8 78.1 80.4 82.7 83.6 83.6 82.1 80.2 81.2 86.5 87.5 90.0 101.4 110.0 119.2 148.0 187.8 251.8 426.8 354.2 348.3 382.0 383.5
-999.0 -999.0 -999.0 -999.0 -999.0 -999.0 -999.0 -999.0 -999.0 -999.0 -999.0 -999.0 -999.0 -999.0 -999.0 -999.0 211.8 257.7 286.8 163.5 170.6 161.6 131.7 105.4 105.7 130.0 133.4 146.4 165.3 137.4 119.9 111.1 74.4 67.8 71.0 55.1 45.2 55.6 57.8 64.5 67.2 66.8 66.0 65.9 60.8 65.6 73.3 69.9 76.5 74.8 71.2 77.4 79.0 76.2 77.5 78.2 77.1 75.8 73.0 75.4 77.0 80.9 88.2 85.9 87.8 93.0 103.0 108.1 134.5 147.5 228.2 260.8 443.0 430.1 441.2 451.4
-999.0 -999.0 -999.0 -999.0 -999.0 -999.0 -999.0 -999.0 -999.0 -999.0 -999.0 -999.0 -999.0 -999.0 -999.0 -999.0 212.5 315.3 315.3 176.7 148.6 142.1 113.5 106.5 106.3 140.9 155.0 162.9 157.4 135.7 112.5 108.8 110.7 113.3 74.3 70.5 49.2 55.1 58.1 62.2 64.3 65.1 61.4 62.6 72.6 55.3 63.1 63.4 75.2 62.9 68.3 75.5 76.6 75.3 75.2 76.0 75.6 74.6 72.2 72.0 75.1 76.3 79.4 81.6 87.2 91.7 96.2 100.9 113.5 120.5 142.8 217.1 269.5 382.9 444.3 452.3
-999.0 -999.0 -999.0 -999.0 -999.0 -999.0 -999.0 -999.0 -999.0 -999.0 -999.0 -999.0 -999.0 -999.0 -999.0 -999.0 193.6 355.7 303.2 174.7 135.7 120.9 112.7 137.6 138.4 112.8 139.1 166.6 153.1 135.9 117.1 127.0 119.9 120.1 112.0 114.7 67.5 63.3 80.4 78.0 66.1 63.3 63.6 61.0 60.6 53.7 46.7 46.1 57.3 67.6 78.0 71.9 76.4 71.6 70.3 72.6 73.7 72.5 68.4 69.8 73.5 74.8 80.0 79.0 80.2 86.5 93.9 97.2 102.6 106.3 134.1 161.4 212.9 234.9 339.1 353.6
-999.0 -999.0 -999.0 -999.0 -999.0 -999.0 -999.0 -999.0 -999.0 -999.0 -999.0 -999.0 -999.0 -999.0 -999.0 175.4 318.8 253.3 245.5 171.8 146.5 113.8 143.7 135.4 140.2 136.6 151.9 168.5 133.4 146.3 146.0 128.3 139.9 126.6 119.4 112.1 118.2 91.0 79.1 75.3 71.9 66.1 66.1 66.9 78.1 61.9 60.0 44.5 55.5 70.4 70.9 67.3 76.8 69.3 71.4 71.2 71.2 73.2 67.0 66.3 78.1 73.5 77.2 78.5 79.6 83.7 88.8 96.2 98.3 104.5 128.7 143.6 142.1 186.8 252.8 265.0
-999.0 -999.0 -999.0 -999.0 -999.0 -999.0 -999.0 -999.0 -999.0 -999.0 -999.0 -999.0 -999.0 -999.0 -999.0 172.2 336.4 281.3 165.0 181.5 160.1 124.4 162.4 193.6 156.7 141.9 143.4 173.1 150.3 115.0 144.5 139.1 129.9 122.3 119.3 121.7 114.0 116.2 77.7 73.3 63.3 66.9 66.0 84.9 81.3 67.6 74.3 52.5 50.3 56.6 69.1 60.0 71.6 71.5 73.6 74.8 73.0 75.2 72.2 79.0 69.8 76.6 76.9 82.0 82.5 84.4 87.6 95.9 99.4 100.9 109.1 123.6 138.5 169.2 187.8 220.8
-999.0 -999.0 -999.0 -999.0 -999.0 -999.0 -999.0 -999.0 -999.0 -999.0 -999.0 -999.0 -999.0 -999.0 156.4 283.7 297.5 190.8 140.9 142.8 130.6 144.3 194.6 264.6 208.8 153.9 146.7 164.4 167.4 174.5 148.8 148.6 127.5 125.0 118.3 113.3 115.1 111.0 111.5 118.8 68.8 65.9 64.6 77.2 78.3 69.5 55.2 64.9 64.2 69.7 68.0 73.8 67.9 73.8 74.6 76.8 76.4 74.9 59.8 74.0 72.4 75.5 79.6 80.2 85.4 89.0 85.4 96.6 97.6 101.6 102.3 117.4 131.5 145.8 186.6 201.7
-999.0 -999.0 -999.0 -999.0 -999.0 -999.0 -999.0 -999.0 -999.0 -999.0 -999.0 -999.0 -999.0 -999.0 396.9 390.5 240.0 307.8 203.9 148.8 259.3 147.7 199.8 276.2 280.0 205.0 162.8 168.6 176.8 178.3 171.7 159.1 129.5 118.4 120.9 120.4 118.0 113.8 78.8 67.9 62.3 74.4 76.0 64.1 66.4 64.1 58.3 54.9 44.9 67.0 63.2 69.3 69.4 74.4 74.5 75.2 75.7 79.6 74.2 69.8 73.1 76.9 79.6 84.9 81.4 86.4 95.7 96.6 97.4 99.3 101.8 109.1 124.0 134.2 170.3 192.4
-999.0 -999.0 -999.0 -999.0 -999.0 -999.0 -999.0 -999.0 -999.0 -999.0 -999.0 -999.0 -999.0 304.2 390.6 386.7 363.4 321.8 183.8 304.6 273.3 191.4 165.4 231.0 314.7 252.3 200.3 221.5 192.1 192.5 173.0 146.1 143.8 110.2 103.4 119.6 122.6 119.4 106.8 65.0 65.4 70.3 75.1 84.1 64.4 92.2 63.3 54.5 50.3 63.0 50.5 46.8 67.8 72.6 74.8 77.0 69.4 77.3 77.6 78.1 72.5 78.6 76.8 80.7 87.1 92.5 95.2 96.1 99.9 100.1 105.8 110.6 124.9 134.1 141.0 177.7
-999.0 -999.0 -999.0 -999.0 -999.0 -999.0 -999.0 -999.0 -999.0 -999.0 -999.0 -999.0 -999.0 256.8 399.0 389.8 388.3 306.3 224.4 318.3 318.8 211.7 170.1 333.2 364.7 168.7 153.5 178.1 222.3 176.5 163.5 167.4 168.3 151.6 141.1 129.2 92.1 102.9 73.7 67.2 97.5 120.3 79.7 81.3 85.2 67.9 117.7 126.3 55.2 51.7 50.2 34.7 59.5 70.0 67.0 72.1 66.6 71.3 69.8 72.3 75.0 76.0 79.3 81.3 83.7 93.0 95.5 96.5 99.7 103.0 104.6 110.2 126.0 132.5 139.7 151.2
