GSP_annual_reports_SRP_2024_v3/GIS/SRP_2022_Fall_Deep.tif
NCOLS 191
NROWS  209
XLLCORNER 6295515.91401
YLLCORNER 1783415.49397
CELLSIZE 1000.0
NODATA_VALUE -999
[rows 34 to 67 of 209, columns 0 to 75 of 191]
-999.0 -999.0 -999.0 -999.0 -999.0 -999.0 -999.0 -999.0 -999.0 -999.0 -999.0 -999.0 -999.0 164.5 146.1 159.2 141.9 57.0 51.6 53.0 52.5 52.5 52.6 52.9 78.9 96.0 82.8 73.5 57.0 63.2 61.7 55.4 59.3 60.9 73.3 76.0 79.6 84.3 85.3 84.2 84.0 79.3 77.4 79.9 78.0 82.2 97.4 190.7 282.4 174.5 201.8 255.8 293.0 351.1 380.7 405.2 381.8 439.7 348.1 456.0 474.2 440.3 489.6 507.9 573.6 623.4 519.4 536.9 576.0 541.0 586.7 612.6 494.9 472.1 504.6 518.4
-999.0 -999.0 -999.0 -999.0 -999.0 -999.0 -999.0 -999.0 -999.0 -999.0 -999.0 -999.0 -999.0 268.8 154.0 144.2 129.5 56.3 51.3 52.6 52.3 52.9 54.0 63.9 113.0 86.5 105.4 78.0 59.2 60.7 63.7 56.7 58.0 61.7 72.5 71.4 77.3 79.3 79.0 85.7 83.2 85.7 80.5 81.6 83.8 84.9 90.8 180.2 151.5 151.1 352.9 334.8 323.2 324.3 407.7 353.7 339.7 369.3 306.6 455.0 447.2 433.7 481.6 490.6 553.5 526.4 594.8 589.5 540.9 586.2 556.5 586.2 605.6 611.3 479.7 552.3
-999.0 -999.0 -999.0 -999.0 -999.0 -999.0 -999.0 -999.0 -999.0 -999.0 -999.0 -999.0 -999.0 223.6 235.6 216.0 126.8 120.7 51.6 52.3 52.2 53.0 53.7 53.6 73.9 87.3 67.3 67.2 58.9 56.7 54.7 64.2 71.3 62.7 60.8 61.9 66.9 75.1 79.5 81.5 80.5 87.2 84.1 80.9 83.8 86.3 83.9 97.4 153.6 287.3 415.5 325.4 309.7 333.4 407.1 392.7 344.1 353.2 375.7 475.9 421.9 455.9 454.0 500.1 501.1 561.0 581.7 637.9 548.3 545.6 569.0 584.2 607.5 612.2 600.4 506.9
-999.0 -999.0 -999.0 -999.0 -999.0 -999.0 -999.0 -999.0 -999.0 -999.0 -999.0 339.5 311.8 268.2 181.4 144.0 130.2 130.1 118.4 50.8 51.5 53.2 52.5 53.6 101.3 55.5 50.9 55.8 55.9 55.8 54.4 56.9 59.1 56.2 60.2 62.6 63.5 71.1 77.6 77.4 79.4 87.7 84.2 83.3 79.0 92.1 86.1 104.3 257.2 296.5 402.4 372.4 420.9 402.5 419.5 385.5 325.1 292.9 337.9 405.7 473.8 440.1 446.9 466.1 512.0 511.9 597.5 633.6 627.7 595.4 585.6 579.5 566.0 618.3 637.4 620.0
-999.0 -999.0 -999.0 -999.0 -999.0 -999.0 -999.0 -999.0 -999.0 -999.0 127.6 228.0 224.2 275.1 212.2 212.7 140.8 123.5 120.8 52.4 51.7 51.2 52.5 53.7 78.2 69.2 50.4 51.2 54.1 57.0 54.5 56.5 73.3 71.6 76.2 75.2 75.0 77.0 81.0 83.7 87.1 82.7 86.8 83.2 81.4 84.8 88.6 104.0 139.7 407.4 411.0 381.4 408.8 417.9 401.7 431.9 443.2 346.1 374.6 472.9 441.3 436.8 476.4 448.5 493.5 504.2 554.2 593.3 651.2 615.2 548.9 580.2 558.2 595.9 602.1 634.2
-999.0 -999.0 -999.0 -999.0 -999.0 -999.0 -999.0 390.3 193.5 116.3 120.0 117.3 144.9 57.3 50.3 58.4 87.8 74.8 50.8 50.4 60.0 52.7 54.3 82.9 56.4 54.9 65.9 50.5 51.7 55.4 53.2 59.4 68.4 67.4 73.8 74.9 72.5 75.9 81.7 78.1 80.8 78.7 80.4 86.7 84.2 90.1 87.6 81.4 105.0 220.5 314.5 390.0 318.9 421.8 386.2 419.0 440.0 348.1 444.1 465.9 484.3 455.3 441.4 451.9 460.3 470.2 511.6 519.2 635.6 585.7 526.4 537.0 545.4 577.5 574.5 631.8
-999.0 -999.0 -999.0 -999.0 -999.0 384.7 143.6 379.1 296.6 122.1 117.1 114.0 114.2 45.5 45.9 45.7 47.1 51.9 51.2 51.0 51.5 53.6 57.7 57.3 56.8 56.6 54.8 50.5 52.6 55.2 53.3 57.2 61.1 70.5 78.7 79.7 72.4 71.2 84.5 78.9 83.0 80.0 80.4 85.4 85.8 83.0 87.1 87.9 96.7 138.3 277.3 280.2 302.0 285.2 393.2 371.0 393.4 367.0 376.7 384.9 421.5 325.8 430.9 476.9 480.8 461.3 456.2 516.9 531.4 560.2 513.1 518.6 533.5 583.0 622.5 653.4
-999.0 -999.0 -999.0 -999.0 468.5 382.5 224.8 239.1 345.9 219.9 305.1 185.0 162.1 44.6 45.5 45.7 45.5 47.4 48.9 51.1 51.4 56.4 79.2 56.1 58.5 55.2 53.2 50.2 46.5 60.1 55.3 67.1 67.3 72.6 69.2 74.0 73.3 73.7 76.2 82.1 85.2 80.5 88.0 84.0 85.3 88.0 86.1 85.2 81.3 107.3 195.1 243.6 146.3 397.5 379.8 390.7 404.5 341.9 342.0 376.7 370.5 287.3 346.8 373.8 452.4 485.0 484.8 428.8 504.0 512.5 505.9 513.4 520.2 530.9 605.6 633.7
-999.0 -999.0 -999.0 116.7 114.8 296.7 262.1 164.5 340.5 299.8 257.9 167.4 211.7 44.0 45.5 67.5 89.3 55.2 46.2 49.2 50.5 56.9 76.3 55.4 57.3 53.4 52.9 50.7 48.7 61.0 65.0 67.4 76.3 77.5 73.2 75.1 78.6 76.1 76.9 78.3 89.9 91.3 88.4 84.5 85.6 86.6 88.0 88.7 88.4 95.7 105.7 253.8 273.3 325.3 256.6 331.4 339.1 374.8 241.8 342.6 345.2 325.2 348.9 301.6 309.9 362.3 470.1 456.2 465.8 502.0 498.2 507.0 518.0 521.5 595.3 682.4
-999.0 -999.0 45.1 44.0 43.9 56.4 149.9 57.3 310.7 336.1 210.8 118.9 121.1 43.7 64.2 84.7 83.6 45.3 46.0 83.0 54.0 103.6 76.2 53.2 52.4 53.1 53.2 55.3 48.1 58.7 61.9 71.4 73.9 77.2 80.2 77.5 76.5 82.5 82.2 83.7 89.8 92.0 88.7 83.8 79.0 84.3 86.9 83.9 87.9 90.1 97.2 147.5 285.2 342.8 246.5 278.0 222.2 338.0 271.4 215.5 297.2 316.4 266.2 260.2 283.1 337.2 417.1 474.4 447.4 477.5 506.4 508.6 516.2 517.2 537.6 692.5
-999.0 -999.0 115.1 81.1 44.9 43.7 43.7 73.5 85.1 243.6 278.4 119.9 44.9 45.3 80.7 77.7 84.4 65.3 54.4 80.5 84.8 112.0 63.5 51.0 51.4 52.1 55.0 53.8 49.9 49.6 70.6 69.1 72.9 77.2 78.1 79.2 82.2 83.7 86.8 83.8 83.3 91.6 85.6 88.2 85.7 81.4 84.1 82.5 89.4 88.4 84.7 137.9 285.9 360.3 252.8 160.5 134.1 255.3 213.3 262.2 291.1 332.9 334.1 271.3 276.3 355.6 445.6 442.2 441.1 452.2 482.4 502.8 506.6 529.4 527.1 615.2
-999.0 86.1 263.2 169.0 83.1 45.5 43.4 43.8 54.4 121.7 110.4 77.4 44.8 44.5 92.5 87.6 87.3 93.0 65.5 65.7 107.5 80.6 51.0 51.1 50.6 54.7 52.6 56.3 51.7 49.5 63.6 68.0 70.3 76.4 79.8 79.6 80.6 83.6 84.7 85.7 86.6 86.3 89.0 88.1 87.5 86.1 82.5 85.1 83.0 85.8 78.3 87.7 119.8 201.4 210.5 137.9 147.8 144.8 201.2 264.3 289.5 313.1 346.1 350.4 351.4 447.0 475.3 364.7 346.4 464.5 456.9 460.4 497.0 523.2 518.9 553.4
-999.0 302.4 253.2 117.9 132.4 83.8 46.8 43.4 44.0 58.2 45.2 43.9 44.0 44.7 90.0 90.4 89.4 65.8 55.2 66.4 67.1 77.6 51.5 50.4 50.8 52.9 54.3 53.6 52.9 49.9 56.6 63.3 60.8 68.7 75.4 79.5 76.8 82.6 78.0 73.0 85.0 89.9 85.5 90.7 90.9 84.9 87.4 87.5 81.8 82.3 85.3 84.4 80.9 88.0 126.7 136.3 295.8 372.9 333.5 339.1 357.5 299.9 350.0 389.4 371.8 369.2 372.7 363.4 371.6 320.6 376.1 481.4 453.2 501.3 523.4 541.1
-999.0 310.4 164.6 142.5 68.4 44.6 60.7 59.3 43.3 56.0 43.8 42.9 52.9 43.0 73.2 88.8 88.7 66.1 44.1 49.1 63.1 68.8 77.2 49.1 63.4 55.1 55.1 53.1 53.1 59.3 58.9 61.2 65.3 61.4 70.4 72.7 74.9 77.3 77.2 74.9 78.9 84.5 87.2 84.1 86.5 82.8 84.3 84.9 83.3 78.7 84.4 88.2 89.5 90.0 98.7 183.9 293.3 382.3 387.6 397.9 390.9 341.0 375.4 377.6 378.3 376.9 372.4 375.7 376.0 274.3 311.6 352.8 413.6 416.6 505.2 542.8
-999.0 119.6 115.5 83.5 77.1 86.1 106.6 79.0 49.5 54.4 45.7 53.4 43.1 43.5 43.5 56.2 57.9 48.4 43.2 48.2 49.5 47.0 50.7 46.1 53.1 53.4 53.2 53.1 67.2 54.5 55.3 47.1 49.8 57.1 56.8 66.7 71.9 76.3 73.8 74.1 78.0 81.1 81.2 88.0 88.5 84.0 85.8 82.5 80.3 80.5 82.2 78.1 80.1 91.1 119.5 207.8 295.7 353.0 398.6 444.7 413.9 383.4 366.9 400.9 392.2 406.7 405.9 391.9 318.0 271.3 300.3 342.9 280.0 325.0 477.1 470.2
383.2 333.3 125.1 130.0 83.6 138.6 117.3 84.5 67.3 47.5 46.9 53.9 43.0 43.6 42.5 42.4 42.7 43.5 43.6 42.5 43.7 42.5 46.9 47.6 45.8 48.9 51.3 54.8 52.8 50.3 55.1 49.4 44.3 47.9 60.7 61.8 63.1 69.6 71.5 73.5 78.1 81.8 82.7 82.6 86.4 85.7 82.1 84.8 80.9 87.8 77.1 89.1 89.7 91.8 99.0 166.5 277.4 332.5 390.7 424.3 397.8 362.3 367.0 394.5 387.9 396.6 375.5 383.6 358.5 448.0 268.1 281.7 289.2 280.4 280.8 316.1
130.8 113.9 82.8 44.6 84.6 128.1 83.6 87.0 68.6 50.8 58.9 47.9 43.2 43.2 43.0 42.2 42.7 42.6 43.8 43.4 43.4 43.8 123.3 88.0 44.6 44.3 48.9 50.8 48.5 49.0 49.3 49.1 47.0 41.9 48.0 57.5 57.3 62.3 75.5 74.9 76.5 82.1 80.8 78.1 85.8 86.7 86.2 85.2 79.9 78.6 80.7 82.5 88.2 93.4 89.9 141.1 281.8 311.0 342.7 352.2 371.8 367.6 356.6 377.2 407.6 406.1 426.2 413.6 390.2 387.8 295.7 275.5 291.3 278.0 279.0 292.8
121.0 88.6 53.7 87.9 109.3 110.2 137.1 93.0 125.0 86.4 89.2 74.5 79.5 83.5 121.6 117.4 83.3 43.2 45.3 43.8 46.4 60.1 120.7 123.9 48.2 44.7 45.4 48.6 52.5 49.4 50.0 49.1 46.8 45.4 41.8 49.5 55.3 59.1 68.1 83.1 76.4 82.1 85.9 85.5 86.0 86.1 89.1 85.4 84.3 84.0 83.7 86.6 91.7 91.6 95.5 110.0 158.8 244.5 343.6 355.6 348.0 346.2 349.7 361.6 375.3 385.5 407.3 414.1 400.3 403.3 286.1 243.2 282.9 288.1 287.7 280.1
-999.0 143.4 100.6 47.2 99.3 126.9 88.8 119.9 105.0 87.2 76.7 110.7 88.9 115.5 232.4 256.1 240.8 118.7 83.7 45.9 62.1 75.2 79.8 130.1 74.6 43.5 45.3 46.0 47.5 50.3 49.8 66.3 57.7 49.0 59.7 63.5 70.6 75.9 76.7 78.4 84.4 85.7 87.6 91.9 85.0 89.8 94.9 91.1 87.1 89.9 89.2 89.3 90.5 91.8 96.5 92.0 171.4 291.4 306.2 351.9 352.0 355.7 358.1 360.8 359.2 376.6 358.7 398.6 408.6 387.0 355.7 236.2 249.2 278.9 248.7 276.0
-999.0 205.5 142.4 62.2 51.1 47.5 45.3 108.4 107.2 73.3 69.0 92.1 91.4 92.4 112.3 132.3 207.3 124.1 120.1 91.3 63.5 65.7 51.1 51.1 43.6 43.5 44.3 45.8 45.9 48.7 56.3 55.1 59.6 59.0 56.4 65.1 71.3 69.2 74.3 78.5 85.1 88.0 90.2 90.1 90.8 91.4 97.0 93.7 95.5 92.9 95.0 95.5 95.7 99.0 100.8 117.2 151.0 175.8 241.9 289.0 350.3 352.4 354.4 370.2 343.8 354.8 354.7 374.9 398.0 389.9 339.7 263.7 239.4 244.8 249.6 250.9
-999.0 231.1 122.0 152.7 124.2 98.9 47.8 92.0 112.9 91.2 88.6 97.3 97.8 96.1 79.6 73.0 147.4 125.7 145.7 121.3 106.3 73.8 43.9 49.1 43.7 43.8 43.8 43.8 45.0 54.7 45.3 50.6 54.6 72.7 72.4 68.6 68.5 72.9 77.4 76.3 77.1 84.5 85.8 89.3 93.5 99.8 101.1 101.3 99.9 99.5 100.2 101.8 101.6 102.8 101.5 114.3 136.5 170.1 199.6 240.9 330.9 365.9 359.3 364.8 287.3 313.9 333.4 377.4 395.9 377.5 323.6 229.1 238.2 234.6 243.2 238.2
-999.0 142.7 150.1 197.2 123.6 141.7 53.6 95.7 85.9 73.3 110.3 76.0 82.3 71.4 75.8 68.9 120.4 149.2 90.4 126.6 124.9 124.1 70.1 52.5 43.0 43.4 43.9 45.3 44.7 43.3 46.0 46.2 49.3 60.2 69.3 71.2 77.2 77.9 80.1 77.8 82.3 83.1 86.5 89.6 90.4 99.0 103.9 100.8 103.5 104.9 99.6 105.6 105.1 101.7 100.1 102.7 114.0 189.8 179.8 213.5 306.7 337.2 351.2 309.7 283.6 283.0 326.6 375.9 390.4 364.3 315.3 268.4 234.8 242.4 243.0 244.5
-999.0 199.6 135.9 87.7 102.0 50.4 63.6 97.8 82.5 87.3 84.7 85.5 91.7 63.0 75.8 81.1 87.9 86.1 122.4 93.4 104.9 68.3 49.1 58.3 43.3 43.2 44.0 44.0 46.5 43.8 44.6 46.4 46.1 49.9 58.1 65.0 65.2 71.6 66.7 76.8 81.7 82.8 79.5 80.2 89.5 92.4 96.1 100.9 101.7 101.4 98.8 106.6 108.0 101.5 103.1 102.9 109.3 130.1 156.9 193.1 211.7 269.2 309.9 360.9 288.7 270.4 300.6 359.1 367.2 358.1 332.1 267.1 239.4 246.9 244.9 246.4
-999.0 -999.0 236.3 234.8 89.6 90.1 77.8 101.6 98.4 88.9 77.5 68.0 52.5 78.4 88.7 110.1 106.4 95.1 91.9 93.9 76.2 89.1 87.3 59.5 55.7 50.9 43.5 43.8 45.0 45.3 43.7 45.5 44.7 48.1 49.1 56.9 60.8 76.9 69.4 69.9 77.1 76.5 82.6 83.9 86.0 92.8 93.7 97.6 94.3 97.8 98.8 101.0 98.3 100.1 97.7 102.0 112.0 118.6 121.0 236.1 188.5 221.4 246.5 337.8 291.6 292.3 307.5 348.2 379.0 368.9 298.3 278.7 224.1 242.2 243.7 243.4
-999.0 -999.0 -999.0 102.5 110.7 100.9 57.2 128.5 129.5 118.3 89.1 50.9 67.4 80.1 105.4 108.7 103.0 106.3 102.9 108.8 103.8 97.6 72.2 70.8 48.6 43.4 43.4 43.8 44.2 45.1 44.7 44.0 45.7 45.4 47.4 49.7 54.1 57.9 64.8 70.9 80.5 79.9 81.9 82.5 86.2 91.0 91.6 95.9 95.3 96.4 96.4 96.4 97.5 92.6 100.5 99.0 104.5 121.0 118.0 132.3 252.8 178.8 180.9 260.2 263.7 277.5 331.5 305.4 355.7 385.8 283.7 212.8 204.8 222.5 232.9 245.2
-999.0 -999.0 -999.0 -999.0 115.8 68.3 56.9 77.1 77.1 109.1 54.8 50.3 59.4 92.8 88.8 118.6 80.9 79.1 107.7 102.2 85.5 87.3 77.3 66.8 63.3 53.9 42.9 44.0 43.7 44.9 44.7 44.8 44.5 45.8 45.4 45.3 51.3 55.4 57.2 60.8 59.7 74.9 74.6 77.4 81.3 82.9 91.0 90.8 96.0 96.9 96.0 95.9 96.8 100.2 103.0 104.6 108.5 115.3 108.1 121.2 192.9 193.5 185.9 231.1 205.0 266.8 309.9 304.9 357.7 363.4 273.9 185.0 190.9 194.3 214.6 228.2
-999.0 -999.0 -999.0 -999.0 -999.0 106.5 61.7 54.8 74.2 52.1 102.4 99.4 81.5 86.3 76.9 106.1 84.2 84.6 84.0 106.6 88.9 78.4 63.4 72.4 73.2 46.4 43.1 44.2 43.9 43.3 47.2 44.7 46.2 43.7 44.8 45.5 48.4 52.9 54.3 61.0 56.6 59.2 61.9 78.3 81.4 83.7 89.1 92.5 94.1 96.6 97.9 96.5 96.5 99.6 101.8 101.2 114.7 112.3 112.8 115.6 112.9 142.4 198.2 192.4 178.1 208.9 277.6 364.2 374.0 292.0 282.9 183.5 184.7 193.3 205.9 223.2
-999.0 -999.0 -999.0 -999.0 -999.0 -999.0 106.5 137.8 91.8 53.6 99.4 90.8 90.3 93.1 103.3 104.7 85.0 86.4 83.7 98.5 109.9 69.4 76.7 64.3 52.1 43.1 43.0 43.2 43.8 43.7 44.2 45.9 44.7 45.1 44.9 46.0 46.9 50.1 55.6 56.5 59.9 58.7 56.3 56.9 79.0 81.8 88.7 89.7 91.7 96.6 101.6 98.8 97.6 96.1 101.5 106.7 119.6 118.7 110.2 111.8 111.3 130.3 146.8 175.3 167.7 177.7 331.9 260.1 368.3 263.0 239.0 184.9 186.0 191.8 221.6 227.3
-999.0 -999.0 -999.0 -999.0 -999.0 -999.0 -999.0 -999.0 109.8 57.5 87.9 93.7 90.9 91.6 94.4 82.0 89.0 82.1 82.8 77.7 98.4 50.4 52.5 43.5 55.4 44.6 43.0 42.9 43.0 44.5 43.7 44.9 43.7 44.6 43.9 45.7 46.7 48.9 53.1 56.4 57.7 58.7 53.6 49.5 53.9 83.8 89.9 93.3 92.0 100.0 100.9 100.1 97.1 96.8 99.8 104.3 121.9 118.5 113.6 113.0 114.9 115.0 126.2 146.1 139.0 193.9 245.7 213.1 343.3 316.1 196.6 186.9 188.3 210.4 213.1 245.7
-999.0 -999.0 -999.0 -999.0 -999.0 -999.0 -999.0 -999.0 -999.0 96.5 60.7 103.7 95.3 93.7 81.9 102.8 97.3 74.6 86.2 81.9 74.8 66.5 76.1 62.4 48.0 51.5 43.6 43.1 43.1 43.7 47.5 48.2 44.8 44.7 46.5 50.0 45.3 49.0 52.6 53.8 55.9 54.3 52.6 47.1 50.7 67.9 76.4 95.7 89.8 87.9 98.8 98.8 97.3 97.4 99.1 107.6 117.3 119.5 113.6 116.6 117.5 119.4 119.8 134.4 144.7 139.4 141.5 137.4 240.1 295.3 189.9 188.0 191.6 193.4 288.9 281.0
-999.0 -999.0 -999.0 -999.0 -999.0 -999.0 -999.0 -999.0 -999.0 89.3 58.7 77.0 96.9 87.8 75.6 56.7 79.0 89.9 88.1 88.6 86.5 81.3 53.4 47.3 60.8 58.6 53.5 43.1 44.8 43.8 44.0 45.9 45.2 42.6 42.7 45.6 43.2 46.0 50.9 53.6 52.6 52.4 48.8 46.0 48.0 59.5 64.3 76.6 76.0 98.3 99.0 100.0 98.4 97.5 101.6 102.6 108.2 114.3 116.7 114.4 114.4 120.4 123.8 128.7 137.2 151.5 145.7 133.4 142.8 254.5 227.8 176.1 197.4 215.3 194.4 203.4
-999.0 -999.0 -999.0 -999.0 -999.0 -999.0 -999.0 -999.0 -999.0 121.5 59.8 58.5 85.5 71.3 58.6 56.7 93.3 84.5 94.5 87.6 109.8 83.9 76.8 60.0 48.0 45.9 43.1 44.6 44.0 44.4 48.1 43.8 43.3 43.6 46.2 42.9 42.8 45.9 48.5 55.6 50.2 51.0 51.1 46.2 51.3 57.5 74.0 68.4 74.6 82.4 96.2 99.8 98.3 97.4 102.1 102.2 109.8 114.8 111.8 112.1 111.8 115.8 123.5 127.2 134.9 149.3 142.9 129.9 139.6 192.4 221.6 175.1 193.6 201.6 190.4 254.6
-999.0 -999.0 -999.0 -999.0 -999.0 -999.0 -999.0 -999.0 -999.0 96.2 78.0 66.7 59.3 58.0 57.3 77.9 99.5 96.6 118.3 100.6 111.2 84.6 96.3 50.2 49.4 49.2 43.0 43.1 43.2 43.2 43.9 43.7 43.3 43.3 43.8 42.7 46.6 46.3 46.3 48.9 47.1 48.1 43.8 48.3 48.2 59.9 63.7 67.1 80.4 91.3 94.5 97.2 97.3 95.2 97.8 96.1 106.8 113.7 107.4 106.3 104.5 112.7 116.5 123.3 132.4 144.5 161.3 135.5 134.2 145.4 169.1 179.3 186.2 187.8 186.8 193.7
-999.0 -999.0 -999.0 -999.0 -999.0 -999.0 -999.0 -999.0 -999.0 -999.0 101.0 69.8 59.8 66.7 58.0 57.5 74.8 92.9 112.6 107.0 114.6 81.9 85.0 50.5 53.3 47.8 43.1 43.2 45.2 43.9 44.0 43.7 44.0 44.4 47.0 42.4 47.1 47.9 46.5 45.0 49.1 46.5 45.3 48.5 58.9 61.4 60.8 63.1 67.2 74.3 82.4 91.2 94.4 94.6 97.2 98.8 104.5 107.6 101.9 102.9 102.1 109.0 114.9 111.8 123.7 137.9 146.3 127.7 118.0 133.5 156.0 173.0 181.3 186.4 175.7 183.4
