GSP_annual_reports_SRP_2024_v3/GIS/SRP_2023_Spring_Shallow.tif
NCOLS 191
NROWS  209
XLLCORNER 6295515.91401
YLLCORNER 1783415.49397
CELLSIZE 1000.0
NODATA_VALUE -999
[rows 165 to 197 of 209, columns 76 to 151 of 191]
-999.0 -999.0 -999.0 -999.0 -999.0 -999.0 -999.0 233.0 235.2 117.1 251.8 307.1 439.3 364.2 351.2 346.9 328.3 331.8 318.5 346.0 165.3 171.9 363.8 374.0 150.4 131.6 133.9 133.9 133.9 133.9 133.9 133.8 133.9 133.9 133.9 133.7 131.6 133.9 131.6 150.5 163.5 149.3 221.7 171.9 190.0 218.4 274.5 479.7 514.3 488.8 469.1 313.3 286.5 217.2 151.0 152.2 208.3 312.1 299.8 295.2 286.1 283.4 134.1 135.6 137.2 136.5 137.3 138.1 141.2 139.8 141.9 142.1 142.1 142.1 142.0 142.0
-999.0 -999.0 -999.0 -999.0 -999.0 -999.0 -999.0 -999.0 251.3 245.0 136.6 182.1 289.3 280.2 461.6 458.7 412.2 481.2 450.0 347.8 158.7 170.8 376.6 202.0 139.4 133.5 133.0 131.6 133.9 133.9 133.5 133.7 133.8 133.8 133.9 133.9 133.9 133.9 137.3 133.3 156.6 152.1 159.7 193.6 204.4 268.2 329.0 335.9 504.7 498.2 490.3 453.2 290.2 218.5 159.7 141.1 139.1 163.1 138.3 130.7 293.1 132.7 134.3 135.6 135.9 136.7 134.9 138.1 141.9 141.8 142.0 141.8 141.8 141.8 142.0 141.8
-999.0 -999.0 -999.0 -999.0 -999.0 -999.0 -999.0 -999.0 243.7 288.9 293.2 293.5 194.0 212.1 251.6 435.6 475.3 484.6 404.0 358.8 321.7 149.6 139.3 133.5 133.5 133.7 146.9 132.1 133.9 133.8 133.9 133.9 133.9 133.8 133.8 133.9 133.9 131.6 132.8 142.7 133.5 150.1 152.2 159.7 171.9 215.0 225.4 327.2 383.0 500.8 487.7 494.0 400.3 244.9 284.0 218.1 151.4 129.6 128.0 128.6 131.6 136.9 134.3 135.8 138.1 136.5 136.9 136.0 142.0 141.8 141.8 142.1 141.9 142.0 141.8 141.9
-999.0 -999.0 -999.0 -999.0 -999.0 -999.0 -999.0 -999.0 -999.0 298.5 409.1 335.5 334.9 335.9 391.3 313.0 334.0 456.2 437.4 354.8 364.9 323.3 139.7 133.6 133.7 133.9 138.2 148.1 133.8 133.5 133.9 133.5 133.9 133.9 133.9 133.9 133.9 131.6 133.5 133.8 141.9 140.0 141.8 148.3 169.9 177.4 249.9 271.2 283.7 381.8 324.1 375.6 318.6 292.8 300.8 282.1 219.5 169.5 129.3 128.8 133.0 133.7 133.6 135.5 138.1 136.7 137.1 138.1 141.9 141.9 141.9 141.9 141.8 141.9 141.9 142.0
-999.0 -999.0 -999.0 -999.0 -999.0 -999.0 -999.0 -999.0 -999.0 -999.0 423.4 326.3 348.3 504.4 491.1 497.1 522.5 530.0 477.6 479.8 485.2 376.8 347.9 316.6 318.4 315.8 319.0 152.1 150.5 133.5 131.6 133.9 133.9 133.9 133.7 133.9 133.9 133.6 133.7 133.5 133.5 133.7 133.5 134.9 146.8 187.1 218.9 208.1 262.9 286.5 321.0 328.3 315.0 291.5 285.3 347.2 321.1 167.4 132.5 129.9 132.1 133.9 134.8 135.5 137.5 136.7 137.0 138.3 141.9 141.9 141.9 141.8 141.9 141.9 142.1 141.9
-999.0 -999.0 -999.0 -999.0 -999.0 -999.0 -999.0 -999.0 -999.0 -999.0 -999.0 335.8 358.0 509.7 574.0 792.8 732.5 661.4 521.9 499.4 487.7 508.2 406.1 340.4 320.8 328.3 135.9 141.6 146.2 133.9 133.9 133.9 133.9 133.8 131.6 133.5 133.9 133.9 133.9 133.9 133.6 133.5 133.7 133.7 133.7 134.2 181.0 195.4 208.4 219.7 273.0 271.9 240.2 284.2 298.5 304.9 342.9 317.9 142.0 129.1 131.4 133.9 134.5 135.5 137.5 136.7 136.9 138.2 141.9 142.2 141.9 142.1 141.8 142.0 141.8 141.9
-999.0 -999.0 -999.0 -999.0 -999.0 -999.0 -999.0 -999.0 -999.0 -999.0 -999.0 -999.0 -999.0 476.7 534.8 782.8 791.6 783.4 679.2 583.7 505.5 450.8 434.7 487.2 392.0 318.6 319.0 133.7 131.6 131.6 133.9 133.9 133.9 133.9 133.8 133.9 133.9 133.8 133.8 133.8 133.9 131.6 133.9 133.6 131.6 132.1 149.0 167.4 214.3 219.1 267.3 215.4 248.6 268.7 296.5 320.3 390.0 350.2 167.4 130.2 130.2 133.8 134.5 135.5 137.6 136.7 136.9 138.0 142.1 141.9 141.8 141.9 141.8 142.1 139.8 142.2
-999.0 -999.0 -999.0 -999.0 -999.0 -999.0 -999.0 -999.0 -999.0 -999.0 -999.0 -999.0 -999.0 -999.0 -999.0 713.3 790.4 757.5 802.5 746.2 696.2 519.0 374.1 366.6 397.4 330.1 318.6 133.5 132.8 133.9 131.6 133.7 133.9 133.9 133.8 133.9 133.9 133.9 133.8 133.9 133.7 133.9 133.8 133.7 133.8 132.4 133.6 151.4 166.0 218.6 257.8 203.6 222.8 248.9 243.4 270.6 464.5 474.2 333.9 133.4 129.8 133.7 134.5 135.5 137.6 136.7 136.9 138.1 141.9 142.0 141.8 142.0 141.9 141.9 139.8 139.8
-999.0 -999.0 -999.0 -999.0 -999.0 -999.0 -999.0 -999.0 -999.0 -999.0 -999.0 -999.0 -999.0 -999.0 -999.0 -999.0 -999.0 -999.0 -999.0 -999.0 787.9 502.8 475.5 378.7 358.3 159.2 141.2 131.6 133.7 133.8 133.7 133.8 133.7 133.8 133.9 133.9 133.9 133.7 133.9 133.9 133.9 133.8 133.8 133.9 133.7 133.6 131.7 133.7 150.7 218.9 214.7 179.1 212.8 189.3 172.2 249.8 457.3 554.6 468.0 327.8 176.3 133.9 134.9 135.4 137.4 136.7 137.1 138.1 141.9 141.9 141.8 142.0 139.8 141.8 141.9 142.1
-999.0 -999.0 -999.0 -999.0 -999.0 -999.0 -999.0 -999.0 -999.0 -999.0 -999.0 -999.0 -999.0 -999.0 -999.0 -999.0 -999.0 -999.0 -999.0 -999.0 731.8 737.2 610.5 459.3 364.3 342.4 323.2 131.6 133.9 133.6 133.8 133.7 133.5 133.5 133.9 133.8 133.8 133.9 133.9 133.9 133.9 133.9 131.6 133.6 133.7 133.5 131.8 131.9 128.7 154.5 181.5 174.0 202.3 153.0 204.0 280.6 303.5 477.6 474.0 260.8 179.3 133.4 134.5 136.9 137.6 136.6 137.1 138.2 141.8 141.9 141.9 141.8 144.2 141.9 141.9 142.0
-999.0 -999.0 -999.0 -999.0 -999.0 -999.0 -999.0 -999.0 -999.0 -999.0 -999.0 -999.0 -999.0 -999.0 -999.0 -999.0 -999.0 -999.0 -999.0 -999.0 -999.0 722.6 526.6 568.7 410.7 385.9 334.8 133.5 133.7 133.5 133.8 133.9 133.9 133.9 133.9 133.9 133.9 133.8 133.9 133.5 133.9 133.9 133.9 133.9 133.9 133.8 132.1 131.9 131.1 128.2 128.0 159.8 158.6 145.1 155.5 215.6 272.9 260.7 417.3 244.1 139.1 133.1 134.8 135.2 137.7 136.7 137.3 138.1 142.0 141.9 142.0 142.1 141.9 141.9 139.8 141.9
-999.0 -999.0 -999.0 -999.0 -999.0 -999.0 -999.0 -999.0 -999.0 -999.0 -999.0 -999.0 -999.0 -999.0 -999.0 -999.0 -999.0 -999.0 -999.0 -999.0 -999.0 795.2 783.7 630.4 534.2 504.0 367.0 131.6 133.8 133.9 133.5 133.9 133.9 133.8 131.5 133.9 133.9 133.9 133.7 133.8 131.6 133.9 133.9 133.5 133.9 133.9 133.9 131.8 131.9 129.7 128.3 132.9 134.9 131.1 136.7 158.8 179.0 176.3 170.9 172.1 204.9 169.4 133.0 133.2 135.3 136.5 136.9 138.7 141.9 141.9 141.8 141.8 141.8 141.9 141.9 141.9
-999.0 -999.0 -999.0 -999.0 -999.0 -999.0 -999.0 -999.0 -999.0 -999.0 -999.0 -999.0 -999.0 -999.0 -999.0 -999.0 -999.0 -999.0 -999.0 -999.0 -999.0 -999.0 775.4 604.4 685.6 524.3 286.7 155.5 133.8 133.6 133.8 133.8 133.8 133.8 133.8 133.9 133.9 133.8 131.6 133.5 133.9 133.9 133.9 133.9 133.9 133.7 133.7 132.1 131.9 129.8 129.3 128.1 128.0 128.6 133.1 134.9 141.5 141.7 142.4 170.9 168.8 141.1 134.8 135.3 137.4 134.6 137.5 138.4 141.8 141.9 141.8 141.9 141.9 141.9 141.9 141.9
-999.0 -999.0 -999.0 -999.0 -999.0 -999.0 -999.0 -999.0 -999.0 -999.0 -999.0 -999.0 -999.0 -999.0 -999.0 -999.0 -999.0 -999.0 -999.0 -999.0 -999.0 -999.0 -999.0 519.2 452.3 431.0 271.1 138.2 133.8 133.9 133.8 131.5 133.9 133.8 133.7 131.6 131.6 131.6 133.9 133.8 133.9 133.9 133.8 133.8 133.9 133.8 133.9 132.1 131.8 130.4 129.6 126.5 128.3 128.8 132.6 132.8 132.6 131.5 130.9 132.2 137.1 150.6 134.7 135.3 137.6 136.7 137.4 138.6 142.1 141.9 141.9 142.1 142.1 141.9 141.9 141.9
-999.0 -999.0 -999.0 -999.0 -999.0 -999.0 -999.0 -999.0 -999.0 -999.0 -999.0 -999.0 -999.0 -999.0 -999.0 -999.0 -999.0 -999.0 -999.0 -999.0 -999.0 -999.0 -999.0 527.2 364.7 271.3 172.0 131.6 131.6 133.9 133.9 131.6 133.9 133.8 133.9 133.9 131.6 133.8 133.9 133.9 133.8 133.9 133.7 133.9 133.9 131.6 133.9 132.5 131.5 131.4 129.6 128.3 128.1 128.7 132.6 134.7 134.7 129.5 133.0 128.0 130.3 141.1 134.5 135.2 137.5 136.7 137.6 141.2 141.8 142.0 141.9 141.9 141.9 141.9 141.9 141.9
-999.0 -999.0 -999.0 -999.0 -999.0 -999.0 -999.0 -999.0 -999.0 -999.0 -999.0 -999.0 -999.0 -999.0 -999.0 -999.0 -999.0 -999.0 -999.0 -999.0 -999.0 -999.0 -999.0 -999.0 362.3 262.7 226.2 133.5 131.6 139.6 131.6 131.6 131.6 133.9 133.9 133.9 133.9 133.9 133.5 133.9 133.9 133.9 133.9 133.7 133.9 133.9 133.8 132.4 131.8 131.4 129.7 128.0 128.3 129.1 134.5 135.3 132.8 133.2 132.2 130.2 131.5 133.1 134.2 135.3 137.5 136.8 137.5 141.2 141.8 141.9 141.9 139.8 141.9 141.9 141.9 141.9
-999.0 -999.0 -999.0 -999.0 -999.0 -999.0 -999.0 -999.0 -999.0 -999.0 -999.0 -999.0 -999.0 -999.0 -999.0 -999.0 -999.0 -999.0 -999.0 -999.0 -999.0 -999.0 -999.0 -999.0 -999.0 -999.0 175.1 133.5 133.8 133.8 133.9 133.8 131.6 318.1 133.9 133.9 133.9 133.8 133.5 133.6 133.9 133.9 133.9 133.8 133.8 133.8 133.9 132.5 131.9 131.4 130.0 128.3 128.1 129.1 135.5 136.0 132.5 133.0 132.1 131.8 129.2 133.2 134.5 135.5 138.2 136.5 137.5 141.9 141.8 141.9 142.0 141.9 141.9 141.9 141.9 141.9
-999.0 -999.0 -999.0 -999.0 -999.0 -999.0 -999.0 -999.0 -999.0 -999.0 -999.0 -999.0 -999.0 -999.0 -999.0 -999.0 -999.0 -999.0 -999.0 -999.0 -999.0 -999.0 -999.0 -999.0 -999.0 -999.0 -999.0 -999.0 133.9 133.9 133.5 133.9 321.3 324.0 319.1 322.8 133.8 133.9 133.9 133.5 133.9 131.5 131.6 133.5 133.6 133.8 133.9 132.1 131.9 129.1 130.0 128.1 128.3 132.1 135.5 134.1 133.9 131.9 131.9 130.9 130.8 133.5 134.5 135.6 137.2 136.6 138.1 141.8 141.9 141.9 141.9 141.9 141.9 141.8 141.9 141.9
-999.0 -999.0 -999.0 -999.0 -999.0 -999.0 -999.0 -999.0 -999.0 -999.0 -999.0 -999.0 -999.0 -999.0 -999.0 -999.0 -999.0 -999.0 -999.0 -999.0 -999.0 -999.0 -999.0 -999.0 -999.0 -999.0 -999.0 -999.0 -999.0 133.9 133.9 340.3 319.6 320.9 356.5 338.7 327.9 139.6 133.9 133.8 133.9 133.9 133.9 132.8 133.8 133.9 133.5 129.9 131.9 130.9 127.8 128.2 128.3 132.6 135.3 134.5 135.4 131.7 129.7 129.5 131.1 134.0 135.2 135.5 137.7 136.6 138.1 141.9 144.2 141.9 141.9 141.9 141.9 141.9 141.9 141.9
-999.0 -999.0 -999.0 -999.0 -999.0 -999.0 -999.0 -999.0 -999.0 -999.0 -999.0 -999.0 -999.0 -999.0 -999.0 -999.0 -999.0 -999.0 -999.0 -999.0 -999.0 -999.0 -999.0 -999.0 -999.0 -999.0 -999.0 -999.0 -999.0 -999.0 131.6 319.4 382.6 320.5 329.4 351.8 325.7 333.7 133.9 322.2 133.5 133.9 133.9 133.7 131.6 133.9 133.9 129.9 131.9 129.8 129.4 128.3 129.2 135.5 135.7 134.8 133.8 132.3 130.2 130.6 131.8 134.3 133.4 135.6 136.4 136.5 138.1 141.9 141.9 141.9 141.9 141.9 141.9 141.9 141.9 141.9
-999.0 -999.0 -999.0 -999.0 -999.0 -999.0 -999.0 -999.0 -999.0 -999.0 -999.0 -999.0 -999.0 -999.0 -999.0 -999.0 -999.0 -999.0 -999.0 -999.0 -999.0 -999.0 -999.0 -999.0 -999.0 -999.0 -999.0 -999.0 -999.0 -999.0 -999.0 -999.0 326.6 318.3 334.8 343.7 350.0 334.8 322.4 322.2 322.0 133.9 133.9 133.9 131.5 133.8 133.9 131.7 130.8 129.7 129.2 128.3 132.4 135.5 134.3 136.6 133.4 132.5 131.1 129.9 133.2 134.0 134.5 137.4 136.2 136.9 138.1 142.0 141.9 141.9 141.9 141.9 141.9 141.9 141.9 141.9
-999.0 -999.0 -999.0 -999.0 -999.0 -999.0 -999.0 -999.0 -999.0 -999.0 -999.0 -999.0 -999.0 -999.0 -999.0 -999.0 -999.0 -999.0 -999.0 -999.0 -999.0 -999.0 -999.0 -999.0 -999.0 -999.0 -999.0 -999.0 -999.0 -999.0 -999.0 -999.0 -999.0 314.0 325.0 368.4 363.4 367.0 327.7 354.1 325.6 133.9 133.9 133.9 133.9 133.8 131.3 131.9 131.7 130.0 128.3 129.1 135.2 135.8 134.1 136.6 133.4 131.8 131.7 130.6 133.2 134.9 134.2 137.7 136.4 137.1 138.0 141.9 141.9 141.9 141.9 141.9 141.9 141.9 141.9 141.9
-999.0 -999.0 -999.0 -999.0 -999.0 -999.0 -999.0 -999.0 -999.0 -999.0 -999.0 -999.0 -999.0 -999.0 -999.0 -999.0 -999.0 -999.0 -999.0 -999.0 -999.0 -999.0 -999.0 -999.0 -999.0 -999.0 -999.0 -999.0 -999.0 -999.0 -999.0 -999.0 -999.0 329.9 351.7 331.0 367.8 357.6 356.4 339.1 351.8 324.3 133.9 133.9 133.9 133.6 133.6 134.0 131.0 130.0 128.3 132.4 135.6 133.1 134.6 135.4 132.8 132.2 130.0 130.3 133.2 134.8 135.2 137.6 136.4 137.1 138.1 141.9 141.9 141.9 141.9 141.9 141.9 141.9 141.9 141.9
-999.0 -999.0 -999.0 -999.0 -999.0 -999.0 -999.0 -999.0 -999.0 -999.0 -999.0 -999.0 -999.0 -999.0 -999.0 -999.0 -999.0 -999.0 -999.0 -999.0 -999.0 -999.0 -999.0 -999.0 -999.0 -999.0 -999.0 -999.0 -999.0 -999.0 -999.0 -999.0 -999.0 351.8 133.5 332.4 209.7 350.6 323.6 325.8 354.3 356.0 315.3 315.5 132.8 133.7 131.9 131.5 131.0 129.6 128.3 132.4 135.1 134.8 136.3 134.7 131.7 132.8 130.8 129.6 133.4 134.8 135.2 137.6 136.7 137.1 138.1 141.9 141.9 141.9 141.9 141.9 141.9 141.9 141.9 141.9
-999.0 -999.0 -999.0 -999.0 -999.0 -999.0 -999.0 -999.0 -999.0 -999.0 -999.0 -999.0 -999.0 -999.0 -999.0 -999.0 -999.0 -999.0 -999.0 -999.0 -999.0 -999.0 -999.0 -999.0 -999.0 -999.0 -999.0 -999.0 -999.0 -999.0 -999.0 -999.0 -999.0 372.4 143.7 133.6 131.6 135.9 162.5 372.8 362.2 325.3 352.4 331.5 317.1 133.5 131.9 131.9 129.8 129.3 129.1 135.6 135.6 134.1 136.5 134.7 131.2 131.9 130.1 129.7 133.4 134.5 135.5 137.4 136.7 137.1 138.1 141.9 141.9 141.9 141.9 141.9 141.9 141.9 141.9 141.9
-999.0 -999.0 -999.0 -999.0 -999.0 -999.0 -999.0 -999.0 -999.0 -999.0 -999.0 -999.0 -999.0 -999.0 -999.0 -999.0 -999.0 -999.0 -999.0 -999.0 -999.0 -999.0 -999.0 -999.0 -999.0 -999.0 -999.0 -999.0 -999.0 -999.0 -999.0 -999.0 -999.0 -999.0 322.9 133.9 133.9 131.6 168.9 365.5 330.9 331.4 314.9 329.5 313.4 317.3 329.1 131.9 130.0 128.3 132.4 135.6 136.1 134.1 136.6 133.7 131.4 130.7 130.1 130.6 133.4 134.5 135.5 137.6 136.7 137.1 138.1 141.9 141.9 141.9 141.9 141.9 141.9 141.9 141.9 141.9
-999.0 -999.0 -999.0 -999.0 -999.0 -999.0 -999.0 -999.0 -999.0 -999.0 -999.0 -999.0 -999.0 -999.0 -999.0 -999.0 -999.0 -999.0 -999.0 -999.0 -999.0 -999.0 -999.0 -999.0 -999.0 -999.0 -999.0 -999.0 -999.0 -999.0 -999.0 -999.0 -999.0 -999.0 322.4 322.9 133.8 133.9 133.9 138.2 133.6 320.3 314.9 312.4 318.2 323.2 321.1 130.8 130.0 128.3 132.4 135.6 134.4 134.6 135.8 133.5 133.2 130.6 130.6 130.6 133.4 134.5 135.6 137.6 136.7 137.1 138.1 141.9 141.9 141.9 141.9 141.9 141.9 141.9 141.9 141.9
-999.0 -999.0 -999.0 -999.0 -999.0 -999.0 -999.0 -999.0 -999.0 -999.0 -999.0 -999.0 -999.0 -999.0 -999.0 -999.0 -999.0 -999.0 -999.0 -999.0 -999.0 -999.0 -999.0 -999.0 -999.0 -999.0 -999.0 -999.0 -999.0 -999.0 -999.0 -999.0 -999.0 -999.0 -999.0 325.5 131.6 133.9 133.9 133.9 131.6 133.9 133.8 138.2 334.4 318.1 309.5 135.8 133.7 128.7 135.2 135.7 134.7 136.2 135.3 133.0 132.7 128.9 130.8 131.1 133.5 134.5 135.6 137.6 136.7 137.5 138.1 141.9 141.9 141.9 141.9 141.9 141.9 141.9 141.9 141.9
-999.0 -999.0 -999.0 -999.0 -999.0 -999.0 -999.0 -999.0 -999.0 -999.0 -999.0 -999.0 -999.0 -999.0 -999.0 -999.0 -999.0 -999.0 -999.0 -999.0 -999.0 -999.0 -999.0 -999.0 -999.0 -999.0 -999.0 -999.0 -999.0 -999.0 -999.0 -999.0 -999.0 -999.0 -999.0 350.5 133.9 133.9 133.9 133.9 133.8 133.6 133.7 131.2 312.6 315.4 137.4 132.0 134.4 132.1 135.5 135.7 134.5 136.3 135.3 131.8 132.0 129.5 130.4 131.4 134.1 134.5 135.6 137.6 136.7 137.1 138.1 141.9 141.9 141.9 141.9 141.9 141.9 141.9 141.9 141.9
-999.0 -999.0 -999.0 -999.0 -999.0 -999.0 -999.0 -999.0 -999.0 -999.0 -999.0 -999.0 -999.0 -999.0 -999.0 -999.0 -999.0 -999.0 -999.0 -999.0 -999.0 -999.0 -999.0 -999.0 -999.0 -999.0 -999.0 -999.0 -999.0 -999.0 -999.0 -999.0 -999.0 -999.0 -999.0 -999.0 317.7 133.6 133.9 133.9 133.7 133.8 133.8 133.1 136.9 131.9 131.9 130.0 129.1 132.7 135.2 133.1 134.5 136.3 135.6 131.7 132.4 129.9 130.4 132.0 134.1 134.5 135.6 137.6 136.7 137.1 138.1 141.9 141.9 141.9 141.9 141.9 141.9 141.9 141.9 141.9
-999.0 -999.0 -999.0 -999.0 -999.0 -999.0 -999.0 -999.0 -999.0 -999.0 -999.0 -999.0 -999.0 -999.0 -999.0 -999.0 -999.0 -999.0 -999.0 -999.0 -999.0 -999.0 -999.0 -999.0 -999.0 -999.0 -999.0 -999.0 -999.0 -999.0 -999.0 -999.0 -999.0 -999.0 -999.0 -999.0 -999.0 133.5 133.8 133.8 133.9 131.6 133.1 133.3 131.9 131.9 131.0 129.6 132.4 135.6 135.3 134.8 135.2 135.7 135.3 131.7 132.9 130.5 130.3 132.1 134.1 134.5 135.6 137.6 136.7 137.1 138.1 141.9 141.9 141.9 141.9 141.9 141.9 141.9 141.9 141.9
-999.0 -999.0 -999.0 -999.0 -999.0 -999.0 -999.0 -999.0 -999.0 -999.0 -999.0 -999.0 -999.0 -999.0 -999.0 -999.0 -999.0 -999.0 -999.0 -999.0 -999.0 -999.0 -999.0 -999.0 -999.0 -999.0 -999.0 -999.0 -999.0 -999.0 -999.0 -999.0 -999.0 -999.0 -999.0 -999.0 -999.0 133.9 133.5 133.9 133.9 131.3 133.3 132.7 131.9 131.9 131.0 130.4 132.7 135.6 135.7 134.5 136.0 135.9 134.3 131.6 133.3 130.5 130.6 132.7 134.2 134.5 135.6 137.6 136.7 137.1 138.1 141.9 141.9 141.9 141.9 141.9 141.9 141.9 141.9 141.9
-999.0 -999.0 -999.0 -999.0 -999.0 -999.0 -999.0 -999.0 -999.0 -999.0 -999.0 -999.0 -999.0 -999.0 -999.0 -999.0 -999.0 -999.0 -999.0 -999.0 -999.0 -999.0 -999.0 -999.0 -999.0 -999.0 -999.0 -999.0 -999.0 -999.0 -999.0 -999.0 -999.0 -999.0 -999.0 -999.0 -999.0 -999.0 -999.0 133.9 133.9 133.3 133.3 131.9 131.6 131.9 130.0 133.7 135.6 133.1 134.4 134.5 136.1 135.8 133.2 131.4 133.0 130.5 130.6 132.7 134.2 134.5 135.6 137.6 136.7 137.1 138.1 141.9 141.9 141.9 141.9 141.9 141.9 141.9 141.9 141.9
