GSP_annual_reports_SRP_2024_v3/GIS/SRP_2023_Spring_Shallow.tif
NCOLS 191
NROWS  209
XLLCORNER 6295515.91401
YLLCORNER 1783415.49397
CELLSIZE 1000.0
NODATA_VALUE -999
[rows 132 to 164 of 209, columns 76 to 151 of 191]
57.3 60.7 62.4 65.5 71.9 75.0 84.7 93.3 108.4 120.2 141.8 151.8 166.3 169.3 174.6 176.7 174.8 208.4 213.7 217.4 271.8 284.6 297.8 300.1 340.7 273.9 332.2 469.8 482.5 501.0 511.1 500.2 550.2 615.8 535.3 568.5 563.0 611.5 589.6 485.0 480.3 448.1 426.9 260.9 251.8 194.7 178.5 173.4 163.2 152.6 152.7 149.4 145.2 144.3 144.6 148.0 145.0 143.2 147.0 143.3 143.3 143.3 143.2 148.4 143.3 144.6 149.1 148.6 149.0 152.4 156.6 167.6 181.3 218.1 284.5 398.1
56.6 60.7 61.1 67.4 70.4 75.5 79.6 90.7 107.3 116.6 135.0 145.3 160.2 157.0 170.8 172.9 174.6 167.3 168.0 169.7 281.5 281.4 278.4 271.5 309.0 259.8 324.6 332.4 356.2 493.2 495.0 482.1 527.7 601.1 630.9 560.8 482.6 592.9 599.8 485.0 469.8 476.7 442.5 376.0 275.5 210.9 177.0 173.0 165.6 154.0 152.5 149.3 144.8 139.7 142.3 143.7 143.0 143.1 143.4 143.1 142.5 141.9 143.2 144.6 143.0 143.1 148.7 152.3 148.6 151.9 155.5 157.3 179.2 228.0 256.6 282.7
56.6 60.7 61.1 67.5 70.6 74.6 79.7 89.1 101.2 109.7 127.1 135.4 156.6 153.4 159.2 159.1 160.8 159.2 166.8 172.8 213.0 260.4 273.6 241.7 260.7 250.2 299.1 273.4 328.6 350.6 476.7 464.5 502.1 514.6 613.8 636.8 563.5 488.2 536.6 494.1 457.4 456.4 422.1 388.8 291.6 273.4 211.5 175.4 162.5 152.2 149.6 147.5 144.8 140.8 139.7 142.5 143.3 142.8 143.1 142.0 141.9 142.0 142.0 142.0 141.9 143.1 143.1 150.2 172.9 153.8 154.7 158.3 176.6 200.0 241.6 281.4
83.4 76.0 61.1 72.8 70.6 73.4 79.5 83.1 99.5 106.4 121.8 130.3 151.0 151.0 153.7 154.1 153.0 156.9 158.7 158.7 166.2 207.0 216.6 220.4 241.7 241.9 281.4 216.8 303.5 288.2 278.8 362.1 375.9 509.0 478.3 523.4 578.6 622.3 600.6 483.8 471.9 440.8 377.9 349.9 356.6 321.7 202.5 173.5 158.9 151.8 148.7 144.7 144.7 141.0 139.3 139.2 143.0 141.8 142.0 142.0 142.1 142.0 141.8 141.9 141.9 139.8 142.5 144.6 171.6 148.1 156.4 162.2 170.6 241.8 259.0 238.2
80.8 117.3 59.7 67.5 76.5 73.2 78.3 82.9 95.6 102.7 116.8 122.8 143.2 145.8 150.7 149.8 151.9 152.8 152.9 158.0 170.7 185.3 204.1 202.1 195.1 200.5 204.2 211.9 244.7 243.3 287.2 316.4 315.8 363.3 468.2 489.3 507.2 508.9 495.7 542.0 462.2 413.7 365.3 404.8 345.6 346.0 252.9 175.9 151.2 150.2 145.9 141.6 140.4 139.4 139.3 138.1 138.4 142.2 142.0 139.8 141.8 142.1 142.0 139.8 142.0 141.8 142.1 142.1 143.1 153.6 173.8 162.9 171.4 184.6 286.3 353.3
148.1 107.3 103.3 67.2 70.6 73.5 76.4 81.8 94.2 98.8 111.7 119.4 136.6 140.0 140.9 145.7 146.3 151.6 151.8 154.9 159.8 170.8 174.4 181.6 172.4 171.0 167.9 173.5 209.0 274.2 266.2 276.8 273.4 326.8 378.5 477.5 471.3 486.4 484.5 497.8 495.2 469.3 385.9 380.6 435.0 340.2 215.4 174.7 151.8 148.8 143.5 139.3 138.1 138.2 138.2 138.4 138.2 138.7 141.8 141.8 141.8 139.8 141.8 139.8 142.1 141.9 141.9 142.0 142.0 148.5 170.4 156.5 181.1 183.3 251.8 283.0
103.1 81.9 61.2 76.3 95.2 73.5 78.2 81.8 94.3 99.7 113.6 118.2 131.7 136.3 140.1 142.6 141.3 142.2 148.6 149.6 156.4 165.1 173.9 175.6 173.5 169.3 161.7 172.2 172.8 195.4 237.0 256.1 221.7 285.9 295.1 303.2 428.2 412.9 436.6 472.2 487.6 487.2 456.9 361.4 398.1 334.5 203.5 174.1 153.0 150.4 145.7 143.6 138.5 137.0 137.5 136.0 140.4 138.1 138.7 142.1 141.9 141.9 142.0 141.9 141.8 141.8 142.2 141.9 141.9 143.0 148.2 183.1 173.5 238.1 217.1 239.7
103.0 106.6 107.1 81.9 70.6 73.4 78.3 82.4 94.3 99.8 112.1 116.5 133.7 133.1 133.7 139.6 140.1 142.4 139.1 145.8 146.6 154.1 155.2 160.0 156.6 153.2 202.2 202.5 204.0 222.4 172.3 207.7 191.0 216.5 247.7 259.6 266.2 290.0 391.8 442.9 459.3 507.3 450.2 392.8 338.5 344.4 303.7 166.5 157.9 152.8 146.7 143.3 139.4 138.1 137.3 135.4 138.3 138.2 138.2 138.8 139.8 142.0 142.2 142.1 139.8 141.9 141.9 142.1 142.0 142.0 143.0 153.8 182.5 196.2 250.1 185.5
117.5 102.7 72.8 79.5 70.6 73.5 78.3 81.7 94.2 97.5 112.0 116.4 133.6 133.7 134.9 135.2 135.0 139.1 142.2 139.2 145.9 148.7 147.0 147.7 148.9 201.0 214.4 215.3 205.8 212.2 203.1 173.0 205.8 196.8 206.2 221.2 243.4 253.3 359.4 397.7 402.2 449.2 458.0 378.2 334.0 313.4 299.5 288.2 162.2 151.7 148.1 142.3 137.5 138.1 137.2 137.2 137.6 138.2 138.4 138.1 140.2 142.0 142.0 141.9 141.9 141.9 142.1 142.0 142.1 142.0 142.0 147.8 154.9 199.2 244.4 175.0
190.6 154.8 108.2 78.2 85.1 73.4 78.3 81.6 94.0 99.6 112.3 116.2 133.6 133.8 133.5 133.6 134.9 135.0 138.3 146.2 142.6 143.7 142.0 144.2 133.9 167.1 163.1 167.3 194.3 230.0 248.7 241.8 247.3 251.4 193.6 208.1 257.4 280.9 284.8 384.2 401.4 440.4 447.6 414.8 334.0 310.3 335.1 304.9 174.8 160.3 148.0 144.7 139.2 137.6 137.1 136.7 134.9 137.7 138.4 138.0 138.2 140.0 142.2 141.9 142.0 142.2 145.7 141.8 142.0 142.1 142.0 143.1 155.1 164.9 221.1 170.4
213.1 166.1 91.8 113.6 95.0 73.5 78.3 81.8 94.3 99.8 112.4 116.6 133.7 133.6 133.5 133.5 133.5 133.7 135.3 137.2 139.5 140.1 139.6 139.4 313.3 160.8 253.5 258.9 213.5 216.8 256.8 276.2 266.1 269.8 220.6 206.8 226.2 279.1 281.2 271.2 406.4 406.9 447.5 418.3 350.1 399.6 447.6 321.0 304.8 216.7 150.6 144.4 140.6 137.6 136.5 136.6 136.7 137.1 137.6 138.0 141.9 138.2 141.2 141.9 139.8 141.9 142.1 142.1 141.9 141.8 141.9 142.6 150.8 156.2 178.2 155.9
156.6 176.0 141.7 208.3 89.9 98.4 78.4 81.8 94.0 99.5 112.1 116.3 133.6 133.6 133.7 133.5 133.5 133.8 133.5 134.9 135.1 137.3 135.5 135.7 318.4 326.2 223.2 219.4 253.8 268.1 250.1 271.3 267.0 272.8 272.3 255.4 217.5 257.7 252.0 310.5 290.7 418.3 378.7 420.4 365.6 452.0 481.4 444.0 374.3 303.8 216.2 151.0 147.9 140.9 137.4 136.5 136.5 136.6 137.1 135.4 138.1 138.1 138.1 141.2 141.9 142.1 141.9 141.9 142.1 142.0 142.2 139.8 143.1 165.5 160.7 186.4
181.0 187.2 189.3 193.6 193.5 73.3 90.6 81.2 98.8 99.7 112.1 116.5 131.7 133.7 133.8 133.5 133.5 133.7 138.2 133.8 134.9 133.8 133.8 133.9 317.5 336.0 323.2 169.8 225.4 257.9 271.9 273.3 290.7 277.7 275.9 267.4 256.0 242.4 269.8 290.5 344.7 406.6 395.2 383.0 385.3 471.9 539.5 545.2 470.6 348.1 313.5 164.9 150.5 146.6 138.3 136.4 136.5 136.7 136.7 137.3 137.6 136.0 138.1 138.7 141.8 139.8 139.8 141.9 142.0 139.8 142.2 142.0 142.9 151.7 153.6 215.5
208.6 188.3 184.9 192.1 188.3 189.4 76.4 81.8 94.2 98.7 110.0 116.6 133.9 133.5 133.5 133.8 133.7 135.9 131.6 133.5 131.6 133.5 133.9 133.8 133.5 153.0 140.6 321.4 187.4 225.0 260.3 268.8 278.4 277.4 295.0 267.4 263.9 261.6 300.1 338.4 333.1 359.9 350.4 424.4 421.6 490.5 608.7 626.0 453.6 345.7 375.2 307.0 167.6 147.4 137.8 137.1 136.5 136.9 136.6 136.5 140.9 137.7 138.2 136.0 141.3 141.8 139.8 141.9 141.9 142.1 139.8 142.0 141.9 141.9 151.9 166.7
208.5 212.5 188.6 191.7 190.8 189.4 78.2 81.6 228.7 97.5 112.1 116.6 133.6 300.3 133.6 131.6 133.9 133.5 133.5 133.8 133.5 133.7 133.5 133.8 133.8 133.8 135.0 335.1 349.9 264.3 227.2 257.7 264.1 273.1 297.9 340.0 274.6 263.5 270.9 281.0 341.5 358.6 358.2 450.2 414.4 442.6 495.4 653.2 477.7 486.0 454.3 401.8 296.4 148.7 137.7 138.0 138.0 136.2 136.6 136.7 136.7 137.4 138.0 138.2 138.2 141.9 141.8 142.1 141.8 139.8 141.8 142.0 142.2 141.9 152.3 142.9
214.3 221.4 231.0 196.0 194.0 191.8 194.7 215.7 230.0 233.1 256.7 282.0 294.5 310.3 131.6 133.9 133.9 133.9 133.9 133.9 133.8 133.5 133.5 133.8 133.5 133.7 133.5 163.5 346.6 362.3 205.3 272.0 328.5 305.0 285.9 318.5 328.8 277.2 265.9 301.1 343.5 329.3 297.6 308.5 425.9 444.1 487.3 567.3 595.6 499.0 425.8 516.4 446.1 300.5 148.1 143.6 138.0 137.7 134.2 136.6 136.6 137.2 137.6 138.0 138.2 141.2 141.9 142.1 141.9 142.0 142.1 141.9 141.8 141.9 141.9 146.4
208.8 267.1 271.6 244.2 199.4 193.3 197.6 216.2 235.0 238.1 268.1 288.3 323.4 323.1 297.5 133.7 133.7 133.9 133.9 131.6 133.8 133.9 135.9 133.8 133.9 133.5 133.6 133.5 174.2 358.4 356.3 329.4 329.1 333.2 334.2 269.1 266.1 253.0 255.9 284.7 303.5 318.2 287.2 347.9 459.5 477.7 467.3 496.0 603.5 621.1 483.3 460.6 448.5 338.7 177.4 149.5 140.0 137.5 136.3 136.8 136.8 136.5 134.9 137.7 140.4 138.1 142.0 141.9 141.8 142.0 142.1 141.9 141.8 141.9 139.8 141.3
294.0 220.1 223.2 233.4 216.7 200.5 230.4 226.8 235.2 240.7 263.4 308.9 358.3 357.8 325.9 301.5 133.5 133.9 138.2 133.8 133.9 133.9 133.9 133.9 133.9 133.9 133.9 133.5 134.1 322.8 363.0 367.3 254.6 259.8 259.6 266.5 262.5 256.8 251.9 262.7 269.1 288.1 320.1 291.6 467.7 478.5 468.2 510.2 612.2 687.9 539.9 445.9 337.8 309.1 292.3 151.5 141.0 136.2 138.0 136.3 136.6 136.6 136.6 137.5 138.0 138.2 141.0 142.0 141.8 139.8 142.1 141.9 142.0 142.1 142.0 141.9
358.4 350.5 259.7 223.3 203.0 243.3 233.5 231.0 234.0 249.3 266.8 304.7 393.4 349.3 345.7 319.0 301.5 133.6 133.9 133.7 133.9 133.8 133.7 133.8 133.9 133.9 133.9 133.8 131.6 321.7 357.0 350.9 356.3 394.5 326.9 328.3 307.2 295.9 271.7 252.6 276.5 265.5 319.7 280.5 442.5 477.4 502.5 497.3 501.1 605.3 682.6 544.0 479.4 360.4 305.5 289.2 140.8 135.6 137.6 137.2 136.3 136.6 136.6 137.1 137.6 138.0 138.4 141.8 141.8 142.0 141.9 142.0 141.9 145.7 141.8 141.8
367.7 365.5 260.6 254.5 235.4 220.4 265.5 227.3 238.0 264.9 284.1 326.1 341.8 363.9 399.5 347.3 311.8 309.6 133.6 133.9 133.9 133.8 133.8 133.9 131.6 133.9 133.7 133.5 133.7 318.1 320.6 333.1 352.7 355.6 372.5 298.2 393.0 355.4 329.9 291.8 251.6 264.5 282.3 281.2 321.8 483.6 507.8 512.6 564.8 649.2 688.2 499.0 436.0 343.0 323.9 295.3 151.8 135.3 136.3 137.2 136.5 136.6 136.6 136.8 137.4 138.1 138.1 142.1 141.9 142.0 141.8 141.9 142.1 141.9 141.8 141.9
304.3 352.6 278.6 363.7 273.8 230.5 291.1 267.5 241.1 250.6 289.0 352.0 429.8 345.2 344.8 342.1 305.0 133.5 133.5 133.5 133.9 133.5 133.5 133.9 133.8 133.9 131.6 133.7 133.9 133.8 133.0 131.6 164.5 325.3 359.7 360.2 361.8 283.2 273.1 264.8 250.0 253.8 264.1 264.5 291.7 414.0 497.0 596.9 600.0 706.7 726.4 615.8 469.1 433.0 425.7 309.9 296.7 147.9 276.8 136.2 137.9 136.4 136.6 136.9 137.0 138.0 138.1 141.2 139.8 142.2 139.8 142.2 142.0 141.8 141.9 141.9
224.2 331.3 346.4 317.2 270.1 243.6 228.7 231.7 244.1 269.9 287.4 418.4 358.1 341.5 339.1 315.8 302.8 305.0 132.8 308.8 133.9 133.9 133.8 133.7 133.9 133.8 133.9 133.9 133.9 133.9 133.5 133.5 133.8 322.6 349.8 392.1 392.5 360.5 363.1 253.9 251.8 252.3 257.9 263.9 275.3 389.1 478.4 620.6 632.3 633.6 689.8 678.4 547.4 486.3 400.0 328.3 303.9 289.7 282.4 271.7 137.2 138.0 136.6 136.7 137.1 137.7 138.1 138.6 141.8 142.2 141.9 139.8 141.9 142.0 141.8 142.2
303.1 358.6 295.5 336.2 329.9 256.0 279.7 272.2 275.8 289.1 303.7 412.1 330.0 313.4 309.2 307.5 328.8 154.2 313.7 330.4 311.6 141.0 133.9 133.9 133.9 133.9 133.9 133.8 133.8 133.9 133.6 133.9 133.5 133.5 326.5 355.9 446.3 445.8 363.7 359.6 360.3 252.9 254.3 263.8 269.8 401.9 442.8 491.4 510.5 590.1 611.1 608.2 636.8 620.3 465.2 387.4 333.3 299.4 287.7 278.5 290.7 144.1 136.5 136.5 136.6 137.4 138.0 138.0 142.1 141.9 141.9 141.8 141.9 141.9 141.9 142.0
247.0 334.3 226.6 356.7 367.0 255.8 365.3 277.6 297.1 429.4 384.7 324.7 322.9 343.4 348.1 347.2 346.2 320.1 313.7 323.5 170.0 133.5 133.9 133.9 133.9 133.5 133.8 133.9 133.8 133.8 133.7 133.6 131.6 133.5 141.9 339.8 378.7 472.8 476.4 406.6 362.1 360.0 251.7 255.6 265.6 383.4 425.3 445.2 473.8 515.8 509.8 568.0 568.9 593.7 555.7 439.1 406.0 310.0 294.3 279.7 137.5 281.2 142.4 136.5 136.5 136.9 136.0 138.1 141.9 141.9 139.8 141.9 141.9 141.8 142.2 141.8
218.4 269.0 222.2 246.2 321.3 321.2 267.1 278.6 295.3 408.8 429.1 386.5 392.0 469.1 442.4 362.2 378.2 332.8 320.7 322.7 138.2 138.2 133.7 133.9 133.8 133.9 133.9 133.8 133.8 133.9 133.8 131.6 133.8 137.3 174.9 170.7 260.4 368.8 334.7 312.8 362.0 361.3 360.1 254.0 258.8 379.5 396.6 454.3 470.0 479.3 516.6 522.7 560.0 599.7 652.4 553.8 457.3 339.1 302.6 286.9 135.4 136.8 156.5 136.6 136.8 137.0 135.4 138.1 141.9 141.9 141.9 141.9 141.9 141.9 141.9 139.8
252.5 224.5 221.7 233.9 239.3 240.8 255.2 280.6 404.2 319.3 387.0 333.7 463.2 456.7 433.8 463.8 402.8 351.5 348.5 341.3 131.6 133.6 133.9 133.5 133.7 133.9 133.9 133.9 133.9 133.9 133.9 133.9 133.7 131.6 163.5 153.4 209.9 254.9 263.5 314.5 313.5 383.1 357.6 356.5 259.8 364.0 402.5 451.7 480.4 490.9 501.1 484.3 501.5 504.7 558.3 622.9 574.4 450.7 434.2 317.5 296.5 147.3 139.0 136.3 136.9 134.5 137.4 138.1 141.5 141.8 141.9 141.9 141.9 141.9 141.8 141.8
197.9 207.8 -999.0 264.7 262.2 322.9 344.9 343.3 313.3 291.4 316.1 375.7 466.2 397.7 359.9 401.8 361.3 350.9 365.1 358.4 314.4 310.0 133.8 133.9 133.9 133.9 133.8 133.6 133.9 133.7 133.9 133.9 133.9 133.8 149.3 173.2 172.0 194.4 273.0 279.4 301.3 449.1 413.1 362.1 360.9 258.1 285.9 394.1 506.0 498.3 481.4 475.0 474.6 484.0 510.4 508.1 572.8 601.4 484.2 450.4 348.3 193.5 137.5 138.2 134.6 136.8 137.5 138.0 141.2 141.9 141.9 141.9 141.9 141.9 141.9 141.8
-999.0 -999.0 -999.0 -999.0 -999.0 419.4 394.5 278.4 283.0 262.2 315.7 435.3 417.8 423.6 323.4 354.0 172.0 154.2 272.0 283.9 179.9 132.8 316.3 319.0 133.9 133.9 133.9 133.7 133.9 133.9 133.9 133.9 133.9 133.9 133.5 147.5 167.2 267.5 275.4 272.7 262.2 441.6 439.7 447.3 377.1 358.4 249.1 286.7 365.7 377.9 345.8 350.4 336.8 470.6 483.3 507.7 499.0 592.9 509.4 417.4 344.9 279.4 134.1 138.3 134.5 134.5 135.4 138.2 141.2 141.9 141.8 141.8 141.9 141.9 141.9 141.8
-999.0 -999.0 -999.0 -999.0 -999.0 -999.0 377.7 354.3 257.1 273.0 296.5 332.2 336.8 336.2 313.4 304.6 302.3 131.5 131.5 132.8 133.8 133.8 131.6 319.7 323.2 319.0 133.9 133.8 133.9 133.7 133.5 133.9 133.9 133.9 131.6 150.3 164.5 250.4 272.5 249.4 255.7 262.4 260.0 461.4 437.1 367.4 250.8 261.2 271.0 285.1 288.1 333.9 292.6 358.4 372.2 456.3 459.5 496.6 485.6 462.6 376.3 320.6 271.9 137.1 136.2 136.5 137.1 138.1 141.2 141.9 141.9 141.9 141.9 141.9 141.9 141.9
-999.0 -999.0 -999.0 -999.0 -999.0 -999.0 255.4 256.4 251.5 313.4 427.0 460.3 423.4 375.2 325.9 339.5 304.6 309.4 309.1 133.9 133.9 133.8 133.9 140.8 169.0 148.9 133.9 133.8 133.9 133.9 133.7 133.9 133.9 133.5 135.9 131.6 168.9 242.8 258.2 255.9 269.2 209.8 266.1 318.5 315.2 329.6 309.7 276.6 213.9 183.5 222.1 276.1 254.0 317.2 310.8 397.5 346.0 324.1 361.9 480.4 348.6 329.0 277.6 277.7 134.2 136.6 136.9 138.2 141.3 141.8 139.8 142.1 142.1 142.1 141.9 139.8
-999.0 -999.0 -999.0 -999.0 -999.0 -999.0 240.6 164.8 275.1 303.9 311.7 339.3 332.8 337.5 317.2 328.2 317.9 309.6 309.3 310.8 133.9 133.8 133.9 131.6 133.9 133.7 133.9 133.9 133.9 133.9 133.9 133.9 133.9 133.9 131.5 133.5 148.2 170.3 210.7 243.5 173.0 206.6 263.6 272.0 317.6 285.3 384.6 345.3 332.7 273.0 242.1 169.0 169.3 168.2 219.5 248.8 346.5 346.8 353.9 380.9 377.7 426.4 311.4 277.8 136.2 136.6 137.1 138.4 141.2 139.8 141.8 142.0 141.9 142.0 141.9 141.9
-999.0 -999.0 -999.0 -999.0 -999.0 -999.0 -999.0 226.4 220.4 248.8 256.3 283.8 295.1 298.3 301.5 313.5 309.9 309.6 358.7 356.3 311.8 309.9 133.5 133.9 133.9 133.9 133.9 133.9 133.9 133.8 133.9 133.7 133.9 133.7 133.5 133.9 138.5 141.9 154.5 172.3 271.6 178.2 257.0 280.0 257.0 320.9 440.0 399.3 429.6 321.1 271.8 259.6 160.6 153.8 195.3 220.4 333.3 328.4 325.6 338.5 354.5 338.0 289.5 141.4 137.6 136.5 137.1 138.2 141.2 141.9 141.8 141.8 142.1 142.1 142.1 141.9
-999.0 -999.0 -999.0 -999.0 -999.0 -999.0 -999.0 98.6 136.6 120.3 207.8 338.1 328.6 321.1 300.5 302.3 302.3 307.9 312.6 333.4 354.7 341.5 316.4 141.0 132.8 133.9 133.9 133.9 133.7 133.9 133.8 133.9 133.9 133.9 133.9 133.9 133.5 131.6 137.9 156.7 174.1 154.2 262.1 234.7 213.3 262.6 426.8 485.4 503.8 394.8 320.8 286.6 265.1 158.9 149.3 177.6 321.0 306.5 299.9 307.6 313.9 296.6 144.3 134.2 137.6 136.7 136.9 138.1 141.2 141.9 141.8 141.9 141.9 142.1 141.9 142.0
