GSP_annual_reports_SRP_2024_v3/GIS/SRP_2023_Spring_Shallow.tif
NCOLS 191
NROWS  209
XLLCORNER 6295515.91401
YLLCORNER 1783415.49397
CELLSIZE 1000.0
NODATA_VALUE -999
[rows 0 to 32 of 209, columns 0 to 75 of 191]
-999.0 -999.0 -999.0 -999.0 -999.0 -999.0 -999.0 -999.0 -999.0 -999.0 -999.0 -999.0 -999.0 -999.0 -999.0 -999.0 -999.0 -999.0 -999.0 -999.0 -999.0 -999.0 -999.0 -999.0 158.3 143.5 180.3 237.5 277.7 174.4 144.9 143.4 170.3 244.3 -999.0 -999.0 -999.0 -999.0 -999.0 -999.0 -999.0 -999.0 -999.0 -999.0 -999.0 -999.0 -999.0 -999.0 -999.0 -999.0 -999.0 -999.0 -999.0 -999.0 -999.0 -999.0 -999.0 -999.0 -999.0 -999.0 -999.0 -999.0 -999.0 -999.0 -999.0 -999.0 -999.0 -999.0 -999.0 -999.0 -999.0 -999.0 -999.0 -999.0 -999.0 -999.0
-999.0 -999.0 -999.0 -999.0 -999.0 -999.0 -999.0 -999.0 -999.0 -999.0 -999.0 -999.0 -999.0 -999.0 -999.0 -999.0 -999.0 -999.0 -999.0 -999.0 -999.0 -999.0 233.4 140.5 148.4 185.0 197.7 265.3 266.3 284.8 163.0 144.0 140.6 172.4 218.7 293.3 343.0 425.0 -999.0 -999.0 -999.0 -999.0 -999.0 -999.0 -999.0 -999.0 -999.0 -999.0 -999.0 -999.0 -999.0 -999.0 -999.0 -999.0 -999.0 -999.0 -999.0 -999.0 -999.0 -999.0 -999.0 -999.0 -999.0 -999.0 -999.0 -999.0 -999.0 -999.0 -999.0 -999.0 -999.0 -999.0 -999.0 -999.0 -999.0 -999.0
-999.0 -999.0 -999.0 -999.0 -999.0 -999.0 -999.0 -999.0 -999.0 -999.0 -999.0 -999.0 -999.0 -999.0 -999.0 -999.0 -999.0 -999.0 -999.0 -999.0 102.9 242.4 300.5 263.7 170.1 138.5 145.1 139.3 145.3 176.9 256.6 202.4 152.8 142.7 210.9 314.1 356.9 386.9 364.0 310.0 234.2 148.5 -999.0 -999.0 -999.0 -999.0 -999.0 -999.0 -999.0 -999.0 -999.0 -999.0 -999.0 -999.0 -999.0 -999.0 -999.0 -999.0 -999.0 -999.0 -999.0 -999.0 -999.0 -999.0 -999.0 -999.0 -999.0 -999.0 -999.0 -999.0 -999.0 -999.0 -999.0 -999.0 -999.0 -999.0
-999.0 -999.0 -999.0 -999.0 -999.0 -999.0 -999.0 -999.0 -999.0 -999.0 -999.0 -999.0 -999.0 -999.0 -999.0 -999.0 -999.0 -999.0 -999.0 101.0 95.9 112.0 296.7 329.3 379.5 436.3 393.1 276.1 243.0 146.2 179.8 339.7 291.8 218.3 141.9 222.9 314.4 379.9 364.0 274.1 233.4 151.6 229.8 181.9 -999.0 -999.0 -999.0 -999.0 -999.0 -999.0 -999.0 -999.0 -999.0 -999.0 -999.0 -999.0 -999.0 -999.0 -999.0 -999.0 -999.0 -999.0 -999.0 -999.0 -999.0 -999.0 -999.0 -999.0 -999.0 -999.0 -999.0 -999.0 -999.0 -999.0 -999.0 -999.0
-999.0 -999.0 -999.0 -999.0 -999.0 -999.0 -999.0 -999.0 -999.0 -999.0 -999.0 -999.0 -999.0 -999.0 -999.0 -999.0 -999.0 -999.0 88.9 83.4 94.9 109.1 209.9 270.5 373.5 499.7 494.3 495.5 346.5 140.0 246.2 388.3 391.5 293.7 212.7 141.5 263.2 341.4 379.8 344.7 278.9 174.4 160.6 214.4 125.0 145.4 -999.0 -999.0 -999.0 -999.0 -999.0 -999.0 -999.0 -999.0 -999.0 -999.0 -999.0 -999.0 -999.0 -999.0 -999.0 -999.0 -999.0 -999.0 -999.0 -999.0 -999.0 -999.0 -999.0 -999.0 -999.0 -999.0 -999.0 -999.0 -999.0 -999.0
-999.0 -999.0 -999.0 -999.0 -999.0 -999.0 -999.0 -999.0 -999.0 -999.0 -999.0 -999.0 -999.0 -999.0 -999.0 -999.0 -999.0 -999.0 83.0 81.5 90.1 99.2 104.9 139.5 251.1 249.4 322.7 219.8 189.6 252.7 333.5 383.4 464.8 424.7 436.6 261.0 182.3 271.3 385.8 358.2 274.0 193.8 172.2 151.6 175.9 136.7 166.7 150.3 -999.0 -999.0 -999.0 -999.0 -999.0 -999.0 -999.0 -999.0 -999.0 -999.0 -999.0 -999.0 -999.0 -999.0 -999.0 -999.0 -999.0 -999.0 -999.0 -999.0 -999.0 -999.0 -999.0 -999.0 -999.0 -999.0 -999.0 -999.0
-999.0 -999.0 -999.0 -999.0 -999.0 -999.0 -999.0 -999.0 -999.0 -999.0 -999.0 -999.0 -999.0 -999.0 -999.0 -999.0 -999.0 81.7 81.7 82.0 82.9 85.2 81.3 85.2 94.7 139.3 143.4 165.6 146.2 179.3 329.9 400.1 481.8 468.8 451.5 430.6 210.1 248.5 294.7 385.9 264.5 198.7 174.5 120.9 124.9 126.2 154.5 145.9 147.1 -999.0 -999.0 -999.0 -999.0 -999.0 -999.0 -999.0 -999.0 -999.0 -999.0 -999.0 -999.0 -999.0 -999.0 -999.0 -999.0 -999.0 -999.0 -999.0 -999.0 -999.0 -999.0 -999.0 -999.0 -999.0 -999.0 -999.0
-999.0 -999.0 -999.0 -999.0 -999.0 -999.0 -999.0 -999.0 -999.0 -999.0 -999.0 -999.0 -999.0 -999.0 -999.0 -999.0 79.2 79.6 80.9 81.4 84.2 80.7 80.0 81.2 74.5 141.3 191.5 260.1 278.3 229.5 364.5 490.3 493.0 510.2 426.7 334.8 250.0 153.6 205.6 283.0 317.7 238.9 181.2 140.6 139.7 150.7 127.8 169.3 210.9 253.3 -999.0 -999.0 -999.0 -999.0 -999.0 -999.0 -999.0 -999.0 -999.0 -999.0 -999.0 -999.0 -999.0 -999.0 -999.0 -999.0 -999.0 -999.0 -999.0 -999.0 -999.0 -999.0 -999.0 -999.0 -999.0 -999.0
-999.0 -999.0 -999.0 -999.0 -999.0 -999.0 -999.0 -999.0 -999.0 -999.0 -999.0 -999.0 -999.0 -999.0 -999.0 78.2 73.3 70.5 78.6 80.7 77.9 75.5 82.3 76.0 70.1 139.5 153.4 296.1 396.8 354.9 345.6 341.2 408.1 527.1 464.9 386.7 317.7 179.0 178.0 201.8 270.1 211.0 172.7 192.1 179.5 199.9 241.9 264.6 152.6 209.3 -999.0 -999.0 -999.0 -999.0 -999.0 -999.0 -999.0 -999.0 532.6 577.7 595.1 580.4 584.5 570.1 508.0 404.0 474.2 341.7 349.5 -999.0 -999.0 -999.0 -999.0 -999.0 -999.0 -999.0
-999.0 -999.0 -999.0 -999.0 -999.0 -999.0 -999.0 -999.0 -999.0 -999.0 -999.0 -999.0 -999.0 -999.0 -999.0 77.7 76.3 73.7 79.1 78.0 64.7 73.1 80.3 81.1 81.0 77.7 196.4 277.1 419.6 492.3 428.2 404.5 405.7 513.6 478.8 389.9 315.4 201.4 160.0 144.6 179.7 206.4 232.9 199.7 191.7 223.5 217.7 248.2 210.9 193.5 231.6 -999.0 -999.0 -999.0 -999.0 435.4 439.6 506.2 493.6 542.7 592.0 569.9 580.4 591.0 587.9 508.8 474.5 532.1 486.3 369.3 483.9 -999.0 -999.0 -999.0 -999.0 -999.0
-999.0 -999.0 -999.0 -999.0 -999.0 -999.0 -999.0 -999.0 -999.0 -999.0 -999.0 -999.0 -999.0 -999.0 60.3 74.2 74.1 73.0 73.6 73.6 58.1 79.8 80.5 78.6 78.6 79.5 126.9 205.9 419.3 403.8 485.3 484.5 512.4 520.7 503.0 454.0 352.6 265.6 274.9 288.0 304.0 316.5 233.8 154.9 169.4 228.1 226.1 292.0 299.7 307.5 235.8 321.0 -999.0 324.2 400.3 341.9 436.3 474.8 441.4 538.6 581.3 595.5 590.5 583.0 614.6 480.5 480.8 573.6 590.4 417.1 477.2 464.2 -999.0 -999.0 -999.0 -999.0
-999.0 -999.0 -999.0 -999.0 -999.0 -999.0 -999.0 -999.0 -999.0 -999.0 -999.0 -999.0 -999.0 -999.0 72.7 63.9 73.3 71.7 72.4 72.6 67.9 75.6 78.4 75.2 73.8 74.5 93.8 157.7 235.2 428.7 420.7 428.2 491.4 486.3 511.4 473.6 387.7 379.6 379.3 376.9 376.7 375.4 310.4 202.1 186.2 190.7 253.0 201.5 287.2 228.7 235.3 299.9 296.9 357.6 354.8 438.4 401.2 454.7 447.4 536.3 550.4 580.8 595.1 594.3 612.3 582.7 483.8 569.7 587.4 469.7 449.5 540.5 574.5 -999.0 -999.0 -999.0
-999.0 -999.0 -999.0 -999.0 -999.0 -999.0 -999.0 -999.0 -999.0 -999.0 -999.0 -999.0 -999.0 -999.0 67.0 70.2 75.7 70.4 71.1 71.4 64.5 73.0 75.7 72.2 72.9 86.3 135.0 135.4 195.0 294.5 435.0 439.8 402.6 425.8 496.1 486.7 445.9 407.1 380.9 371.8 333.2 310.6 262.7 257.6 187.2 194.4 197.3 305.1 246.0 349.8 280.9 293.0 229.8 309.0 323.1 479.7 427.6 429.2 459.5 487.0 535.8 595.5 598.0 577.6 611.1 587.9 468.9 562.0 597.0 474.7 461.6 465.7 492.6 524.3 -999.0 -999.0
-999.0 -999.0 -999.0 -999.0 -999.0 -999.0 -999.0 -999.0 -999.0 -999.0 -999.0 -999.0 -999.0 -999.0 132.1 66.9 56.0 67.2 67.5 70.0 66.8 70.5 71.7 81.5 66.4 86.8 92.6 102.5 123.9 160.4 176.7 258.4 396.7 402.5 399.1 396.7 445.2 412.9 370.2 374.6 374.6 378.9 320.5 235.2 189.5 145.4 191.9 245.5 224.7 297.4 251.4 257.9 249.6 301.2 314.1 379.0 487.3 446.8 436.6 474.0 488.2 572.2 591.6 587.1 597.4 590.7 574.0 558.8 568.8 543.5 446.1 424.6 447.7 459.1 441.4 440.8
-999.0 -999.0 -999.0 -999.0 -999.0 -999.0 -999.0 -999.0 -999.0 -999.0 -999.0 -999.0 -999.0 -999.0 87.4 67.3 67.3 67.8 66.9 67.3 68.1 68.6 78.6 77.5 76.7 80.9 88.5 93.0 101.8 125.5 217.4 207.8 254.6 226.2 298.1 391.1 405.9 388.4 368.2 367.3 347.1 381.1 369.9 310.6 272.3 218.0 164.5 183.1 210.7 262.6 194.7 275.7 337.3 410.7 326.1 494.5 415.8 439.1 457.3 466.9 500.9 520.9 573.8 605.4 581.3 578.7 601.7 569.9 524.4 544.1 457.1 444.6 433.6 425.8 453.4 521.5
-999.0 -999.0 -999.0 -999.0 -999.0 -999.0 -999.0 -999.0 -999.0 -999.0 -999.0 -999.0 -999.0 -999.0 72.0 68.5 67.3 67.0 67.2 67.7 61.6 67.0 73.9 76.6 76.0 78.7 83.0 89.7 104.4 120.4 148.9 163.1 207.7 205.1 208.6 213.0 412.9 417.0 367.4 302.0 334.0 348.0 328.0 246.1 284.8 309.6 285.4 158.2 234.6 232.8 187.2 310.2 298.9 354.5 326.7 465.4 373.3 492.2 456.3 461.0 491.8 522.5 512.1 590.2 634.7 576.1 589.5 587.0 575.6 565.1 464.6 422.0 420.6 416.5 438.6 452.1
-999.0 -999.0 -999.0 -999.0 -999.0 -999.0 -999.0 -999.0 -999.0 -999.0 -999.0 -999.0 -999.0 -999.0 131.9 72.0 67.2 66.8 67.5 63.7 56.6 66.7 67.7 65.3 74.0 80.9 86.0 92.8 99.4 127.6 140.9 155.1 194.1 166.8 245.3 414.0 341.5 310.9 240.5 273.4 327.7 311.7 317.0 308.3 270.4 372.3 320.0 248.6 260.4 217.1 314.5 250.3 282.5 462.3 439.6 389.0 410.8 433.7 482.7 443.7 471.2 516.3 522.6 630.8 585.9 613.3 582.4 561.8 566.8 555.6 448.8 428.9 391.1 416.2 446.2 455.3
-999.0 -999.0 -999.0 -999.0 -999.0 -999.0 -999.0 -999.0 -999.0 -999.0 -999.0 -999.0 -999.0 -999.0 130.7 136.3 68.1 67.4 67.2 62.9 66.6 63.1 67.8 68.1 74.7 73.0 80.1 89.5 105.3 119.0 116.1 160.4 157.4 243.8 245.8 288.8 196.7 272.3 235.6 272.0 278.5 298.1 371.1 373.7 352.3 349.0 325.6 225.2 203.8 289.0 436.6 315.7 340.6 293.0 412.4 427.7 384.9 404.7 443.6 489.0 484.3 517.0 526.7 542.7 684.2 634.9 600.9 585.7 552.5 543.0 442.2 430.8 433.8 435.3 422.6 454.5
-999.0 -999.0 -999.0 -999.0 -999.0 -999.0 -999.0 -999.0 -999.0 -999.0 -999.0 -999.0 -999.0 -999.0 197.5 140.1 68.6 67.9 49.9 48.8 60.0 64.4 66.2 67.6 64.5 73.4 77.2 89.0 97.8 99.2 144.7 150.5 138.3 142.6 181.0 219.5 238.0 198.8 222.6 176.9 242.6 295.8 420.7 380.8 310.0 330.0 323.2 264.6 265.4 225.9 260.9 344.4 440.8 263.3 439.7 398.6 469.7 395.6 433.4 467.4 497.4 489.8 519.5 537.0 554.7 643.0 616.0 539.6 550.2 547.5 523.2 473.9 440.1 433.7 440.3 450.3
-999.0 -999.0 -999.0 -999.0 -999.0 -999.0 -999.0 -999.0 -999.0 -999.0 -999.0 -999.0 -999.0 -999.0 171.2 140.8 66.1 65.9 49.7 51.2 49.9 58.2 66.0 66.2 73.2 75.7 92.7 96.6 110.2 127.5 106.9 130.8 129.6 147.4 158.9 162.6 188.4 224.6 175.7 162.6 168.8 196.8 268.6 417.5 308.0 335.6 338.7 251.9 289.0 217.9 310.5 445.7 390.2 434.6 345.6 395.4 445.2 405.9 422.9 469.5 476.9 507.0 498.6 528.6 565.4 622.2 641.7 594.9 538.9 548.3 519.8 502.0 482.2 427.1 446.8 473.2
-999.0 -999.0 -999.0 -999.0 -999.0 -999.0 -999.0 -999.0 -999.0 -999.0 -999.0 -999.0 -999.0 -999.0 137.2 71.6 64.8 62.8 66.3 66.1 50.2 67.8 66.4 65.6 68.4 70.2 80.1 86.6 89.2 114.3 129.5 118.0 117.7 143.3 170.6 190.3 173.9 170.2 141.2 159.6 177.3 239.4 401.3 252.8 328.8 347.0 394.8 398.8 307.2 350.7 300.3 438.5 408.7 458.3 410.2 412.0 381.8 430.4 455.7 437.1 454.2 482.4 511.2 500.3 536.7 543.4 573.6 631.9 617.6 633.2 552.2 525.0 497.7 446.8 442.6 504.2
-999.0 -999.0 -999.0 -999.0 -999.0 -999.0 -999.0 -999.0 -999.0 -999.0 -999.0 -999.0 -999.0 -999.0 182.7 89.0 66.0 64.7 61.3 65.5 50.0 50.1 50.7 65.7 69.0 74.3 75.6 83.3 90.3 92.0 97.3 120.4 107.9 128.3 132.4 147.2 158.8 137.0 159.9 210.1 174.9 233.4 266.6 248.0 239.8 265.8 383.6 369.6 387.7 384.9 293.2 385.3 405.6 437.6 383.3 392.4 431.2 402.9 417.8 424.7 459.8 475.3 497.9 508.9 512.2 536.0 504.9 549.4 614.8 559.2 534.6 532.8 492.0 502.9 444.4 453.8
-999.0 -999.0 -999.0 -999.0 -999.0 -999.0 -999.0 -999.0 -999.0 -999.0 -999.0 -999.0 -999.0 -999.0 206.9 110.6 88.7 68.5 60.3 48.4 47.6 50.1 58.2 64.6 67.0 73.3 85.3 79.3 91.1 97.8 99.3 100.1 109.8 114.4 125.3 150.5 150.7 130.4 188.2 202.8 206.5 172.7 195.8 191.9 215.0 281.4 286.1 304.7 434.3 441.2 394.8 427.5 400.3 382.0 427.0 405.5 395.4 444.4 380.4 388.8 423.0 440.7 489.7 484.8 511.2 516.9 524.7 551.1 553.9 542.9 553.5 553.5 521.3 523.0 526.8 466.4
-999.0 -999.0 -999.0 -999.0 -999.0 -999.0 -999.0 -999.0 -999.0 -999.0 -999.0 -999.0 -999.0 -999.0 206.9 188.8 94.1 84.3 70.7 59.6 61.1 62.1 49.2 61.8 66.9 72.4 88.2 80.6 89.3 94.5 99.0 102.7 107.9 112.2 112.9 126.6 120.9 129.6 169.9 237.1 248.4 241.9 176.5 182.2 211.2 228.3 340.1 382.3 428.2 389.5 409.2 389.2 384.4 393.6 390.8 393.8 384.9 396.3 467.8 378.0 416.5 424.4 459.7 486.4 499.3 505.9 503.1 558.5 556.9 565.7 561.8 568.3 580.7 540.5 573.9 490.9
-999.0 -999.0 -999.0 -999.0 -999.0 -999.0 -999.0 -999.0 -999.0 -999.0 -999.0 -999.0 -999.0 -999.0 205.6 184.9 90.9 84.8 67.4 60.2 47.1 63.3 51.7 61.1 71.8 61.6 89.8 93.3 96.3 97.7 96.0 101.9 109.6 110.3 112.8 116.8 124.6 134.2 160.6 189.0 168.2 244.5 229.2 188.9 217.2 244.9 283.1 298.9 392.0 407.5 380.0 425.1 401.7 398.2 435.7 398.1 400.7 389.0 431.4 381.9 376.6 421.0 459.3 471.9 506.0 517.2 503.7 568.6 560.0 576.5 569.9 551.6 560.7 559.9 598.0 615.7
-999.0 -999.0 -999.0 -999.0 -999.0 -999.0 -999.0 -999.0 -999.0 -999.0 -999.0 -999.0 -999.0 -999.0 149.8 168.3 66.8 65.0 69.7 60.0 54.9 60.8 51.8 60.5 65.4 85.0 89.2 91.1 93.6 96.1 97.2 98.0 111.7 109.8 109.1 112.6 119.2 119.3 135.0 127.8 145.1 180.1 254.7 209.6 210.3 214.0 273.3 292.2 298.3 314.5 381.5 458.0 451.9 453.4 448.5 407.8 460.5 512.0 409.5 480.1 401.7 411.3 450.2 467.0 536.6 549.2 520.2 554.8 547.3 553.1 565.3 572.3 573.2 607.1 575.2 592.1
-999.0 -999.0 -999.0 -999.0 -999.0 -999.0 -999.0 -999.0 -999.0 -999.0 -999.0 -999.0 -999.0 -999.0 171.7 92.3 64.9 60.8 55.3 55.6 57.8 52.7 59.8 60.3 89.6 88.8 89.1 88.0 90.4 94.7 93.4 104.8 112.3 109.9 108.6 111.4 114.2 116.6 120.7 123.8 133.9 168.0 254.9 238.5 187.6 255.7 300.5 339.4 306.4 427.9 437.2 420.3 429.2 443.4 444.0 426.2 492.1 469.6 504.4 482.5 433.2 442.4 492.6 503.4 489.7 512.2 453.2 464.7 467.7 463.5 572.9 580.8 586.8 590.4 591.4 610.5
-999.0 -999.0 -999.0 -999.0 -999.0 -999.0 -999.0 -999.0 -999.0 -999.0 -999.0 -999.0 -999.0 -999.0 217.5 163.6 88.4 85.4 55.2 54.0 69.6 58.3 53.5 58.0 98.5 96.0 88.0 90.2 94.5 95.1 97.8 100.3 113.0 107.8 107.3 108.9 108.7 115.4 118.0 121.8 127.0 139.6 211.3 235.1 179.3 183.1 233.5 257.6 311.4 309.3 400.6 405.5 422.0 443.7 443.1 427.6 429.2 386.6 473.6 467.1 478.7 469.5 477.7 487.7 471.3 537.4 447.1 441.8 541.2 558.6 577.7 579.6 591.4 611.4 597.9 621.0
-999.0 -999.0 -999.0 -999.0 -999.0 -999.0 -999.0 -999.0 -999.0 -999.0 -999.0 -999.0 -999.0 -999.0 260.4 180.3 167.7 85.2 74.1 51.1 50.4 44.5 45.1 59.2 76.2 86.8 91.7 83.6 97.1 93.7 90.0 96.3 115.9 108.5 87.2 101.7 100.2 109.7 115.1 121.5 127.6 132.6 138.8 192.5 254.4 181.6 252.1 292.6 222.1 290.7 343.6 425.4 435.5 422.8 432.2 446.7 447.3 408.7 361.8 404.1 392.6 411.3 389.5 464.6 426.5 400.8 447.3 451.9 584.7 585.5 595.2 604.8 618.2 580.8 647.8 656.2
-999.0 -999.0 -999.0 -999.0 -999.0 -999.0 -999.0 -999.0 -999.0 -999.0 -999.0 -999.0 -999.0 -999.0 252.1 212.7 163.6 83.8 72.0 51.8 46.8 44.0 59.7 59.2 93.7 97.9 90.5 86.3 88.3 94.7 90.4 94.1 106.9 101.8 94.5 98.7 99.1 95.4 111.5 117.3 125.1 126.7 131.1 144.9 239.0 163.9 213.1 200.8 216.2 294.6 449.9 427.4 427.0 443.8 424.4 447.0 431.2 440.9 422.1 366.8 359.5 403.1 390.7 381.7 398.4 394.7 444.7 540.1 528.3 564.6 596.9 612.9 611.0 617.4 614.3 684.8
-999.0 -999.0 -999.0 -999.0 -999.0 -999.0 -999.0 -999.0 -999.0 -999.0 -999.0 -999.0 -999.0 -999.0 194.9 205.2 171.2 79.2 69.9 60.1 50.8 52.2 45.4 56.1 95.4 105.5 89.3 93.2 87.1 101.1 84.3 95.0 100.6 92.4 82.6 91.8 95.4 97.5 110.3 115.4 123.3 125.4 127.6 133.3 133.8 143.0 181.3 187.1 191.3 275.1 266.0 389.1 399.4 460.5 453.8 456.2 453.7 451.5 417.7 406.1 404.8 411.8 409.9 376.5 387.8 396.7 409.0 425.3 468.1 467.8 564.1 617.2 613.2 629.5 659.3 558.8
-999.0 -999.0 -999.0 -999.0 -999.0 -999.0 -999.0 -999.0 -999.0 -999.0 -999.0 -999.0 -999.0 -999.0 227.2 175.5 170.3 80.7 56.6 49.7 52.9 44.8 44.4 46.0 88.1 90.0 93.2 93.7 85.5 89.1 89.2 94.6 97.0 91.0 87.1 93.9 99.5 96.5 107.6 113.7 122.0 124.2 128.6 129.5 144.1 251.0 268.1 245.4 248.7 325.6 305.9 438.5 443.3 402.9 414.7 451.3 451.2 451.3 458.9 412.4 427.1 466.2 448.6 453.4 470.5 471.7 526.9 449.1 462.3 553.0 470.6 579.0 634.3 615.3 663.3 546.1
-999.0 -999.0 -999.0 -999.0 -999.0 -999.0 -999.0 -999.0 -999.0 -999.0 -999.0 -999.0 -999.0 -999.0 177.2 223.6 171.9 60.4 65.4 51.7 45.3 42.6 44.2 56.0 92.9 86.1 93.7 92.8 86.4 88.1 87.4 87.6 95.1 90.4 89.8 89.5 97.6 101.6 106.3 116.6 120.3 123.3 126.8 127.8 136.1 157.7 262.5 365.3 375.4 321.5 294.5 382.5 349.3 449.3 411.8 426.1 468.1 454.2 455.3 418.9 404.2 453.1 492.7 494.8 505.3 530.3 533.1 535.5 454.0 567.1 503.8 458.8 618.7 610.5 647.3 663.0
