GSP_annual_reports_SRP_2024_v3/GIS/SRP_2023_Fall_Deep.tif
NCOLS 191
NROWS  209
XLLCORNER 6295515.91401
YLLCORNER 1783415.49397
CELLSIZE 1000.0
NODATA_VALUE -999
[rows 68 to 101 of 209, columns 0 to 75 of 191]
-999.0 -999.0 -999.0 -999.0 -999.0 -999.0 -999.0 -999.0 -999.0 -999.0 95.7 65.3 117.8 84.6 62.4 58.3 59.1 96.4 108.5 127.2 125.1 101.3 85.7 49.7 49.0 48.5 44.4 44.6 45.2 45.3 45.8 45.8 46.0 45.8 44.9 47.4 45.7 56.6 54.5 50.4 50.7 52.2 51.1 50.5 59.7 65.6 66.6 74.5 68.1 84.7 86.5 85.0 92.4 92.6 97.0 96.3 102.2 102.2 98.2 112.5 99.2 105.9 117.2 122.2 128.7 137.8 146.1 141.4 121.4 113.3 150.6 170.9 178.9 185.0 186.4 190.2
-999.0 -999.0 -999.0 -999.0 -999.0 -999.0 -999.0 -999.0 -999.0 -999.0 87.9 73.4 111.0 115.1 102.0 76.0 58.3 101.0 104.3 112.5 120.7 115.1 86.1 98.2 67.8 48.8 44.7 44.7 45.3 45.3 46.9 46.3 45.5 46.0 44.3 45.4 51.0 54.0 57.3 55.7 50.1 48.1 52.1 53.4 58.7 64.1 54.6 66.9 74.5 81.9 71.8 86.2 87.5 90.6 90.4 97.6 95.2 97.4 89.9 92.3 102.0 105.5 113.9 119.9 126.0 137.5 144.8 149.3 130.8 104.4 149.6 173.4 184.2 186.6 190.5 196.2
-999.0 -999.0 -999.0 -999.0 -999.0 -999.0 -999.0 -999.0 -999.0 -999.0 84.8 80.0 91.7 99.2 91.9 63.8 60.8 81.2 98.4 92.4 115.3 109.4 85.5 83.0 56.6 48.0 45.6 45.8 46.9 46.0 47.1 46.9 46.0 45.0 46.3 47.4 52.6 56.3 53.3 50.9 48.7 49.8 54.8 52.6 57.0 60.7 57.6 58.3 67.5 75.7 85.1 82.2 79.4 78.2 84.1 87.3 88.5 88.5 86.7 89.8 117.9 102.5 103.2 101.0 123.0 135.1 143.2 140.5 187.0 140.4 175.8 183.5 190.2 196.3 196.0 200.4
-999.0 -999.0 -999.0 -999.0 -999.0 -999.0 -999.0 -999.0 -999.0 -999.0 124.5 92.3 129.3 117.7 104.5 63.0 63.2 81.4 99.5 84.8 104.5 115.3 91.4 97.2 68.6 48.4 46.2 46.5 46.6 46.9 47.2 47.1 46.8 44.7 45.1 52.1 51.8 52.1 54.2 49.4 50.4 49.5 53.7 54.5 56.5 56.7 60.5 60.1 71.1 72.9 75.3 77.2 77.8 76.0 81.4 84.8 83.4 88.7 86.0 88.8 91.3 95.3 101.1 112.0 124.5 133.4 130.9 148.8 140.5 156.7 206.4 204.1 196.5 201.6 200.9 198.1
-999.0 -999.0 -999.0 -999.0 -999.0 -999.0 -999.0 -999.0 -999.0 -999.0 107.4 123.4 124.9 128.1 113.6 63.5 64.1 84.2 90.2 101.5 106.6 90.7 85.8 86.3 93.2 59.3 46.8 46.5 46.5 54.6 47.1 46.1 45.6 45.2 45.2 51.3 49.4 46.9 51.2 50.6 49.8 53.2 52.4 55.7 58.1 59.0 63.0 65.8 69.5 73.2 75.3 76.6 80.9 84.3 83.9 81.7 80.8 81.5 81.7 84.5 128.3 118.3 100.6 120.2 125.6 134.7 133.6 144.2 234.4 231.2 206.6 209.8 198.1 206.9 198.8 197.9
-999.0 -999.0 -999.0 -999.0 -999.0 -999.0 -999.0 -999.0 -999.0 -999.0 -999.0 118.5 131.3 125.6 107.1 66.2 65.4 64.9 104.6 90.7 103.2 86.1 83.1 82.2 91.5 63.4 46.6 46.7 46.6 46.6 46.9 45.6 44.5 45.8 48.3 51.1 47.0 50.2 50.3 47.6 51.5 52.2 51.7 52.9 54.5 60.5 59.5 63.0 71.7 76.0 75.9 79.4 84.2 84.2 84.6 84.3 81.4 82.2 81.2 87.1 84.4 91.0 95.3 103.1 114.8 133.5 140.9 164.1 190.1 332.5 338.8 270.8 214.8 204.6 198.6 199.3
-999.0 -999.0 -999.0 -999.0 -999.0 -999.0 -999.0 -999.0 -999.0 -999.0 -999.0 103.4 122.2 124.5 99.8 80.3 69.0 63.9 84.6 94.8 105.2 92.5 83.5 81.2 85.4 86.0 76.6 58.4 46.6 46.5 49.7 47.2 44.5 44.7 48.2 49.3 45.9 48.2 47.8 50.1 52.9 52.1 50.3 59.5 53.8 58.4 61.0 60.8 65.4 69.4 70.5 79.7 80.5 82.7 86.3 88.6 86.9 85.9 83.7 88.1 83.8 89.5 93.9 94.4 102.4 125.0 131.8 142.5 180.6 267.0 339.9 320.2 273.9 204.3 190.3 204.0
-999.0 -999.0 -999.0 -999.0 -999.0 -999.0 -999.0 -999.0 -999.0 -999.0 -999.0 143.2 151.2 138.4 102.8 103.1 75.1 67.0 66.0 94.1 91.9 100.7 85.1 84.7 78.3 86.2 69.9 48.0 46.6 46.6 49.0 44.6 40.5 44.3 50.1 49.9 49.5 48.0 49.5 49.7 56.6 53.2 56.1 56.8 57.8 58.6 60.8 63.3 68.0 69.2 71.7 81.0 78.0 80.7 84.4 83.7 85.5 86.4 83.4 87.1 83.8 86.9 92.1 92.5 98.5 127.6 125.1 179.1 222.5 292.2 348.2 311.0 272.2 205.1 192.0 191.3
-999.0 -999.0 -999.0 -999.0 -999.0 -999.0 -999.0 -999.0 -999.0 -999.0 -999.0 165.4 156.1 131.1 104.4 95.8 82.6 72.1 66.8 90.4 87.3 94.0 83.5 89.7 80.5 87.3 75.7 66.9 55.0 48.0 47.6 46.3 50.1 45.7 51.5 50.0 49.5 48.7 46.2 50.1 55.1 52.3 56.4 57.8 57.9 58.3 59.7 62.8 65.5 66.7 72.7 75.1 76.5 82.2 82.6 85.0 84.6 87.3 86.4 86.1 87.3 85.7 91.1 92.0 107.3 128.3 159.6 179.8 201.0 283.9 332.5 323.7 293.7 257.9 205.4 196.8
-999.0 -999.0 -999.0 -999.0 -999.0 -999.0 -999.0 -999.0 -999.0 -999.0 -999.0 -999.0 132.4 123.4 116.5 118.5 104.8 77.7 68.5 99.6 118.0 110.3 81.8 77.2 71.4 73.7 69.5 49.1 74.9 48.0 47.9 45.7 46.4 47.6 51.1 50.0 47.2 49.4 47.1 50.8 51.2 52.1 53.5 52.6 54.4 58.0 60.4 62.9 66.4 69.9 69.2 71.2 76.7 79.3 82.1 82.5 85.9 88.1 86.0 86.2 85.5 89.4 91.1 93.9 113.3 128.0 132.0 159.4 198.0 255.2 334.8 340.8 357.5 316.5 251.3 189.8
-999.0 -999.0 -999.0 -999.0 -999.0 -999.0 -999.0 -999.0 -999.0 -999.0 -999.0 -999.0 -999.0 126.9 139.8 130.3 92.4 104.9 68.0 97.4 82.0 116.6 78.5 76.2 66.6 64.3 90.6 57.6 47.9 48.1 48.6 46.1 46.3 47.5 46.9 49.0 47.8 49.8 48.9 49.9 52.3 50.9 51.8 51.7 52.0 52.9 58.3 75.6 65.6 69.2 70.5 69.9 70.0 75.8 76.9 82.8 83.7 84.9 89.1 92.1 87.8 89.1 90.9 93.1 115.2 118.4 130.5 234.6 229.4 227.2 319.2 321.3 370.4 339.2 324.2 274.1
-999.0 -999.0 -999.0 -999.0 -999.0 -999.0 -999.0 -999.0 -999.0 -999.0 -999.0 -999.0 -999.0 -999.0 151.3 126.6 104.6 102.5 84.1 74.9 89.6 110.1 80.5 80.7 74.9 60.1 82.5 61.8 50.5 48.2 48.5 46.9 47.3 48.0 48.7 50.4 46.4 50.2 48.4 49.8 50.6 48.9 54.0 50.6 50.0 55.3 56.4 62.0 63.6 65.3 64.2 71.9 72.8 71.6 72.9 80.4 78.4 84.3 84.7 92.3 89.9 92.4 95.2 92.5 103.1 111.1 130.0 261.9 315.3 328.0 325.5 328.2 381.0 387.9 399.5 339.5
-999.0 -999.0 -999.0 -999.0 -999.0 -999.0 -999.0 -999.0 -999.0 -999.0 -999.0 -999.0 -999.0 -999.0 -999.0 129.8 124.2 102.3 117.4 78.2 90.4 107.4 87.4 76.3 72.1 54.2 59.5 79.9 53.8 46.6 51.1 46.9 47.2 48.5 47.1 51.8 46.4 47.7 49.0 48.9 50.5 50.4 51.3 52.7 56.9 58.1 59.9 62.0 62.8 65.0 64.3 66.4 70.3 71.7 76.8 78.1 81.6 80.8 85.0 86.9 90.0 93.4 96.3 92.7 94.7 101.9 148.6 253.9 322.5 339.7 315.3 350.0 382.2 324.2 399.7 337.4
-999.0 -999.0 -999.0 -999.0 -999.0 -999.0 -999.0 -999.0 -999.0 -999.0 -999.0 -999.0 -999.0 -999.0 -999.0 159.5 123.7 123.8 113.3 88.5 87.1 81.3 88.9 70.5 65.1 55.0 75.8 64.2 71.4 56.7 50.4 47.9 48.0 48.0 45.7 45.1 45.8 48.1 60.8 50.4 51.9 49.4 56.7 57.2 57.1 58.7 58.4 59.5 64.2 63.0 62.7 64.4 65.2 67.0 69.2 76.9 73.1 83.8 87.4 89.0 92.1 96.4 97.1 93.5 90.7 108.3 150.5 304.5 323.0 366.6 344.2 367.9 364.2 328.3 415.6 450.9
-999.0 -999.0 -999.0 -999.0 -999.0 -999.0 -999.0 -999.0 -999.0 -999.0 -999.0 -999.0 -999.0 -999.0 -999.0 130.9 118.9 126.4 96.1 89.1 85.6 82.2 80.9 79.4 64.8 60.4 68.6 66.4 64.5 50.3 50.3 48.6 49.4 48.3 45.0 44.0 45.9 49.1 49.9 47.8 52.0 51.2 50.7 53.0 51.6 55.2 56.2 56.3 58.9 61.8 61.6 63.5 61.8 66.4 69.0 70.5 71.7 84.3 83.5 87.1 87.7 94.6 93.0 91.7 84.8 92.5 162.8 312.2 422.9 345.7 367.1 326.0 353.6 337.3 372.7 403.9
-999.0 -999.0 -999.0 -999.0 -999.0 -999.0 -999.0 -999.0 -999.0 -999.0 -999.0 -999.0 -999.0 -999.0 -999.0 111.4 101.1 110.1 105.7 138.3 128.8 96.4 83.8 95.3 75.1 62.5 64.1 77.8 59.9 50.5 50.3 51.2 51.0 48.0 45.2 43.9 42.9 47.1 48.1 49.3 49.9 52.7 51.3 52.2 54.9 55.6 55.5 55.1 58.2 58.0 58.1 60.4 62.2 67.1 67.8 68.4 71.1 77.1 86.1 85.2 84.1 92.2 92.4 88.6 83.2 90.6 125.3 285.0 423.3 357.1 361.7 397.6 405.8 377.1 373.8 391.3
-999.0 -999.0 -999.0 -999.0 -999.0 -999.0 -999.0 -999.0 -999.0 -999.0 -999.0 -999.0 -999.0 -999.0 -999.0 140.9 113.8 106.7 137.5 128.9 136.4 103.2 86.7 76.6 82.8 76.2 94.7 70.9 63.4 96.0 50.4 50.7 49.0 48.2 45.1 42.8 43.1 47.0 48.0 48.4 50.4 49.9 51.3 51.5 53.2 47.2 51.0 54.4 55.4 54.4 59.1 59.9 61.3 61.5 63.0 65.9 67.1 72.1 72.2 79.6 86.0 87.9 87.7 80.8 83.3 91.1 126.3 192.1 330.2 406.5 415.7 336.2 392.9 414.8 386.6 394.2
-999.0 -999.0 -999.0 -999.0 -999.0 -999.0 -999.0 -999.0 -999.0 -999.0 -999.0 -999.0 -999.0 -999.0 -999.0 113.2 116.5 109.7 123.3 125.1 129.6 118.4 92.6 87.5 99.0 107.0 82.0 95.1 59.9 88.0 77.6 50.3 49.3 48.8 46.8 41.7 47.2 47.4 47.7 50.0 47.8 49.3 49.3 49.9 51.6 53.2 49.1 51.8 54.2 56.6 56.2 58.1 59.3 58.8 61.0 64.8 66.3 69.3 73.9 77.9 79.4 85.0 82.6 78.2 82.2 84.7 116.8 175.3 282.2 342.9 409.8 429.0 361.4 404.1 393.5 387.1
-999.0 -999.0 -999.0 -999.0 -999.0 -999.0 -999.0 -999.0 -999.0 -999.0 -999.0 -999.0 -999.0 -999.0 -999.0 -999.0 137.3 151.6 137.7 127.2 131.8 119.6 91.6 89.9 94.2 110.5 81.3 77.9 99.0 102.8 76.8 56.0 50.2 49.0 50.8 40.7 43.2 47.0 48.3 47.4 46.5 50.0 49.6 48.1 50.5 48.5 46.1 47.1 48.1 50.3 53.7 54.3 56.2 55.0 60.4 61.7 62.9 66.2 68.3 73.2 72.1 75.5 75.6 74.7 79.0 87.2 117.8 144.6 231.9 289.8 319.0 352.7 386.2 438.5 421.7 414.5
-999.0 -999.0 -999.0 -999.0 -999.0 -999.0 -999.0 -999.0 -999.0 -999.0 -999.0 -999.0 -999.0 -999.0 -999.0 -999.0 158.5 244.1 249.1 174.3 148.6 134.4 110.4 91.0 80.3 110.6 93.9 124.3 120.6 89.7 127.4 96.7 57.8 54.1 50.6 40.0 42.0 47.3 51.0 48.8 45.9 48.0 46.6 48.7 48.1 48.0 50.8 47.2 48.2 49.6 52.3 52.0 50.1 51.9 56.5 61.8 60.8 61.4 67.7 66.9 70.4 71.2 72.4 71.9 77.6 86.3 99.3 120.6 192.2 306.7 322.0 353.5 393.8 396.6 441.4 436.8
-999.0 -999.0 -999.0 -999.0 -999.0 -999.0 -999.0 -999.0 -999.0 -999.0 -999.0 -999.0 -999.0 -999.0 -999.0 -999.0 154.9 245.1 297.9 264.3 157.0 149.9 114.0 90.3 89.9 113.2 113.4 107.3 90.2 90.6 94.1 69.1 56.3 56.4 62.3 39.0 43.0 47.0 47.5 48.4 46.6 47.3 47.0 48.5 50.1 49.0 45.9 43.8 44.0 47.3 51.8 47.7 48.8 49.9 57.3 57.8 57.7 60.1 60.7 62.4 65.8 65.0 68.0 70.1 75.4 69.3 86.4 79.6 142.0 266.5 318.9 342.8 358.7 325.9 364.9 382.0
-999.0 -999.0 -999.0 -999.0 -999.0 -999.0 -999.0 -999.0 -999.0 -999.0 -999.0 -999.0 -999.0 -999.0 -999.0 -999.0 153.4 155.3 292.4 269.3 232.9 152.6 133.4 96.1 98.8 119.5 129.0 125.7 128.4 122.8 98.7 88.5 67.1 54.4 56.8 44.5 46.6 48.3 48.3 49.4 47.6 46.4 47.8 42.8 45.6 43.5 48.5 45.9 41.9 42.9 46.3 38.2 41.5 43.1 45.6 51.4 51.8 54.0 54.3 61.7 59.4 63.8 60.9 63.0 65.3 65.9 68.5 69.6 99.6 171.3 244.9 420.1 347.0 345.0 379.9 381.3
-999.0 -999.0 -999.0 -999.0 -999.0 -999.0 -999.0 -999.0 -999.0 -999.0 -999.0 -999.0 -999.0 -999.0 -999.0 -999.0 209.3 253.7 282.3 160.6 168.0 159.3 120.4 90.7 88.4 117.1 126.0 141.2 158.8 125.7 99.2 81.7 54.3 54.5 53.7 52.7 40.2 47.9 48.4 52.6 50.5 47.4 46.6 46.6 44.3 42.7 48.5 40.2 37.9 37.9 38.4 40.7 35.6 37.6 41.7 44.6 45.2 45.2 46.5 52.4 53.1 59.0 56.5 57.7 59.1 56.4 66.3 65.9 70.6 120.6 220.5 248.1 435.8 421.4 434.3 445.8
-999.0 -999.0 -999.0 -999.0 -999.0 -999.0 -999.0 -999.0 -999.0 -999.0 -999.0 -999.0 -999.0 -999.0 -999.0 -999.0 209.5 311.0 311.0 173.4 144.7 137.8 109.8 95.2 90.4 130.6 149.2 158.6 152.3 123.4 90.6 68.7 69.2 71.1 58.2 55.0 52.4 50.4 49.8 48.4 51.3 47.9 46.7 50.0 46.2 41.3 39.9 39.9 39.6 44.1 39.0 28.5 25.5 31.2 36.0 36.7 39.8 35.9 39.7 42.6 47.8 48.8 46.0 50.6 55.0 53.2 61.0 61.4 57.3 57.5 87.2 207.2 262.1 374.0 438.7 447.1
-999.0 -999.0 -999.0 -999.0 -999.0 -999.0 -999.0 -999.0 -999.0 -999.0 -999.0 -999.0 -999.0 -999.0 -999.0 -999.0 190.3 353.0 299.4 171.1 132.4 112.1 105.9 133.2 128.7 101.5 130.8 160.4 146.8 114.2 93.4 107.0 97.9 103.2 79.8 74.7 55.3 49.4 64.7 62.2 52.0 50.4 52.8 51.9 46.9 42.8 39.4 39.7 47.7 37.3 40.0 34.2 27.2 31.4 30.0 35.1 37.4 34.6 39.5 41.2 47.0 47.0 46.9 50.8 53.2 55.3 61.2 58.8 58.1 58.8 66.7 129.4 203.4 223.7 327.0 348.2
-999.0 -999.0 -999.0 -999.0 -999.0 -999.0 -999.0 -999.0 -999.0 -999.0 -999.0 -999.0 -999.0 -999.0 -999.0 172.3 313.8 249.2 242.6 169.0 140.0 105.7 137.5 130.4 131.7 125.4 145.3 162.7 122.4 132.1 127.9 112.0 121.1 107.4 105.4 74.2 70.6 56.6 57.8 62.2 61.5 56.8 54.1 59.7 60.5 52.8 44.4 40.3 41.7 37.1 41.2 34.9 40.3 32.2 32.7 30.1 33.9 33.0 38.7 38.5 51.1 48.2 47.4 52.4 54.2 55.0 60.5 58.2 57.2 58.6 64.6 89.4 104.9 170.9 246.6 252.5
-999.0 -999.0 -999.0 -999.0 -999.0 -999.0 -999.0 -999.0 -999.0 -999.0 -999.0 -999.0 -999.0 -999.0 -999.0 168.9 331.9 278.6 161.9 177.8 157.7 114.8 160.2 188.4 153.4 132.0 133.4 167.5 139.5 93.2 125.3 125.7 113.7 108.7 104.6 107.7 101.6 87.3 50.8 65.2 54.6 57.8 54.8 68.1 64.8 59.4 51.0 47.7 48.6 46.5 38.7 35.2 33.6 34.2 33.3 36.0 31.2 32.3 37.1 50.5 41.5 48.9 45.1 51.6 56.3 56.2 61.2 58.5 59.4 54.0 53.2 53.5 76.3 130.8 173.6 216.9
-999.0 -999.0 -999.0 -999.0 -999.0 -999.0 -999.0 -999.0 -999.0 -999.0 -999.0 -999.0 -999.0 -999.0 153.7 280.2 293.6 185.6 133.2 134.5 123.4 139.1 192.0 259.9 203.4 150.9 137.6 158.5 162.9 167.8 131.5 140.7 111.0 110.6 106.2 102.4 103.7 82.4 60.0 68.0 66.5 60.1 52.6 67.9 69.0 65.2 47.9 44.1 40.7 41.9 38.1 39.1 34.9 36.7 37.3 35.9 34.1 33.1 41.6 37.3 41.9 44.6 50.4 53.5 54.5 59.2 63.8 61.0 60.0 56.6 55.1 47.0 63.0 119.8 173.4 190.8
-999.0 -999.0 -999.0 -999.0 -999.0 -999.0 -999.0 -999.0 -999.0 -999.0 -999.0 -999.0 -999.0 -999.0 392.3 385.0 237.0 300.3 198.1 142.7 253.3 144.7 197.0 270.2 274.2 199.9 159.0 163.4 171.6 173.5 164.0 153.7 113.6 106.5 107.2 103.8 105.2 83.3 53.2 63.9 57.1 76.4 67.5 54.4 57.2 47.5 46.3 48.2 42.5 42.2 35.6 36.5 34.1 36.9 35.6 33.8 40.1 34.3 37.3 36.4 43.2 47.2 50.5 52.2 55.1 56.9 63.6 60.7 61.9 56.4 59.9 56.7 53.3 66.3 143.1 178.1
-999.0 -999.0 -999.0 -999.0 -999.0 -999.0 -999.0 -999.0 -999.0 -999.0 -999.0 -999.0 -999.0 300.0 386.1 381.3 359.5 315.9 178.8 296.2 268.1 186.4 162.5 227.9 308.6 248.6 196.6 216.4 185.5 187.8 167.7 132.8 127.0 94.4 91.6 99.4 109.3 111.0 62.4 56.4 57.3 60.9 64.0 68.8 56.0 59.6 55.8 52.0 45.1 40.8 36.9 34.8 33.0 33.4 39.4 41.5 32.7 32.6 43.3 42.3 44.4 47.6 52.1 51.1 54.7 54.5 58.7 61.7 55.1 55.8 66.3 55.9 54.8 61.3 103.5 138.3
-999.0 -999.0 -999.0 -999.0 -999.0 -999.0 -999.0 -999.0 -999.0 -999.0 -999.0 -999.0 -999.0 251.0 394.5 386.7 384.2 298.4 219.6 310.7 308.2 206.7 166.9 328.7 361.5 165.2 150.1 174.1 217.1 171.5 153.2 160.5 143.6 129.5 122.9 110.0 65.6 63.9 61.2 55.9 68.3 78.4 58.6 59.0 67.1 63.2 68.7 86.9 50.4 42.7 47.8 37.1 31.8 36.0 34.1 37.9 31.3 31.3 38.7 40.6 43.4 49.6 49.4 51.1 51.7 54.3 59.6 59.0 53.4 58.2 61.8 57.7 51.9 64.0 69.8 103.6
-999.0 -999.0 -999.0 -999.0 -999.0 -999.0 -999.0 -999.0 -999.0 -999.0 -999.0 -999.0 -999.0 236.7 299.6 379.6 368.9 288.8 302.4 346.0 313.7 162.4 242.5 387.6 367.3 201.6 161.3 158.4 179.7 175.7 159.5 150.8 151.0 137.2 103.0 103.4 94.8 55.5 59.6 100.6 107.1 75.0 59.4 52.4 55.0 64.5 72.7 74.9 48.9 41.4 36.8 34.9 33.3 38.2 29.0 24.5 25.0 30.1 35.1 39.6 42.5 46.9 50.0 50.9 53.7 54.5 59.2 59.6 53.4 60.1 62.7 62.5 52.2 64.8 63.8 103.3
-999.0 -999.0 -999.0 -999.0 -999.0 -999.0 -999.0 -999.0 -999.0 -999.0 -999.0 -999.0 -999.0 322.9 327.9 317.5 387.5 311.6 365.2 374.2 294.1 162.3 368.6 395.0 265.5 161.7 122.4 135.8 173.3 184.8 155.1 135.6 159.2 150.0 126.5 71.6 56.3 53.7 107.5 110.7 124.5 81.8 61.6 56.5 52.2 52.4 89.7 92.8 56.4 40.8 48.2 35.3 31.4 30.6 37.9 25.7 21.0 19.6 28.8 30.6 39.2 41.0 48.2 48.5 52.0 54.4 59.3 57.7 56.5 58.3 60.2 58.7 54.0 63.6 65.1 99.7
-999.0 -999.0 -999.0 -999.0 -999.0 -999.0 -999.0 -999.0 -999.0 -999.0 -999.0 -999.0 -999.0 373.7 390.3 415.7 411.6 418.3 414.6 394.8 331.1 298.6 389.6 385.5 195.8 252.5 166.6 129.0 126.4 141.9 136.2 133.5 131.4 121.5 71.4 65.2 109.2 94.4 80.5 104.9 113.9 112.5 112.6 76.8 65.7 48.1 55.4 110.8 68.4 52.4 40.7 36.4 35.3 34.2 45.8 28.1 25.0 30.5 34.4 31.1 37.8 43.8 43.2 46.6 53.8 57.5 59.3 60.0 54.7 57.0 64.8 65.2 57.0 63.6 68.4 84.5
