GSP_annual_reports_SRP_2024_v3/GIS/SRP_2023_Spring_Deep.tif
NCOLS 191
NROWS  209
XLLCORNER 6295515.91401
YLLCORNER 1783415.49397
CELLSIZE 1000.0
NODATA_VALUE -999
[rows 68 to 101 of 209, columns 76 to 151 of 191]
203.5 221.3 245.9 269.6 294.0 336.2 528.7 516.4 430.7 445.9 463.2 458.0 399.7 388.8 356.5 362.4 369.7 371.5 368.6 388.7 415.6 459.6 445.3 494.2 502.2 490.4 473.9 467.4 472.1 561.4 576.6 596.6 757.1 661.7 579.2 578.1 628.8 622.2 628.7 658.1 751.1 833.6 890.3 968.5 961.6 969.9 1009.2 914.9 885.9 922.8 951.7 1111.3 1029.1 1034.2 1066.7 1024.0 989.8 881.2 849.8 852.0 724.1 716.9 643.6 -999.0 -999.0 -999.0 -999.0 -999.0 -999.0 -999.0 -999.0 -999.0 -999.0 -999.0 -999.0 -999.0
207.2 229.0 240.2 262.7 284.7 346.8 542.2 446.0 443.2 523.1 495.0 474.6 486.5 408.6 426.9 362.0 367.3 372.1 379.4 375.0 394.7 403.6 437.3 467.4 485.5 486.5 492.3 493.0 516.0 467.2 477.6 542.9 571.3 634.9 461.9 596.5 513.1 639.6 624.1 585.1 677.3 819.3 877.3 888.9 901.3 908.3 942.1 918.5 915.2 947.1 998.9 1033.4 961.3 1010.5 996.9 1068.1 1110.0 1079.0 992.0 906.2 841.9 718.5 -999.0 -999.0 -999.0 -999.0 -999.0 -999.0 -999.0 -999.0 -999.0 -999.0 -999.0 -999.0 -999.0 -999.0
206.5 217.2 260.7 291.6 308.5 342.2 526.3 436.9 488.6 507.4 521.1 525.0 534.3 468.5 420.3 400.4 362.9 373.0 377.5 374.5 388.3 404.0 419.8 439.3 448.0 457.8 449.8 447.5 476.0 480.7 481.6 490.6 465.8 444.2 478.5 626.5 603.1 823.0 861.4 749.4 659.2 734.2 813.7 872.5 872.1 888.0 915.6 924.1 928.0 945.5 962.7 968.5 945.6 910.3 947.9 1023.8 1078.3 1035.1 1052.8 1036.3 1000.5 919.7 -999.0 -999.0 -999.0 -999.0 -999.0 -999.0 -999.0 -999.0 -999.0 -999.0 -999.0 -999.0 -999.0 -999.0
207.3 221.7 307.6 337.8 332.6 334.5 506.2 495.3 503.5 459.8 508.9 561.1 570.4 513.8 458.0 411.0 411.0 416.5 392.2 373.6 372.9 389.2 409.6 418.5 429.4 428.9 425.8 422.3 429.5 448.0 452.7 437.6 434.0 455.1 516.9 604.2 787.2 929.8 996.2 929.1 827.2 843.3 820.9 818.8 835.9 881.3 855.8 930.9 964.4 1073.4 958.1 907.9 898.4 899.6 907.1 899.9 939.2 1013.1 1034.9 1059.1 1054.3 -999.0 -999.0 -999.0 -999.0 -999.0 -999.0 -999.0 -999.0 -999.0 -999.0 -999.0 -999.0 -999.0 -999.0 -999.0
206.8 244.4 315.1 342.4 316.1 340.3 367.8 557.9 512.4 466.9 497.6 574.7 579.8 553.2 519.9 452.0 406.8 420.6 427.3 419.4 381.7 396.9 399.5 411.7 415.3 415.3 414.4 412.0 409.5 408.5 386.3 382.2 440.9 442.9 482.4 639.9 842.5 909.2 867.8 830.8 875.1 1092.0 989.7 903.7 815.0 919.5 937.6 1057.6 1053.6 1052.7 932.3 897.4 807.3 753.8 811.3 894.1 855.0 940.4 964.8 1090.1 1075.0 -999.0 -999.0 -999.0 -999.0 -999.0 -999.0 -999.0 -999.0 -999.0 -999.0 -999.0 -999.0 -999.0 -999.0 -999.0
210.4 242.5 308.8 346.5 330.0 325.0 344.8 467.4 506.7 467.3 522.2 600.2 593.4 567.8 561.4 527.7 466.2 447.0 443.4 430.1 476.4 399.0 401.6 411.1 406.7 401.6 399.8 395.9 395.6 381.4 379.0 374.1 437.5 459.8 457.9 590.0 601.5 675.2 680.9 772.8 895.1 979.6 1022.3 1028.5 921.7 889.9 967.2 1062.2 1051.7 1021.9 927.2 900.1 876.1 831.9 782.1 799.3 867.6 901.6 915.7 935.0 926.6 -999.0 -999.0 -999.0 -999.0 -999.0 -999.0 -999.0 -999.0 -999.0 -999.0 -999.0 -999.0 -999.0 -999.0 -999.0
211.0 232.0 261.2 341.6 344.6 368.1 314.6 482.3 500.5 501.4 503.4 559.4 583.1 632.5 699.7 607.2 540.5 541.8 509.4 478.3 464.9 465.2 406.4 401.2 395.6 391.6 391.0 387.6 389.0 378.1 369.5 369.2 374.1 394.7 430.0 605.0 627.0 572.5 627.9 864.4 905.3 967.7 1036.2 1041.8 999.7 942.7 937.9 1025.8 1040.6 1063.5 900.8 875.2 804.0 775.1 756.0 769.6 903.4 895.5 885.9 859.9 898.2 -999.0 -999.0 -999.0 -999.0 -999.0 -999.0 -999.0 -999.0 -999.0 -999.0 -999.0 -999.0 -999.0 -999.0 -999.0
231.8 235.4 261.1 349.7 345.7 538.4 545.4 463.0 526.5 600.3 583.2 640.8 623.6 570.7 722.8 617.7 538.5 546.3 523.6 497.9 471.7 471.2 405.9 403.2 399.4 387.3 392.3 390.8 386.8 375.4 368.8 367.9 361.1 366.5 463.9 489.1 536.4 474.2 663.1 806.6 854.0 915.9 945.9 944.1 916.7 966.9 1041.6 1034.2 1002.6 905.1 886.9 730.9 781.6 802.6 766.3 726.0 774.0 798.2 767.0 890.8 873.2 866.5 -999.0 -999.0 -999.0 -999.0 -999.0 -999.0 -999.0 -999.0 -999.0 -999.0 -999.0 -999.0 -999.0 -999.0
233.6 243.6 286.5 355.2 417.4 568.8 575.2 559.0 538.2 625.0 657.7 665.2 702.8 730.3 717.1 715.1 706.3 552.5 552.4 500.6 493.4 450.3 465.0 401.0 381.0 376.9 383.6 376.9 377.2 377.1 375.2 371.0 369.4 367.2 450.7 456.4 469.2 443.0 562.7 666.9 821.9 822.9 846.3 879.2 922.6 944.6 1021.8 1034.2 1083.4 938.7 879.4 837.3 812.0 821.4 700.2 714.3 830.4 819.9 767.8 858.2 880.4 879.3 752.0 -999.0 -999.0 -999.0 -999.0 -999.0 -999.0 -999.0 -999.0 -999.0 -999.0 -999.0 -999.0 -999.0
229.0 237.2 274.6 345.2 355.0 546.7 571.5 601.2 573.5 691.2 693.6 707.4 733.9 756.8 737.5 680.4 687.9 672.1 532.3 465.9 498.8 499.4 455.3 449.0 485.5 384.3 382.5 373.7 379.0 375.0 374.8 372.2 365.4 362.0 377.2 435.9 501.1 586.0 570.4 602.0 721.4 744.4 828.1 848.3 884.0 981.4 941.6 871.3 928.6 1028.8 899.6 870.4 878.6 803.2 783.7 627.5 711.1 720.8 793.8 803.8 733.4 860.0 824.8 755.3 -999.0 -999.0 -999.0 -999.0 -999.0 -999.0 -999.0 -999.0 -999.0 -999.0 -999.0 -999.0
264.3 242.1 259.6 319.7 368.4 370.4 423.8 433.8 594.7 625.7 735.1 756.6 732.7 749.7 757.6 719.5 706.9 610.8 528.8 598.0 608.4 570.2 483.6 454.1 484.1 476.1 486.8 414.5 445.6 454.7 369.8 369.2 364.5 362.0 364.4 367.6 423.6 526.8 644.5 692.4 708.7 692.1 830.8 839.6 867.5 925.6 801.0 862.3 878.7 908.7 1064.4 900.2 877.0 881.7 803.1 775.7 605.8 615.9 740.8 743.3 736.0 758.2 757.6 841.4 -999.0 -999.0 -999.0 -999.0 -999.0 -999.0 -999.0 -999.0 -999.0 -999.0 -999.0 -999.0
332.4 273.8 255.8 286.1 321.0 359.6 402.3 558.1 581.2 664.4 792.8 859.0 755.4 739.1 746.8 738.0 669.6 623.7 656.2 686.2 687.9 700.2 529.6 522.8 469.0 452.4 471.3 461.9 490.8 482.9 413.6 367.0 362.5 363.2 369.1 365.2 437.9 446.3 534.6 590.8 673.5 743.5 709.3 821.9 858.3 798.8 763.6 757.3 868.0 876.8 899.4 982.5 984.7 878.0 798.8 817.6 662.2 625.6 556.1 559.1 713.9 639.4 811.5 808.5 854.3 -999.0 -999.0 -999.0 -999.0 -999.0 -999.0 -999.0 -999.0 -999.0 -999.0 -999.0
349.2 346.4 256.3 314.0 352.0 333.5 364.8 576.0 600.5 579.8 647.2 731.1 761.5 769.1 757.0 755.5 720.5 667.6 623.2 669.5 710.1 640.0 533.8 570.0 508.0 467.2 446.1 484.6 453.6 421.8 417.8 370.4 364.2 359.6 364.0 365.3 484.4 468.5 483.0 594.4 566.2 641.3 783.1 820.5 854.4 831.2 671.4 695.6 859.4 872.9 863.5 984.0 893.9 895.2 878.8 766.0 815.6 779.1 712.3 578.4 520.1 681.8 676.8 805.1 786.5 -999.0 -999.0 -999.0 -999.0 -999.0 -999.0 -999.0 -999.0 -999.0 -999.0 -999.0
361.9 348.3 280.6 336.8 373.0 361.7 371.3 393.9 496.4 623.7 624.5 685.3 753.2 705.9 766.9 774.5 751.9 667.8 635.9 639.3 616.9 597.8 489.2 467.9 446.0 436.9 450.5 440.0 478.0 470.6 439.3 414.6 363.3 363.3 363.7 360.5 481.0 482.9 465.0 555.7 622.3 708.9 722.7 689.3 782.9 653.5 679.5 669.1 744.0 825.1 818.1 820.9 820.7 847.6 862.8 870.3 830.9 802.5 807.7 712.9 674.7 603.6 516.5 733.2 745.5 -999.0 -999.0 -999.0 -999.0 -999.0 -999.0 -999.0 -999.0 -999.0 -999.0 -999.0
480.6 375.1 359.5 326.4 376.9 361.1 330.3 375.3 400.4 421.1 594.2 613.3 619.8 730.7 668.0 775.8 745.4 701.4 682.3 630.8 576.7 485.2 460.1 504.9 442.1 454.7 463.9 444.7 445.1 498.9 451.1 475.9 358.2 369.8 362.6 362.7 360.1 472.3 475.4 534.8 599.8 599.0 722.1 714.6 695.4 672.6 722.3 682.3 734.2 758.6 765.6 780.9 861.8 796.1 860.1 817.3 866.5 877.1 824.0 819.5 807.3 801.7 762.8 510.2 500.4 633.4 -999.0 -999.0 -999.0 -999.0 -999.0 -999.0 -999.0 -999.0 -999.0 -999.0
473.5 437.4 373.0 357.8 334.0 351.1 332.9 364.8 386.9 416.5 430.9 465.2 591.8 511.2 582.5 675.3 780.9 737.3 697.8 609.6 597.7 586.8 555.3 437.0 448.1 465.9 438.3 447.7 435.6 446.6 409.9 341.2 438.0 451.7 481.2 360.4 360.7 389.2 460.9 506.7 543.9 513.6 642.0 674.6 677.5 500.4 515.7 757.0 687.9 775.3 837.1 778.0 760.8 885.7 888.1 899.4 907.5 910.9 848.3 822.8 800.1 767.5 687.2 575.9 726.4 819.9 565.6 -999.0 -999.0 -999.0 -999.0 -999.0 -999.0 -999.0 -999.0 -999.0
467.8 471.8 381.7 377.9 375.3 349.1 317.7 339.8 367.6 389.0 452.7 446.2 454.1 456.9 466.4 604.7 708.4 751.3 718.5 593.7 602.0 577.9 531.9 444.5 455.9 457.7 426.0 396.7 370.2 429.5 411.2 359.6 361.2 473.7 472.9 398.1 360.1 362.6 449.3 481.0 487.7 497.2 498.8 541.7 485.2 613.7 734.3 762.2 828.6 867.5 895.0 862.1 858.5 909.3 930.2 945.9 941.4 904.3 859.4 866.8 772.1 777.2 735.5 632.3 819.7 742.8 739.4 600.5 -999.0 -999.0 -999.0 -999.0 -999.0 -999.0 -999.0 -999.0
474.6 485.5 485.3 439.9 384.7 372.6 378.3 322.2 404.8 393.8 409.3 481.6 460.8 468.7 479.4 515.0 689.5 678.9 698.2 633.1 613.1 571.4 525.5 441.7 456.7 428.8 386.2 373.6 358.0 441.7 461.7 360.4 360.1 462.0 377.6 456.6 355.1 363.9 443.2 451.4 455.6 474.6 487.8 493.3 492.3 619.2 732.3 759.0 756.5 841.4 879.7 900.7 932.5 996.2 986.4 1045.8 936.7 878.5 878.8 869.8 836.5 811.0 695.3 770.8 747.8 816.9 776.0 727.1 753.6 -999.0 -999.0 -999.0 -999.0 -999.0 -999.0 -999.0
415.7 467.7 482.3 502.4 416.3 385.2 386.0 427.9 364.5 387.9 415.9 479.8 509.2 469.3 477.4 479.8 640.1 712.9 690.9 651.9 624.2 557.1 478.5 478.6 457.3 455.6 450.2 364.1 359.1 379.8 462.2 433.8 365.0 390.4 386.0 376.3 357.5 354.2 434.5 434.9 449.8 465.6 462.6 499.9 528.5 498.6 675.8 695.5 702.7 683.8 849.0 902.0 986.8 1075.4 1017.5 1057.8 1042.3 894.0 872.3 881.0 878.9 803.2 753.1 766.8 798.5 822.2 729.9 746.1 516.0 493.7 -999.0 -999.0 -999.0 -999.0 -999.0 -999.0
459.7 437.7 488.4 523.2 487.6 447.1 411.3 407.4 403.2 378.4 397.1 410.3 436.7 448.1 483.7 577.1 501.8 721.6 714.4 666.1 638.3 544.8 488.7 467.2 464.8 440.1 440.8 358.7 361.8 373.1 377.4 352.4 358.0 405.2 471.0 418.7 358.3 350.5 419.3 420.6 437.0 448.5 463.1 502.5 508.5 581.4 746.4 813.8 746.7 852.4 880.2 901.2 919.6 1057.9 957.2 1067.1 1017.7 981.3 876.8 860.5 871.4 845.9 731.2 814.1 831.6 802.0 761.1 762.8 756.2 498.0 574.1 -999.0 -999.0 -999.0 -999.0 -999.0
421.0 441.5 491.1 529.5 531.8 521.5 460.7 456.8 478.7 414.0 461.8 478.4 495.1 504.4 476.2 484.2 594.1 574.7 717.3 703.2 561.0 545.3 526.0 495.2 463.5 434.9 358.5 365.0 356.7 359.4 367.4 376.5 340.2 474.8 472.5 409.9 371.1 351.0 339.3 413.0 422.8 427.4 470.6 477.7 503.8 507.3 624.6 712.3 744.2 819.7 848.3 851.7 886.1 959.5 908.0 931.0 1083.7 1029.2 1006.7 1009.2 854.8 905.3 863.7 868.5 869.2 847.6 803.0 806.9 724.3 722.9 812.9 -999.0 -999.0 -999.0 -999.0 -999.0
403.1 420.0 485.9 527.8 555.4 531.8 491.8 455.8 478.7 437.6 488.2 481.8 506.4 516.0 515.3 503.7 510.4 575.9 629.4 667.3 560.2 541.8 569.1 496.6 475.7 470.8 469.1 365.5 388.2 356.1 354.0 352.8 368.3 478.4 454.8 493.3 386.5 432.6 341.8 416.8 401.9 401.0 455.2 462.3 467.5 502.9 623.4 750.1 757.6 805.5 826.1 767.8 780.5 878.2 849.2 981.2 1062.8 1034.6 1017.5 1036.9 1031.0 979.7 945.9 881.2 971.7 879.1 882.4 794.7 730.3 732.4 854.4 -999.0 -999.0 -999.0 -999.0 -999.0
456.9 446.6 486.8 515.4 516.3 527.3 552.5 503.0 461.8 442.0 473.1 498.5 500.7 496.1 506.6 483.5 499.6 502.8 535.5 652.7 587.0 595.4 625.3 541.6 480.8 469.6 451.0 387.5 369.6 362.2 348.0 329.3 358.0 402.3 469.6 468.8 373.8 470.9 345.5 337.8 365.7 381.5 397.4 444.0 457.7 525.8 693.0 665.8 739.9 822.8 699.3 784.5 626.6 810.3 890.4 907.5 1033.9 1056.8 1013.6 1014.9 1036.1 1031.4 1020.8 1039.5 999.6 870.8 877.8 763.8 789.7 673.1 781.1 615.4 -999.0 -999.0 -999.0 -999.0
474.9 476.0 489.6 510.2 518.4 550.4 503.7 504.3 474.2 488.0 481.9 485.9 510.0 508.3 527.5 512.4 496.0 512.1 575.5 659.0 665.6 706.5 606.8 507.7 475.9 477.0 467.5 470.2 408.9 357.9 394.8 313.2 334.8 425.1 426.8 481.7 389.5 369.1 356.1 306.7 296.0 382.2 383.6 403.1 449.8 484.7 564.8 699.5 698.7 656.0 652.8 870.6 860.7 825.4 878.8 902.2 1025.7 1013.9 1015.4 1031.2 1025.0 1000.3 1032.1 1009.3 961.2 845.9 857.7 808.7 776.1 792.4 636.0 701.6 -999.0 -999.0 -999.0 -999.0
381.3 344.1 474.3 520.2 548.9 557.2 516.2 509.5 502.5 480.6 482.6 477.7 518.0 532.5 547.3 547.2 544.0 511.6 601.3 682.1 755.4 726.4 684.6 570.9 500.0 510.8 503.6 480.2 489.1 428.9 363.8 310.4 347.8 391.3 417.8 408.0 393.0 345.1 437.5 350.0 271.7 356.8 367.9 386.9 435.6 443.3 492.3 684.0 661.2 670.3 714.9 913.3 987.0 869.0 993.9 1039.0 1033.3 1022.8 1035.6 1018.0 1030.2 1027.0 1011.8 1008.8 1062.5 1075.1 860.1 862.0 781.4 795.8 793.7 823.6 -999.0 -999.0 -999.0 -999.0
340.4 343.5 391.7 407.1 522.7 564.8 570.5 501.2 499.9 502.2 496.8 486.5 498.2 537.2 552.4 585.5 579.8 506.7 536.8 584.7 594.6 740.4 724.1 613.0 564.1 574.6 556.1 500.8 481.7 428.8 371.6 353.8 292.7 346.5 431.2 375.6 286.3 377.5 489.8 363.6 277.8 357.0 359.9 378.1 440.4 472.9 513.6 658.6 602.7 624.4 773.4 879.2 1008.7 987.5 992.6 1063.5 1017.8 1035.9 1022.5 1027.1 1022.1 1036.5 1018.7 1024.6 1000.1 1007.5 878.6 893.0 867.4 764.8 793.2 872.1 -999.0 -999.0 -999.0 -999.0
226.9 258.0 305.4 350.9 455.4 497.3 519.7 489.1 487.6 471.8 528.7 480.8 544.0 556.0 565.9 600.6 592.8 602.1 557.9 589.2 608.1 591.5 731.5 704.7 642.4 627.1 601.8 564.6 490.9 485.7 364.5 362.2 307.1 294.0 333.3 305.9 263.8 400.1 488.7 348.1 265.4 291.8 371.7 385.9 430.1 442.2 438.6 517.2 493.8 613.8 812.7 889.3 1047.3 1062.3 1004.7 1064.5 1037.2 1029.6 1024.1 1041.4 1033.1 1022.0 1028.6 1037.0 1027.4 1017.6 1033.8 982.5 907.1 864.5 856.7 882.0 898.5 -999.0 -999.0 -999.0
223.7 239.7 278.3 353.3 359.5 362.5 445.2 495.4 511.6 599.9 651.0 490.5 563.7 735.6 733.3 602.4 607.0 615.0 611.2 585.3 591.8 602.5 744.5 733.4 725.4 646.1 635.4 578.4 503.8 483.3 432.0 349.5 394.6 363.5 298.8 287.1 359.4 368.5 351.5 264.8 292.4 299.4 299.4 381.0 409.4 444.4 450.3 439.7 572.7 700.9 804.6 889.8 994.6 1068.6 994.1 1083.6 1030.4 1042.8 1037.7 1032.6 1033.0 1037.9 1032.2 1033.7 1024.1 1019.9 1016.8 1063.2 997.6 905.0 902.3 868.9 876.5 884.9 -999.0 -999.0
200.0 212.9 239.3 294.8 355.6 363.5 436.9 472.4 506.1 611.0 592.2 583.7 623.0 699.3 719.7 766.0 787.1 811.6 791.9 603.8 794.8 771.2 748.2 749.1 734.9 727.6 690.8 610.1 516.8 495.3 501.3 415.4 482.8 465.6 432.1 433.0 355.8 259.5 278.9 255.7 295.4 354.8 345.2 404.6 437.3 435.7 508.7 463.5 568.7 644.5 768.4 799.2 887.7 972.8 1038.0 974.7 1029.4 1054.5 1033.1 1032.6 1042.4 1038.4 1034.9 1025.9 1028.2 1022.4 1019.9 1032.8 1051.8 1038.1 996.9 857.8 827.8 671.8 855.5 -999.0
148.7 200.7 215.4 243.3 285.5 355.0 377.9 463.5 540.0 555.1 545.6 571.4 735.3 776.8 798.3 787.8 833.8 798.9 785.4 781.3 783.1 851.1 845.8 752.1 749.6 753.9 733.5 723.9 686.8 578.7 517.0 497.8 485.2 445.6 455.5 428.9 428.3 317.3 260.5 246.5 291.6 394.1 403.1 403.9 410.9 439.1 459.5 465.0 609.8 624.6 706.7 803.6 862.5 869.7 1059.8 859.8 973.3 912.4 1069.2 1024.0 1025.2 1037.4 1053.2 1025.1 1025.1 1030.8 1023.2 1021.0 1005.0 1006.1 926.4 871.2 857.3 699.8 791.4 813.6
147.2 184.7 210.1 251.3 300.2 349.8 370.8 515.6 536.4 549.7 553.2 575.4 768.8 812.2 792.8 750.1 795.5 702.9 821.5 815.8 839.0 862.9 786.4 836.9 819.2 840.8 808.7 842.5 718.0 687.5 579.8 566.1 477.2 458.3 449.6 477.0 452.4 428.9 333.8 245.5 293.7 283.4 425.3 429.6 398.9 375.6 373.0 433.7 585.9 534.6 689.6 777.2 861.8 849.8 970.0 763.0 850.2 1032.9 1036.1 1034.0 1026.4 1038.0 1024.7 1072.2 916.2 1055.6 1052.7 1085.8 1030.9 1082.3 1023.0 903.4 843.8 769.0 768.3 738.0
144.2 168.6 193.0 240.1 314.4 362.5 372.7 470.1 614.4 562.9 701.8 745.4 742.1 779.3 791.4 784.5 784.5 816.6 795.5 850.2 877.7 894.3 955.4 983.2 924.0 918.9 986.6 1002.4 845.1 770.6 629.8 578.2 507.1 537.3 503.0 494.0 442.5 413.6 309.1 255.3 268.6 361.2 364.4 353.3 405.8 351.3 358.6 385.9 452.7 540.1 650.6 778.4 779.4 811.1 819.2 771.3 868.4 987.7 922.3 1062.2 1044.7 1030.5 1038.9 1031.8 1020.1 895.8 882.5 1043.0 1009.7 880.4 892.0 960.6 864.0 842.5 788.9 715.6
140.3 171.8 196.9 220.8 267.9 323.4 367.4 471.6 565.5 644.9 720.8 738.1 750.8 779.3 786.7 824.5 872.4 898.9 876.4 977.5 983.1 1006.4 1000.8 990.2 993.3 1020.9 996.6 971.4 877.4 848.7 699.6 544.5 583.2 580.7 530.1 491.9 495.0 448.0 309.0 252.0 396.5 275.8 280.6 328.0 339.0 355.7 389.7 408.4 428.5 480.7 618.6 676.3 629.3 776.7 768.0 671.2 873.1 863.4 863.1 880.3 1062.1 1023.7 1034.2 1037.2 1042.6 1032.6 789.7 823.0 900.8 852.6 893.6 908.7 893.2 821.3 738.8 784.5
127.1 150.5 203.1 254.4 278.7 340.0 371.6 402.5 584.9 640.3 699.3 740.9 751.1 791.3 813.9 800.9 794.7 881.8 842.0 929.1 994.4 981.6 994.6 972.0 993.9 970.3 958.8 833.3 842.7 752.6 695.2 654.0 616.8 584.7 546.9 513.6 500.1 445.7 293.6 287.4 261.6 251.2 252.5 275.2 246.4 328.5 340.9 343.1 436.2 463.4 582.2 649.5 592.6 621.3 742.9 622.2 780.9 861.7 804.0 782.2 1067.5 1042.0 1075.6 1006.5 1052.1 1063.8 998.9 839.7 823.0 832.3 855.2 862.5 867.1 848.7 758.7 723.7
