GSP_annual_reports_SRP_2024_v3/GIS/SRP_2022_Spring_Shallow.tif
NCOLS 191
NROWS  209
XLLCORNER 6295515.91401
YLLCORNER 1783415.49397
CELLSIZE 1000.0
NODATA_VALUE -999
[rows 33 to 65 of 209, columns 0 to 75 of 191]
-999.0 -999.0 -999.0 -999.0 -999.0 -999.0 -999.0 -999.0 -999.0 -999.0 -999.0 -999.0 -999.0 208.6 189.1 162.2 147.9 63.9 50.3 50.7 49.5 42.6 52.3 54.9 69.9 99.6 89.0 82.6 85.8 79.1 87.0 89.0 87.2 93.7 85.9 92.9 93.5 99.5 104.3 105.5 117.4 121.6 122.6 124.6 128.3 140.8 240.8 200.5 403.4 264.2 329.5 297.7 272.1 324.4 444.3 420.9 461.0 449.2 421.7 346.5 419.5 475.5 538.5 499.2 510.2 510.5 518.1 560.1 515.4 545.7 584.6 498.5 471.5 593.4 639.9 526.7
-999.0 -999.0 -999.0 -999.0 -999.0 -999.0 -999.0 -999.0 -999.0 -999.0 -999.0 -999.0 -999.0 183.4 167.9 176.3 155.7 65.4 50.3 42.4 44.3 48.3 52.3 54.2 87.8 113.5 101.9 95.4 86.3 87.6 83.9 82.4 83.9 86.4 89.8 93.6 94.4 99.5 102.6 107.5 110.5 117.8 118.3 120.6 127.6 138.9 148.1 212.2 288.5 200.4 224.0 270.0 300.9 352.2 386.1 409.9 392.1 443.2 358.8 458.9 478.4 450.3 493.4 511.5 578.8 628.5 524.0 539.3 574.9 541.4 585.8 612.9 495.9 475.5 503.4 524.1
-999.0 -999.0 -999.0 -999.0 -999.0 -999.0 -999.0 -999.0 -999.0 -999.0 -999.0 -999.0 -999.0 271.4 167.2 166.5 146.3 68.4 49.9 45.4 41.3 49.9 47.7 68.4 125.8 96.8 120.3 96.7 84.4 83.8 86.4 75.8 84.0 86.3 88.9 92.0 97.1 93.8 101.7 105.0 110.1 112.6 115.1 120.9 130.9 138.6 139.2 206.8 184.4 182.9 360.0 341.7 329.9 323.9 420.3 357.2 347.6 379.8 318.6 458.8 457.2 442.7 486.4 495.0 559.1 532.6 602.1 593.8 543.5 586.4 558.0 585.7 608.9 608.3 480.3 550.3
-999.0 -999.0 -999.0 -999.0 -999.0 -999.0 -999.0 -999.0 -999.0 -999.0 -999.0 -999.0 -999.0 228.6 239.8 221.9 138.6 129.8 48.3 44.4 44.7 45.8 48.6 52.2 86.7 96.3 99.8 95.7 83.1 72.1 73.2 86.4 95.4 86.9 84.7 86.5 92.1 93.5 95.8 106.7 113.5 114.2 115.7 124.6 132.1 138.2 137.6 141.8 183.8 295.5 429.5 333.3 316.1 337.7 419.5 398.0 346.8 363.4 384.9 490.0 431.0 465.8 458.9 505.2 506.6 566.2 587.2 644.9 552.4 548.3 570.8 585.0 604.4 612.6 597.3 508.0
-999.0 -999.0 -999.0 -999.0 -999.0 -999.0 -999.0 -999.0 -999.0 -999.0 -999.0 343.3 316.8 272.6 194.0 166.0 146.1 145.9 126.9 42.4 46.9 48.6 53.9 53.4 111.3 68.3 79.5 78.2 74.6 70.5 74.9 78.2 80.5 84.4 84.6 88.9 88.9 92.8 95.8 101.5 113.9 114.0 115.6 122.0 126.3 134.4 136.7 147.7 265.6 305.1 416.0 385.3 434.0 412.5 429.6 387.6 332.1 305.6 345.7 414.5 485.9 451.6 454.7 470.9 517.0 518.9 605.2 637.8 635.2 600.7 588.3 583.7 570.2 619.6 639.1 616.5
-999.0 -999.0 -999.0 -999.0 -999.0 -999.0 -999.0 -999.0 -999.0 -999.0 143.4 233.1 228.9 277.7 219.9 219.4 155.8 139.0 131.6 50.9 47.6 43.3 52.8 54.3 89.2 97.4 66.4 69.5 74.5 70.3 72.9 75.4 96.0 93.4 90.3 92.8 92.1 98.4 95.7 103.5 111.0 115.0 114.5 118.0 124.7 128.2 138.5 145.3 173.1 421.4 425.1 394.8 417.4 431.0 412.6 443.4 447.8 358.9 382.8 483.3 451.0 446.6 487.4 457.1 499.3 508.9 560.7 601.8 659.2 621.9 554.7 583.6 566.2 597.3 604.8 630.7
-999.0 -999.0 -999.0 -999.0 -999.0 -999.0 -999.0 391.8 205.0 128.6 132.4 132.1 163.9 66.5 56.7 60.0 96.6 91.4 51.8 44.2 53.1 47.2 52.4 92.7 71.8 75.8 81.2 62.9 66.3 71.2 71.9 81.6 92.9 91.4 88.5 92.9 92.3 93.8 99.5 105.1 111.4 115.4 116.0 114.9 114.6 118.6 127.8 136.4 145.5 239.4 323.3 399.8 324.9 429.8 395.2 422.7 453.7 359.2 452.6 473.7 489.3 468.0 452.3 460.8 468.5 479.4 517.8 524.4 640.1 591.9 531.6 544.7 552.4 583.7 579.4 638.6
-999.0 -999.0 -999.0 -999.0 -999.0 387.7 160.3 383.8 298.7 134.9 127.2 124.0 123.2 44.1 44.8 44.8 44.6 50.8 48.5 42.4 44.4 44.9 65.1 65.1 64.0 72.2 66.6 62.8 69.3 72.2 72.9 77.4 83.5 93.7 93.1 94.6 92.4 93.6 102.9 101.7 107.7 114.1 114.6 114.5 113.3 112.4 114.0 127.6 132.8 172.8 285.4 288.5 306.7 292.2 402.0 382.1 405.1 377.5 384.3 390.6 431.4 334.4 441.4 488.5 492.6 471.3 467.6 521.7 537.7 568.6 523.3 527.3 542.7 593.8 631.0 656.8
-999.0 -999.0 -999.0 -999.0 469.3 387.2 229.5 243.1 352.6 224.6 308.0 199.6 180.4 40.5 44.8 44.3 43.4 45.2 42.2 43.1 47.7 63.4 93.9 64.9 72.3 58.0 57.8 61.7 76.4 84.3 72.5 89.3 86.8 92.6 90.5 91.4 95.1 91.9 97.2 98.5 108.6 113.5 113.7 115.7 116.6 116.3 112.8 126.7 133.8 146.4 217.7 259.8 180.2 410.9 392.8 398.9 412.4 352.4 355.6 385.0 380.6 300.3 358.9 383.9 463.0 492.0 492.3 437.8 509.4 522.2 514.4 523.0 531.0 542.0 615.7 639.9
-999.0 -999.0 -999.0 124.6 121.9 302.0 264.2 181.8 350.1 303.0 261.9 184.8 215.3 41.9 42.1 83.9 99.2 54.3 42.2 43.1 50.9 67.2 82.3 68.5 67.6 55.4 56.2 77.3 75.7 90.1 89.8 88.7 95.6 95.5 90.2 94.9 98.1 93.2 99.1 104.1 106.3 109.0 112.2 114.4 118.0 121.4 123.1 127.2 133.6 133.1 143.7 263.7 285.8 329.7 270.2 340.4 348.0 383.1 256.1 356.6 359.7 334.4 359.8 314.0 320.8 375.1 479.1 465.0 475.8 510.1 505.6 515.7 528.1 531.7 604.1 688.7
-999.0 -999.0 42.4 42.5 42.2 64.0 153.3 67.7 314.3 340.7 216.2 131.1 128.2 41.5 73.2 94.6 92.5 49.1 48.9 88.7 57.4 115.6 86.1 59.3 55.8 51.1 53.0 82.1 83.1 89.5 87.2 92.5 95.9 97.4 95.2 93.9 96.1 97.9 101.3 107.1 105.9 108.7 111.1 116.3 129.4 121.4 125.5 127.4 132.1 133.7 140.0 181.1 293.5 351.7 263.4 292.0 241.8 347.7 283.5 236.0 309.4 326.5 282.2 276.2 294.6 348.0 429.3 487.4 460.6 486.8 512.4 515.7 522.5 526.4 544.5 698.6
-999.0 -999.0 121.1 84.7 42.0 42.4 42.5 86.3 91.1 247.2 280.5 127.0 47.9 42.7 88.0 88.4 98.4 79.0 67.0 89.2 91.8 122.2 80.5 52.6 47.4 50.6 58.1 66.9 80.2 82.7 105.9 95.5 93.4 95.9 97.9 97.9 94.6 101.6 104.8 107.3 108.5 109.8 112.1 115.1 119.2 117.4 127.2 128.9 132.3 135.7 134.3 172.9 293.7 368.7 267.0 201.4 185.4 271.6 236.7 276.8 299.0 344.8 345.1 288.5 289.3 366.0 459.5 451.3 450.4 463.1 489.8 506.5 511.8 533.9 534.5 623.8
-999.0 94.4 267.6 172.8 92.7 43.7 42.7 43.1 62.8 128.7 115.1 87.7 46.9 47.9 104.9 101.2 99.1 103.5 90.7 84.2 114.9 87.9 51.4 51.2 47.5 61.8 53.0 76.1 67.0 80.9 99.9 95.0 92.8 94.1 97.7 97.7 104.0 99.7 104.4 104.2 108.7 110.6 111.3 114.2 115.9 120.4 117.8 126.1 129.0 134.4 137.0 140.7 159.8 220.3 228.6 189.3 189.9 187.8 227.5 279.5 302.1 325.4 356.4 361.5 362.4 459.5 488.8 375.2 354.1 469.8 468.0 469.7 499.9 527.6 527.0 562.7
-999.0 307.7 257.5 124.4 136.4 94.8 43.6 42.3 44.6 68.3 62.0 44.8 44.0 43.5 104.6 104.1 103.5 90.7 77.1 92.3 87.3 84.2 65.1 46.8 46.9 57.9 57.6 57.9 57.7 81.2 89.9 93.6 84.3 90.1 93.8 102.0 94.3 100.9 98.1 93.2 108.9 108.5 111.5 110.0 112.8 115.9 119.4 122.3 128.1 133.2 135.0 137.0 139.6 141.7 169.2 176.7 307.4 382.6 343.8 354.9 367.7 312.2 365.1 393.8 381.9 378.2 386.9 372.2 379.6 330.5 385.5 492.2 464.0 506.6 530.3 548.5
-999.0 315.7 168.1 146.8 79.8 42.6 71.6 70.8 42.5 62.7 45.0 41.6 50.5 43.1 86.5 102.5 103.6 89.1 53.2 62.9 77.6 86.6 83.9 46.6 68.2 65.6 65.0 58.6 67.9 91.0 92.1 92.2 89.9 84.3 88.5 90.6 93.4 92.6 94.7 96.2 101.9 108.6 106.6 111.1 112.9 114.9 117.6 121.2 125.8 130.2 135.8 137.8 138.5 141.7 144.8 213.7 304.0 387.8 393.3 403.8 394.6 353.5 381.2 383.2 383.7 382.3 381.2 385.5 384.5 286.1 321.9 361.4 422.2 419.5 509.8 547.7
-999.0 125.2 120.0 88.6 83.4 92.5 110.8 88.4 51.4 55.0 44.8 54.9 43.1 43.6 44.1 61.3 67.3 55.3 42.7 56.3 63.9 52.8 50.9 44.7 65.8 57.6 61.8 63.9 94.2 65.1 80.6 81.7 78.5 82.8 81.7 86.8 92.2 93.5 93.5 93.9 101.0 108.4 109.5 109.0 112.1 115.5 123.3 118.6 126.2 133.3 136.6 138.8 142.1 141.2 160.0 227.0 304.3 361.4 403.9 449.2 421.2 388.1 373.2 408.9 399.6 415.5 415.0 399.5 326.3 285.1 310.9 350.2 291.4 333.1 488.6 482.3
389.7 339.1 129.2 134.3 90.9 142.3 123.0 94.5 77.8 47.6 45.9 50.9 43.2 44.1 43.4 43.1 42.5 43.7 47.7 42.2 45.1 45.9 54.7 62.7 47.9 49.7 51.5 67.9 60.9 62.7 67.4 66.3 70.4 83.7 84.1 83.3 80.9 85.8 91.0 95.4 97.6 105.1 108.9 110.2 113.1 117.9 125.3 123.1 127.5 143.4 137.3 141.2 141.2 144.0 146.3 198.2 289.1 341.0 397.0 428.7 402.6 369.1 373.8 401.4 394.3 401.4 381.6 391.7 371.6 456.8 285.0 293.1 298.8 292.5 294.8 324.5
134.8 118.4 90.4 43.9 95.9 132.0 93.9 96.9 83.0 63.9 81.1 53.0 43.3 43.0 42.8 42.6 42.7 43.1 48.3 42.6 44.4 48.5 130.5 96.1 45.7 50.1 51.9 53.2 59.0 62.5 65.0 66.3 71.9 80.7 83.3 81.5 79.3 79.9 93.3 95.6 100.3 104.0 107.8 110.9 112.9 119.5 119.9 121.7 131.4 131.7 132.3 138.3 140.1 143.4 143.6 175.3 293.6 317.9 356.9 362.2 376.7 373.0 361.8 383.3 412.1 410.0 428.7 418.0 396.9 394.4 308.1 286.0 301.1 288.5 291.2 300.9
124.8 94.6 58.0 90.2 117.1 119.1 141.3 95.5 129.3 91.6 94.6 86.0 87.9 91.8 127.0 124.7 86.3 49.2 49.5 48.8 64.3 71.9 130.7 130.9 58.9 49.6 53.3 56.4 59.6 62.3 64.7 63.7 66.2 69.0 78.3 77.3 80.6 80.9 89.5 109.4 98.5 104.4 120.8 122.0 119.1 119.8 119.7 120.9 126.2 130.1 130.6 137.2 140.5 140.6 138.3 149.3 189.4 258.7 356.3 372.7 359.6 358.9 355.4 367.5 382.4 391.5 410.9 417.7 404.1 408.8 298.6 262.0 293.9 298.3 300.6 292.7
-999.0 147.9 108.8 46.7 105.7 131.8 94.9 125.1 114.7 95.8 88.7 116.5 97.7 121.5 235.3 260.1 244.2 125.1 96.5 54.9 71.1 88.5 85.0 137.2 90.3 50.3 53.6 54.5 58.0 60.1 62.3 78.8 80.3 72.4 88.4 94.7 97.8 105.4 111.4 113.3 117.6 116.1 119.6 122.8 119.0 121.9 124.0 125.1 124.7 128.4 131.5 135.3 136.7 139.5 137.0 144.7 198.1 298.6 314.1 370.3 373.1 375.4 379.4 377.9 367.4 383.9 364.0 404.0 412.9 393.9 369.3 255.8 266.8 289.4 268.7 289.8
-999.0 209.1 147.0 64.6 54.6 49.4 51.8 114.6 114.0 87.2 84.0 100.3 96.9 98.1 117.9 136.7 210.9 129.6 125.6 99.0 74.1 91.8 64.2 59.3 46.6 49.4 53.4 59.3 61.1 59.2 68.9 70.4 84.6 78.5 80.9 89.4 106.9 94.3 102.6 112.0 121.2 120.8 121.4 121.2 122.2 122.6 126.1 123.4 127.2 127.3 127.3 133.2 133.8 135.9 129.6 142.0 177.0 200.9 258.1 299.4 370.7 373.2 361.3 380.6 356.1 361.2 365.2 380.9 403.3 395.0 350.7 276.4 260.4 266.2 267.6 268.8
-999.0 235.8 127.3 157.7 129.4 104.3 49.8 94.9 120.2 103.7 103.3 107.7 109.9 104.5 88.4 86.3 151.4 130.5 150.5 126.7 112.1 84.9 57.1 58.3 47.3 49.8 54.3 56.8 59.4 65.6 62.7 62.8 76.2 109.2 108.5 101.7 103.9 113.6 114.6 111.4 113.9 116.6 118.5 121.4 123.9 123.6 125.0 127.1 126.6 129.1 129.0 128.4 129.7 129.2 126.8 134.1 171.7 193.6 214.4 256.8 341.5 373.4 374.8 384.8 291.0 324.8 343.7 383.1 400.9 383.4 334.4 248.7 253.7 252.4 262.4 259.5
-999.0 146.8 154.9 201.9 129.6 146.0 61.1 100.5 100.7 89.9 119.2 89.7 94.1 88.1 87.9 82.8 125.7 153.2 94.6 131.3 130.1 130.2 83.6 65.2 46.8 48.8 53.2 59.4 60.2 61.1 60.0 67.3 69.8 89.7 104.3 108.5 115.5 114.3 121.2 120.9 118.6 122.8 120.6 124.1 124.3 125.9 126.3 125.3 127.6 128.6 127.2 130.0 127.8 126.8 125.5 126.8 129.5 207.7 206.0 233.1 314.5 351.2 354.2 318.0 284.6 280.7 335.5 381.6 395.7 368.0 327.4 269.7 247.9 256.6 256.9 256.2
-999.0 204.4 141.6 87.6 105.0 58.1 68.8 105.4 97.0 102.3 98.3 95.3 99.5 84.9 88.1 92.6 99.7 89.0 128.0 97.8 113.8 78.6 59.3 70.7 49.0 47.1 49.5 54.6 70.4 58.2 61.8 69.4 67.4 72.4 77.8 94.2 97.6 108.9 104.3 120.7 122.1 123.1 116.5 118.3 121.5 123.1 124.9 126.5 127.1 125.5 125.9 128.3 129.2 127.4 126.2 125.9 127.8 159.7 184.0 207.7 230.4 279.8 319.3 371.6 295.2 268.5 310.9 367.6 370.6 361.0 342.0 267.1 243.1 251.3 253.3 254.0
-999.0 -999.0 241.1 239.6 88.7 104.7 80.5 113.0 102.8 101.5 98.0 77.6 69.1 94.9 94.5 119.9 114.0 102.8 97.8 100.7 88.1 94.8 92.2 73.4 64.6 58.4 56.6 52.4 64.6 65.2 55.7 65.5 64.5 69.8 72.5 78.3 79.7 116.3 104.3 109.2 122.4 108.5 123.0 124.7 122.6 124.4 122.0 125.5 126.1 126.6 125.1 126.5 125.8 125.7 124.9 126.9 129.0 136.9 142.9 242.9 205.6 236.6 256.5 348.1 298.3 284.9 315.1 361.7 402.9 386.2 308.1 276.6 230.9 244.8 247.7 250.2
-999.0 -999.0 -999.0 113.4 119.4 97.9 59.6 135.2 136.1 126.7 101.3 65.3 71.7 94.4 117.4 118.9 114.6 114.5 111.9 117.2 110.3 106.6 84.5 86.5 60.4 46.2 48.2 51.6 56.0 58.9 58.0 58.1 65.2 67.2 71.0 73.2 76.8 82.6 89.5 105.0 118.4 127.7 125.9 123.3 124.6 120.6 119.9 122.1 123.0 124.0 123.3 123.8 123.1 112.8 123.9 125.3 126.5 138.0 142.8 157.6 257.7 196.9 196.1 260.4 271.1 274.1 342.5 317.9 370.6 408.5 291.5 218.0 210.7 225.1 237.7 247.5
-999.0 -999.0 -999.0 -999.0 123.0 69.6 56.2 77.2 76.8 117.2 67.2 58.2 72.7 98.8 104.3 128.4 96.2 94.6 117.7 109.9 97.3 100.5 89.2 81.4 73.0 58.5 47.5 53.4 52.6 55.8 63.8 63.7 63.4 65.5 69.6 71.1 75.9 79.8 84.7 89.1 93.5 105.2 115.7 119.6 121.6 120.7 118.0 118.9 122.2 121.9 120.4 112.0 118.8 121.1 121.3 125.2 127.4 132.7 136.3 145.2 212.3 209.2 202.1 239.2 220.3 265.3 320.1 315.0 371.4 385.5 280.7 192.4 196.2 200.8 221.0 230.4
-999.0 -999.0 -999.0 -999.0 -999.0 116.6 62.3 56.4 72.5 58.3 98.1 101.2 99.2 97.6 93.7 116.7 101.2 98.6 98.0 115.0 95.4 87.5 80.1 85.7 86.3 53.6 48.3 47.9 58.9 59.6 57.3 57.6 68.7 59.9 69.5 70.1 73.9 79.0 83.8 86.9 90.7 91.8 93.3 121.7 119.9 116.8 113.9 118.9 118.2 119.0 117.1 111.1 115.1 121.4 122.5 124.3 128.6 130.0 137.4 142.2 146.6 169.0 215.4 204.3 190.4 221.1 285.7 380.5 396.8 302.4 291.2 190.0 193.1 199.2 210.6 227.5
-999.0 -999.0 -999.0 -999.0 -999.0 -999.0 100.2 140.1 90.8 57.4 103.2 105.2 101.3 103.8 116.8 118.0 99.4 97.3 97.0 110.8 118.2 75.1 89.2 81.8 68.5 47.7 47.1 47.5 51.3 51.9 59.4 66.9 67.2 67.7 70.1 70.0 72.2 78.0 80.3 84.4 84.8 86.4 83.1 91.5 110.7 102.9 112.4 116.1 118.6 115.2 109.8 108.0 116.9 117.1 123.6 125.9 128.5 130.7 137.5 139.7 142.7 154.9 174.7 190.3 182.5 195.5 343.2 266.9 389.8 270.1 243.0 191.9 194.0 196.9 228.5 235.2
-999.0 -999.0 -999.0 -999.0 -999.0 -999.0 -999.0 -999.0 101.8 61.3 83.1 101.9 103.3 101.1 104.1 99.6 99.6 100.1 95.3 91.9 103.0 69.1 68.7 52.0 69.6 55.2 47.5 47.7 47.7 53.3 51.6 56.5 58.0 66.2 66.3 70.1 72.7 76.7 77.9 74.9 79.7 90.1 76.2 80.0 83.7 112.0 112.1 110.0 116.7 108.3 106.9 109.7 111.0 116.5 122.7 126.4 130.0 133.3 138.2 140.4 147.1 145.9 154.5 169.2 162.3 203.0 256.9 226.6 363.7 326.6 209.9 192.6 195.1 216.0 223.0 249.8
-999.0 -999.0 -999.0 -999.0 -999.0 -999.0 -999.0 -999.0 -999.0 93.5 64.9 104.2 103.6 105.5 98.1 101.3 97.0 86.4 100.1 97.0 83.2 78.4 84.7 72.7 69.5 69.8 47.7 47.7 47.8 52.4 62.2 72.4 64.2 69.7 72.1 74.7 69.6 76.3 74.6 76.2 76.9 82.5 76.2 78.6 81.0 94.6 94.7 107.5 102.0 98.0 108.5 110.7 115.9 116.6 120.5 126.2 129.9 132.7 140.0 146.6 150.1 152.0 156.8 160.5 167.4 164.5 176.1 171.4 256.4 307.0 204.3 201.3 197.9 200.5 300.0 291.5
-999.0 -999.0 -999.0 -999.0 -999.0 -999.0 -999.0 -999.0 -999.0 80.1 63.3 78.1 105.0 100.9 80.2 72.0 81.6 104.2 101.0 104.5 99.1 95.4 74.0 60.4 73.2 74.2 71.8 48.6 52.6 56.0 54.9 66.9 65.8 59.2 65.7 68.2 63.9 71.9 74.2 75.7 77.4 78.6 77.4 77.6 80.8 86.5 85.6 93.7 92.8 104.4 113.2 114.9 117.7 117.4 121.1 123.2 127.3 134.9 139.8 145.2 150.6 153.9 157.0 160.0 165.8 171.5 175.5 170.3 179.2 270.4 236.7 189.6 201.8 224.7 209.5 215.1
-999.0 -999.0 -999.0 -999.0 -999.0 -999.0 -999.0 -999.0 -999.0 107.6 66.7 64.5 96.0 77.7 71.7 70.4 103.5 101.9 109.0 103.1 122.3 98.6 90.9 75.5 64.1 49.4 48.3 49.2 52.8 55.4 56.8 56.3 56.3 58.8 62.0 61.9 61.9 66.3 69.0 78.7 74.6 74.3 76.0 76.3 79.0 80.8 92.8 89.8 93.1 96.4 106.6 109.9 113.2 116.7 122.0 125.5 128.0 131.9 138.9 143.9 150.6 154.1 155.5 159.9 164.4 170.4 171.5 169.7 176.2 206.3 229.7 199.8 201.4 206.7 208.8 266.1
