GSP_annual_reports_SRP_2024_v3/GIS/SRP_2023_Spring_Shallow.tif
NCOLS 191
NROWS  209
XLLCORNER 6295515.91401
YLLCORNER 1783415.49397
CELLSIZE 1000.0
NODATA_VALUE -999
[rows 99 to 131 of 209, columns 76 to 151 of 191]
185.9 196.4 203.1 239.5 322.1 377.9 384.4 475.7 614.8 565.7 700.7 747.2 743.4 785.5 798.0 790.4 791.1 820.8 799.4 853.3 881.9 898.0 961.6 992.3 925.8 922.7 993.8 1006.9 848.6 780.3 636.9 587.8 513.6 545.7 508.8 504.0 451.9 424.9 320.7 266.2 276.7 366.2 370.1 360.7 413.9 357.4 368.2 394.5 460.9 549.7 654.8 785.0 784.4 816.0 824.7 776.9 872.8 992.7 924.9 1069.0 1050.9 1038.7 1046.3 1041.8 1027.6 897.7 886.0 1054.0 1014.2 884.2 892.3 960.9 868.8 852.9 796.7 719.5
181.4 197.9 204.4 224.9 271.3 334.4 383.0 477.6 567.7 642.8 719.2 739.2 752.9 784.7 792.0 829.7 876.0 905.3 879.6 987.0 998.0 1014.5 1012.8 1001.4 1003.5 1031.9 1008.4 978.4 879.7 854.0 705.7 552.5 593.1 590.9 537.8 497.6 501.2 456.5 321.7 265.0 402.8 287.7 292.9 335.7 346.0 364.3 399.0 416.9 436.3 487.8 622.5 680.1 633.3 781.8 774.0 674.9 877.5 867.7 868.4 884.3 1068.9 1034.6 1042.7 1044.4 1052.2 1038.1 795.9 828.8 905.4 858.3 899.2 910.5 899.5 830.4 748.1 792.3
168.7 188.6 210.6 257.8 280.7 353.5 388.6 407.7 586.4 638.8 697.1 739.8 751.6 792.6 819.8 808.5 800.9 886.5 847.3 934.8 1006.8 997.9 1006.0 986.5 1003.8 979.8 966.9 837.4 852.8 756.0 700.0 659.9 624.2 594.0 555.5 520.4 507.3 453.2 307.3 303.8 271.9 263.9 265.0 283.2 261.2 337.9 346.8 352.6 444.3 468.8 589.3 654.4 596.3 625.8 749.9 627.0 787.4 867.5 809.4 787.8 1074.7 1049.9 1083.9 1011.6 1058.7 1070.1 1002.8 845.9 830.3 841.5 861.3 869.2 873.6 859.2 763.6 728.4
164.9 162.7 214.3 250.0 275.0 365.8 385.2 410.6 585.7 672.4 684.2 724.5 777.7 813.1 836.2 799.3 818.7 880.9 854.8 896.5 1028.5 1006.5 995.4 986.2 989.9 1005.2 997.8 895.4 814.9 706.1 714.2 735.4 705.7 627.5 538.6 514.5 460.8 454.7 366.3 292.8 243.9 248.6 253.5 272.7 260.0 259.6 347.1 340.6 338.2 459.7 520.2 472.0 507.1 664.3 650.4 634.4 648.3 749.8 783.2 760.1 894.6 887.2 936.8 857.6 911.9 907.1 1004.1 824.1 800.9 753.6 750.3 808.0 853.4 804.2 786.4 756.0
168.3 169.1 198.0 267.5 260.8 299.4 376.8 405.0 422.0 494.5 657.0 697.7 798.7 744.4 830.7 820.7 800.0 841.8 869.7 935.4 995.7 1007.1 1009.0 986.2 989.9 991.5 1007.9 1031.1 849.8 771.2 842.7 830.8 729.5 660.2 567.4 495.3 503.0 493.9 426.2 360.6 278.5 264.9 257.2 234.3 258.3 270.5 245.3 324.1 346.7 391.8 470.1 599.3 648.3 663.6 643.6 570.1 640.9 642.5 702.3 677.8 791.8 813.9 945.2 811.8 868.5 950.8 880.1 894.1 819.6 738.3 771.4 780.8 768.0 783.9 787.1 688.3
179.8 221.6 237.6 223.4 279.0 294.9 332.0 403.3 531.8 634.5 694.3 700.8 761.3 845.3 826.4 831.7 818.6 829.0 928.0 935.3 954.8 995.1 1015.2 990.3 989.8 997.7 995.8 979.2 835.7 843.0 838.3 773.3 738.2 716.2 681.0 627.7 500.3 503.9 433.0 371.1 366.9 271.9 278.6 240.6 239.4 251.0 225.2 234.6 334.8 415.4 490.8 476.9 570.6 646.6 489.9 553.3 599.5 695.4 643.0 670.0 642.2 765.8 830.6 730.0 819.6 875.4 805.1 971.5 843.8 728.6 751.2 742.6 721.7 720.3 687.3 537.3
183.9 210.1 234.6 289.7 247.1 299.6 330.2 406.4 432.6 600.5 708.1 734.8 781.1 818.3 782.2 799.5 800.9 816.3 839.6 879.4 1018.9 1006.2 1002.9 989.4 988.9 989.8 1002.9 984.0 950.9 969.0 928.3 819.7 725.7 718.1 722.7 691.2 616.6 526.5 427.6 386.9 348.8 367.7 276.2 233.7 221.2 230.9 231.8 247.6 332.0 366.5 374.0 362.9 475.1 493.3 481.9 653.8 670.0 682.7 683.3 649.1 648.2 668.9 631.7 639.9 774.4 779.7 753.3 891.0 810.6 712.7 741.5 769.0 732.7 716.5 709.1 737.3
186.1 202.0 209.3 221.8 293.2 262.7 305.1 411.4 426.4 443.6 584.5 687.3 752.1 820.4 819.2 793.2 825.7 828.8 818.2 849.9 995.3 1012.3 1002.2 992.3 991.5 989.8 991.2 1007.0 986.5 1021.2 1020.4 962.3 832.4 733.3 714.1 705.6 579.3 541.7 499.1 398.4 307.4 273.6 281.8 224.9 207.6 215.6 213.7 235.5 325.8 333.5 426.0 497.4 493.9 581.6 564.7 594.2 670.9 676.8 653.2 631.3 651.8 614.2 655.0 651.8 698.9 662.3 767.9 695.7 782.4 806.8 868.3 755.1 762.3 646.0 717.6 767.8
183.8 194.6 212.3 233.7 248.7 257.4 292.3 312.6 394.9 439.6 445.5 590.9 704.1 782.8 799.5 795.8 831.0 830.1 847.6 911.3 1045.4 1009.0 1003.2 993.9 993.1 989.8 998.2 990.7 996.7 999.7 1021.7 934.8 844.7 756.7 731.6 698.1 616.2 489.8 512.8 365.1 352.6 277.1 252.5 235.8 234.8 216.6 211.4 223.3 244.8 347.1 447.9 486.9 507.4 563.2 550.5 625.3 668.2 666.5 738.8 664.5 564.0 593.4 666.0 657.4 636.2 753.9 657.8 651.4 808.8 823.8 864.2 828.6 754.3 844.7 808.9 795.1
181.4 191.2 209.0 232.8 247.6 268.1 319.9 315.1 387.8 417.4 444.7 534.9 659.0 699.8 733.5 760.5 783.1 805.3 943.5 949.1 1048.6 1006.7 1006.9 994.4 991.4 989.8 991.2 990.7 1012.3 992.1 1009.5 1019.6 1006.0 846.5 804.1 682.6 622.5 524.5 468.5 394.7 347.7 352.8 287.6 251.6 213.0 191.8 206.6 215.1 214.5 263.1 339.2 447.2 461.7 488.8 545.4 655.6 669.5 641.3 724.7 643.2 553.3 572.7 649.8 624.4 654.5 680.6 731.6 660.2 801.0 898.0 817.0 893.6 812.2 845.8 858.9 846.0
178.4 217.6 238.3 282.2 310.1 304.2 379.7 392.0 388.9 418.2 452.8 482.2 694.8 719.5 787.0 784.7 821.0 798.5 868.5 990.9 1004.4 1011.6 1001.4 999.1 991.4 989.8 991.2 998.1 1042.7 1015.0 1021.7 1012.2 1014.0 925.0 832.1 776.5 675.2 572.9 473.3 449.0 370.3 339.8 287.7 261.5 247.7 188.6 197.7 196.7 211.2 219.9 268.3 398.1 414.0 523.9 522.9 567.4 669.5 679.6 661.5 583.0 651.1 582.4 599.4 600.2 670.9 650.1 644.4 636.2 789.0 834.1 767.0 913.1 830.3 839.3 793.2 836.8
199.5 212.4 285.6 301.3 317.3 359.5 364.9 403.4 413.8 417.9 459.9 571.5 712.6 720.3 799.8 706.8 783.8 833.7 834.7 902.5 1005.8 1006.6 1002.4 997.9 994.8 989.3 990.7 992.9 1014.6 1058.8 1047.8 1022.1 1020.8 1028.4 966.1 807.0 639.0 626.6 568.9 439.3 426.4 357.2 359.5 274.1 245.5 220.9 195.1 193.5 195.5 205.3 324.3 408.5 364.3 498.5 503.4 606.7 653.9 586.9 566.7 583.0 647.0 642.9 589.2 596.3 645.2 671.2 634.2 758.8 794.5 828.4 683.6 813.9 850.5 844.4 734.3 732.0
194.3 221.8 282.4 306.7 309.6 278.9 341.2 388.8 397.2 428.2 450.0 588.0 685.9 707.1 697.5 759.0 822.6 822.2 797.3 846.7 950.3 978.8 995.1 999.6 994.8 989.8 990.7 990.7 995.4 983.1 956.3 1056.4 1066.5 1018.9 909.6 782.8 682.4 669.2 475.7 450.6 453.9 365.2 289.1 276.9 246.6 214.3 192.8 189.9 190.2 196.3 307.8 319.6 333.7 446.5 483.0 608.7 587.3 476.3 654.4 668.2 666.3 664.9 653.5 635.1 699.9 621.7 654.5 655.3 786.4 797.1 676.5 797.0 881.4 823.7 725.5 718.1
190.1 219.1 249.8 220.6 258.4 243.1 313.6 290.8 373.0 413.2 442.8 499.6 588.7 707.3 740.7 770.9 765.9 833.0 804.9 846.5 856.8 877.9 1053.2 1001.0 1001.0 989.8 989.4 1001.0 1009.9 1044.3 937.9 1028.8 1006.9 1084.0 867.6 784.6 663.0 568.9 514.4 463.4 458.8 439.8 293.3 255.9 252.3 211.4 208.3 185.0 186.8 185.3 201.2 305.1 432.5 384.3 439.9 573.9 513.7 515.2 573.6 650.1 672.9 636.5 664.6 670.3 650.1 585.6 573.1 641.0 659.9 797.8 640.5 647.4 802.5 732.0 672.3 657.6
148.0 186.2 152.2 162.9 189.8 212.2 265.2 283.4 373.1 413.0 450.1 536.6 679.6 689.5 745.2 765.6 759.7 826.4 830.7 818.1 819.4 873.2 878.8 1029.1 993.3 1009.0 989.4 990.7 994.9 1042.0 1055.4 873.9 847.3 900.8 983.0 801.3 676.8 637.5 561.1 442.3 448.5 380.6 283.1 281.0 245.6 211.8 205.7 183.0 184.3 183.7 186.1 297.7 341.4 360.7 395.3 501.5 481.5 472.7 587.8 656.4 645.0 599.3 668.2 665.1 635.2 547.6 584.8 609.6 637.5 732.1 629.6 626.0 766.4 778.3 740.5 661.1
135.2 142.4 152.5 158.5 205.6 235.3 242.3 284.7 350.1 396.1 429.7 529.3 587.5 619.6 700.8 759.2 754.7 804.7 821.7 847.2 841.3 855.1 883.9 924.1 1000.7 993.9 989.4 998.1 1012.2 999.4 965.2 888.0 867.1 862.2 881.1 872.9 772.8 666.1 580.2 578.5 450.5 360.4 368.9 307.5 261.5 235.8 213.8 192.5 183.6 182.1 184.8 214.7 305.0 317.5 329.4 433.1 357.1 447.6 575.1 568.4 573.6 598.0 648.3 581.7 545.8 479.5 564.0 668.2 646.4 623.6 646.0 641.8 702.6 658.1 782.3 668.6
136.4 152.4 154.7 157.8 197.4 221.8 233.0 292.0 331.6 393.5 438.9 494.3 556.9 601.2 689.8 736.3 756.0 761.3 746.2 840.2 842.7 841.6 864.3 847.5 1035.7 994.8 989.4 1035.0 1048.4 946.0 854.6 842.8 832.0 861.7 865.7 820.8 822.9 774.1 657.0 653.5 470.3 372.7 304.5 280.6 258.6 244.8 214.7 195.6 182.1 182.8 184.1 180.0 212.1 218.1 328.8 311.8 360.6 445.0 567.4 512.6 568.4 483.5 485.2 448.0 436.7 450.5 607.4 601.4 612.0 576.5 565.7 635.1 659.6 618.9 670.0 671.2
136.7 147.2 151.5 148.0 162.6 230.4 230.3 272.4 334.5 388.5 423.2 495.5 501.3 609.4 610.9 694.6 739.2 738.1 718.6 813.0 840.8 837.7 833.5 838.4 931.4 1039.7 989.4 1036.1 1045.1 882.3 832.5 821.6 796.4 739.7 796.6 773.2 751.0 798.3 780.0 681.5 570.9 429.8 279.8 275.9 259.2 251.0 212.5 192.4 183.0 178.4 176.0 182.4 200.4 209.6 303.9 334.3 465.3 523.8 605.6 488.1 480.6 453.9 407.6 331.2 483.3 509.1 607.4 604.1 471.2 573.7 478.1 638.3 616.7 644.6 645.2 637.3
128.1 122.8 142.9 146.9 156.7 222.0 216.7 271.9 334.2 388.1 417.9 436.6 473.1 509.3 549.9 560.0 623.3 706.5 767.0 775.1 820.2 825.6 727.2 857.5 842.3 942.3 1007.8 1016.0 965.9 945.6 845.3 819.8 716.1 703.1 704.7 672.2 682.7 677.3 648.3 652.8 474.5 457.8 273.5 261.1 249.7 232.4 211.5 192.1 182.2 178.6 175.6 174.0 189.5 299.8 305.8 320.4 458.0 479.6 588.7 495.6 434.2 362.1 332.5 337.2 468.9 460.7 533.7 573.2 431.0 480.1 536.9 640.8 561.2 583.0 646.5 659.9
100.6 143.4 136.7 161.5 149.0 170.3 175.5 257.2 301.5 367.8 416.7 445.4 469.0 475.0 516.3 510.1 529.9 689.5 699.8 759.0 747.6 775.2 719.2 788.9 841.0 804.9 856.9 961.1 1045.9 1030.1 820.9 818.8 738.3 712.5 701.0 563.2 631.1 612.5 629.3 531.5 525.9 480.7 278.3 250.6 241.6 230.5 209.0 192.4 182.7 175.2 175.8 175.4 182.3 180.1 223.4 354.3 437.0 488.5 487.9 451.0 462.2 470.5 363.6 451.8 508.6 436.4 436.8 435.6 473.4 445.3 512.6 490.3 460.3 525.9 570.8 604.5
99.9 123.3 109.5 115.1 163.0 162.1 224.5 238.3 262.0 335.2 409.8 447.7 459.3 488.4 484.5 485.1 516.6 551.3 662.1 733.3 755.4 753.5 779.8 763.1 803.1 830.7 827.2 818.0 937.1 976.2 865.2 821.0 791.3 742.5 708.4 583.8 535.8 514.2 687.9 485.6 482.5 427.4 278.8 249.2 220.3 213.7 197.5 181.4 174.7 172.3 170.9 161.2 181.5 187.8 183.4 181.3 299.8 386.5 426.1 340.4 495.4 439.0 389.4 336.0 414.0 385.3 406.1 336.7 358.4 455.0 481.9 465.5 478.2 475.6 502.9 548.2
98.9 109.1 110.0 117.5 158.4 152.3 179.2 221.3 223.0 284.3 355.2 345.4 403.5 486.4 471.9 475.3 512.6 570.1 612.8 674.9 690.8 745.0 755.6 736.5 750.7 838.6 815.2 827.2 840.0 938.0 854.8 823.8 800.4 700.0 716.3 583.3 537.7 493.8 642.5 590.3 453.5 435.2 353.1 232.5 214.3 201.0 193.2 175.3 180.2 181.1 170.9 160.0 165.5 176.9 179.1 172.2 173.0 321.9 326.4 301.8 414.1 414.1 325.7 304.1 309.1 297.5 218.1 317.6 324.4 426.7 428.3 454.9 466.8 581.5 507.2 528.5
83.9 97.5 95.2 115.6 115.4 127.7 153.4 169.1 185.0 254.3 264.6 275.9 351.1 383.7 379.9 480.2 510.2 563.4 591.0 560.3 601.4 718.9 696.2 721.2 746.4 756.5 804.9 811.0 833.4 841.8 933.0 846.8 822.6 745.7 715.6 576.4 519.3 495.7 511.1 606.0 446.2 431.1 361.2 239.7 226.3 213.7 198.6 185.2 178.1 171.7 169.7 167.7 168.2 172.1 171.1 170.7 170.0 170.3 171.5 180.6 305.9 210.3 199.2 185.5 194.9 196.6 206.4 229.5 316.9 433.5 396.7 453.0 487.8 520.4 560.2 520.6
75.7 86.0 88.5 101.3 117.8 122.7 170.0 228.1 213.3 221.1 239.4 265.4 326.7 352.1 365.2 502.9 475.1 492.7 497.0 497.0 598.8 690.6 630.7 693.4 709.9 747.7 725.0 794.6 817.5 825.4 828.9 841.3 835.1 797.6 716.8 676.1 537.0 497.7 402.3 471.9 468.8 374.8 284.8 246.9 237.5 213.6 201.3 184.8 177.1 170.7 166.6 163.8 162.9 161.0 167.7 167.5 161.6 167.2 170.2 172.7 186.9 172.0 178.1 180.4 183.3 186.3 201.2 210.9 310.4 367.3 443.1 451.1 466.1 480.8 573.2 502.6
72.9 78.2 80.3 96.2 104.1 129.7 173.6 220.5 194.1 244.6 274.7 288.7 336.1 298.6 376.3 422.3 356.3 435.3 500.9 568.6 615.8 645.3 553.0 676.7 719.7 726.4 751.2 747.3 810.7 824.4 808.1 813.5 850.9 822.4 709.6 686.7 529.5 509.5 456.3 373.5 419.9 377.0 278.6 257.6 239.3 211.4 205.7 184.7 180.1 170.6 166.6 159.1 156.2 157.5 158.5 157.3 156.8 156.2 158.7 163.3 167.8 169.8 174.0 176.3 181.5 182.9 188.5 203.8 207.2 305.2 388.7 447.1 452.2 493.4 582.8 510.2
68.4 76.1 78.2 89.5 90.8 123.9 156.2 210.8 185.6 214.7 258.3 275.2 331.3 289.5 308.4 361.9 348.8 375.0 378.8 481.6 541.9 606.9 609.8 600.1 618.2 721.6 708.2 745.3 750.2 728.2 758.8 785.8 825.7 834.6 730.9 709.1 586.7 585.6 456.6 375.8 407.1 360.5 341.4 327.8 240.1 214.8 204.9 188.7 178.8 168.2 167.4 157.7 157.0 156.9 156.4 157.1 156.5 156.5 157.5 157.5 164.9 167.4 172.1 173.1 176.9 174.6 182.3 183.4 179.9 261.2 427.4 433.0 447.1 479.5 564.1 514.1
66.2 72.6 77.1 99.5 107.6 109.5 145.4 207.0 190.3 192.2 224.9 266.0 281.0 320.2 278.2 304.4 370.7 322.5 354.2 431.9 493.5 496.9 519.6 510.9 606.5 722.8 751.3 759.9 724.6 719.3 731.7 731.8 820.7 829.7 730.6 701.4 612.4 589.0 478.6 376.3 366.2 372.9 345.8 386.1 234.7 211.9 204.5 181.0 177.1 169.2 164.1 156.7 155.8 156.0 155.9 156.0 155.4 155.7 156.6 156.9 157.3 162.5 167.8 170.1 173.2 172.5 173.2 179.3 172.7 249.5 410.4 445.8 449.2 473.8 500.4 524.1
90.1 141.3 103.1 107.9 138.1 132.2 137.4 158.0 142.4 175.5 236.4 249.6 259.5 271.7 264.1 302.4 321.1 307.8 355.4 356.2 384.0 473.7 505.2 504.9 599.0 632.6 692.2 742.5 749.5 716.1 741.3 741.6 799.1 837.0 782.6 726.3 640.3 643.9 535.1 370.2 372.3 428.0 428.2 428.0 213.4 210.3 195.4 179.9 173.6 167.3 164.9 156.4 156.3 155.8 156.0 155.5 155.5 155.7 155.3 156.4 156.5 157.2 157.1 165.3 166.1 168.0 169.3 172.3 168.5 220.2 341.5 452.8 445.9 474.8 489.0 511.8
139.8 90.4 133.7 95.4 110.7 121.0 144.4 124.7 218.8 182.5 219.0 234.3 242.6 249.2 298.0 336.8 338.5 281.3 355.0 306.6 372.3 384.3 474.7 488.9 519.1 573.2 674.5 679.1 695.5 722.5 685.7 720.2 744.2 817.8 833.7 709.6 722.0 683.5 591.1 473.7 364.3 369.1 403.2 414.2 201.7 191.7 181.4 178.0 176.7 163.9 158.8 156.4 155.8 161.7 155.5 153.8 153.2 153.0 153.4 153.9 155.7 156.2 156.4 156.6 155.9 157.6 163.5 167.1 165.5 197.3 240.1 433.0 510.1 483.1 491.3 496.0
84.2 78.3 98.1 84.3 103.1 98.3 120.3 137.6 210.4 182.2 188.7 202.9 238.7 273.2 283.5 346.4 275.9 284.4 324.0 317.7 355.5 358.6 361.8 391.0 506.8 507.7 556.9 613.9 611.9 729.5 709.4 718.7 713.4 754.8 833.2 803.3 721.9 700.2 589.6 463.4 429.0 316.5 367.2 361.0 184.4 178.7 175.6 173.5 166.9 162.9 153.6 155.6 155.7 153.5 153.1 152.2 148.6 151.0 149.7 151.2 152.1 149.7 153.1 154.9 156.3 156.5 157.2 156.9 156.8 169.0 199.5 285.1 475.6 528.1 565.6 496.8
58.6 67.9 73.0 75.8 76.7 80.8 91.7 112.9 197.4 144.6 182.1 189.6 198.7 206.5 297.4 279.3 237.2 308.8 312.0 281.8 363.2 355.8 360.4 377.9 480.4 496.5 507.0 519.8 562.1 612.1 689.7 712.9 679.5 739.7 774.2 782.3 750.1 706.7 681.2 479.8 416.6 299.8 309.6 334.0 180.9 176.5 171.3 168.0 163.9 154.5 153.9 154.4 150.7 149.6 151.7 150.4 149.2 150.6 149.0 149.0 150.2 148.9 148.9 149.2 152.5 149.6 155.3 156.1 156.4 156.2 172.5 267.8 411.1 547.5 614.8 534.6
57.1 61.2 62.4 69.5 73.4 80.4 84.8 101.3 138.2 146.6 158.9 158.2 186.8 178.4 217.7 278.3 242.7 323.2 324.7 243.2 333.5 327.4 335.2 347.0 369.3 390.7 503.7 507.2 510.0 638.1 605.2 684.1 613.8 696.9 720.9 747.9 730.6 723.8 619.3 491.2 441.9 365.9 262.2 286.7 187.3 173.9 169.9 166.9 164.0 152.7 152.5 152.8 150.0 149.2 148.6 146.7 148.7 148.9 147.9 146.7 147.9 147.8 144.7 148.9 148.9 150.6 152.1 155.7 155.7 155.6 158.4 178.0 267.6 512.8 648.9 668.7
57.3 62.6 61.4 68.8 72.4 77.1 86.2 94.2 114.8 143.8 154.3 158.3 171.3 170.4 172.7 196.6 235.4 303.9 304.3 216.8 304.8 268.8 335.9 330.9 338.6 341.1 454.0 491.7 503.4 507.1 531.0 600.8 611.1 544.1 618.9 692.3 702.0 705.3 548.9 580.5 467.1 423.9 333.1 242.4 208.8 178.2 175.3 167.1 163.0 154.9 152.8 150.0 148.7 147.9 148.6 148.7 147.9 147.9 144.8 144.6 144.8 143.1 144.6 145.6 147.9 148.5 150.8 151.0 151.6 154.1 156.8 170.8 205.0 278.7 410.8 555.3
