GSP_annual_reports_SRP_2024_v3/GIS/SRP_2022_Fall_Shallow.tif
NCOLS 191
NROWS  209
XLLCORNER 6295515.91401
YLLCORNER 1783415.49397
CELLSIZE 1000.0
NODATA_VALUE -999
[rows 33 to 65 of 209, columns 0 to 75 of 191]
-999.0 -999.0 -999.0 -999.0 -999.0 -999.0 -999.0 -999.0 -999.0 -999.0 -999.0 -999.0 -999.0 205.2 185.1 158.6 143.8 62.0 49.0 48.8 47.8 40.5 50.7 53.3 68.5 97.4 87.2 80.8 81.9 76.9 84.3 85.5 85.2 90.7 82.0 87.3 87.3 90.2 97.1 99.1 113.4 118.8 119.2 121.4 125.6 138.3 241.0 200.5 398.9 263.4 328.9 297.4 271.4 324.8 440.5 420.5 460.8 448.9 421.4 346.4 419.4 475.4 538.4 499.2 510.2 510.5 518.0 560.0 515.2 545.4 584.4 498.3 470.8 593.4 639.7 525.6
-999.0 -999.0 -999.0 -999.0 -999.0 -999.0 -999.0 -999.0 -999.0 -999.0 -999.0 -999.0 -999.0 178.5 162.6 171.0 151.6 63.7 48.9 40.8 42.2 46.5 50.6 52.5 86.5 111.9 99.3 92.7 83.1 83.9 80.5 80.1 81.9 83.4 83.8 86.6 88.0 90.6 94.8 103.2 105.1 112.3 112.4 114.5 123.9 135.8 145.4 212.5 288.0 199.6 223.1 269.5 300.4 352.1 385.9 409.9 389.5 443.0 358.7 458.7 478.4 449.7 493.4 511.5 578.7 628.4 524.0 539.3 574.7 541.1 585.8 612.7 495.6 475.2 503.2 522.8
-999.0 -999.0 -999.0 -999.0 -999.0 -999.0 -999.0 -999.0 -999.0 -999.0 -999.0 -999.0 -999.0 270.3 163.7 161.8 142.3 66.9 48.7 43.4 39.2 47.8 45.7 66.1 124.5 93.9 118.6 92.7 80.6 80.3 82.2 74.0 82.0 83.4 84.4 87.2 91.9 87.2 96.0 99.7 105.4 106.9 108.4 114.2 127.6 135.4 136.4 206.8 184.1 182.3 359.7 341.4 329.7 324.0 416.4 357.4 347.5 379.7 318.0 458.6 456.6 440.4 486.4 495.0 559.1 532.5 602.0 593.7 543.4 586.3 557.8 585.6 608.9 608.2 479.9 550.0
-999.0 -999.0 -999.0 -999.0 -999.0 -999.0 -999.0 -999.0 -999.0 -999.0 -999.0 -999.0 -999.0 225.9 237.6 218.7 134.7 126.8 47.0 42.6 42.9 43.7 46.8 50.0 82.7 94.7 99.3 95.0 79.3 71.2 71.2 83.3 92.6 83.9 80.7 82.8 88.6 87.9 90.2 102.4 109.8 109.3 109.6 118.3 128.2 135.0 134.5 137.5 184.5 295.3 424.0 332.9 316.2 337.8 415.1 398.1 346.8 363.1 384.5 486.8 428.7 463.5 458.9 505.1 506.6 566.1 587.2 644.8 552.3 548.3 570.8 584.9 604.4 612.6 597.4 507.7
-999.0 -999.0 -999.0 -999.0 -999.0 -999.0 -999.0 -999.0 -999.0 -999.0 -999.0 342.7 316.1 271.1 190.3 160.6 142.1 142.3 123.9 40.7 44.9 46.5 52.4 51.2 108.8 67.8 77.4 75.7 73.0 69.2 72.8 76.2 79.2 81.9 80.4 85.5 85.0 87.2 91.3 97.4 110.6 109.6 109.4 115.5 122.1 130.8 133.4 145.8 265.5 305.1 411.6 380.5 428.5 408.0 424.4 387.9 331.8 304.8 345.1 414.8 483.7 449.5 454.2 470.9 516.9 518.8 605.2 637.8 635.1 600.7 588.1 583.4 570.1 619.5 639.0 616.5
-999.0 -999.0 -999.0 -999.0 -999.0 -999.0 -999.0 -999.0 -999.0 -999.0 139.3 231.6 226.8 276.8 218.3 215.9 151.8 135.6 127.9 49.1 45.9 41.2 50.9 52.3 87.0 96.7 64.4 67.6 72.8 68.9 70.6 73.5 92.8 89.7 85.2 89.1 86.8 91.6 90.5 100.1 107.2 112.5 109.7 109.2 117.5 123.7 135.2 142.6 173.7 416.4 419.5 390.1 413.5 426.7 409.1 440.2 447.8 358.7 382.9 480.9 448.7 444.7 485.7 457.0 499.2 509.0 560.7 601.8 659.1 621.9 554.5 583.4 566.2 597.1 604.7 630.6
-999.0 -999.0 -999.0 -999.0 -999.0 -999.0 -999.0 391.1 202.8 125.9 129.1 128.9 159.5 65.5 55.7 59.0 94.4 90.2 50.6 43.0 51.5 44.6 50.1 91.1 70.9 74.0 78.9 61.7 64.5 70.1 69.8 79.1 90.7 88.8 82.4 88.2 87.9 87.1 94.8 101.8 108.7 113.0 113.3 109.3 105.2 109.7 121.5 132.1 143.5 239.4 323.0 398.2 325.0 427.1 392.1 422.9 450.0 358.9 451.4 471.7 489.3 466.1 452.2 460.7 468.2 479.3 517.8 524.4 640.0 591.9 531.6 544.6 552.4 583.7 579.4 638.3
-999.0 -999.0 -999.0 -999.0 -999.0 387.3 157.2 383.1 298.1 131.7 124.5 121.0 120.1 42.9 43.8 43.7 43.8 49.4 47.1 40.7 42.8 43.1 64.3 64.2 61.0 69.5 64.8 61.7 67.9 70.5 71.1 76.2 81.2 91.4 87.0 88.4 88.1 88.9 97.3 98.1 104.4 111.7 111.7 109.7 106.4 104.5 104.2 122.0 129.4 171.8 285.0 288.2 306.5 292.6 398.8 379.2 402.8 377.8 384.1 390.5 430.4 333.6 440.5 486.2 490.3 471.2 467.6 521.6 537.7 568.6 523.2 527.1 542.6 593.7 631.0 656.7
-999.0 -999.0 -999.0 -999.0 469.0 386.9 228.8 242.7 352.1 222.6 307.2 196.3 176.8 39.3 43.8 42.9 42.4 44.3 40.8 41.6 46.1 62.0 93.2 62.0 68.4 56.0 56.4 60.4 74.5 81.0 70.3 85.7 84.7 89.9 87.1 87.9 90.7 87.4 92.3 93.8 106.0 110.9 110.9 111.8 108.6 105.7 104.3 119.8 130.3 144.2 217.5 259.2 179.5 407.7 389.2 395.8 412.3 352.3 355.5 384.9 380.4 298.7 358.9 383.6 461.9 491.7 491.6 437.9 509.3 522.1 514.4 522.9 530.8 541.8 615.7 639.8
-999.0 -999.0 -999.0 123.5 120.6 300.6 263.9 177.3 349.6 302.5 261.2 180.2 213.1 40.5 40.5 83.0 97.1 52.9 40.7 41.4 49.7 66.8 80.2 66.8 64.6 53.5 54.5 74.3 73.5 85.4 84.5 85.9 90.1 89.9 86.1 89.7 93.2 87.9 94.4 100.4 102.2 105.7 109.7 110.2 111.1 112.4 111.7 120.3 129.6 129.9 141.1 263.7 285.6 329.9 269.9 340.1 347.8 382.8 255.7 356.5 359.7 334.1 359.5 312.7 319.6 374.2 478.4 464.7 475.7 509.9 505.6 515.7 528.1 531.6 604.0 688.6
-999.0 -999.0 41.3 41.6 41.3 62.5 152.3 66.9 313.8 340.4 214.3 127.6 126.4 41.0 72.5 92.8 90.4 48.2 47.7 86.7 55.4 114.4 84.5 56.9 53.9 49.1 51.2 78.7 79.0 84.2 81.8 88.1 91.2 91.7 89.7 88.6 91.7 92.7 96.5 103.4 101.8 105.4 106.7 112.1 127.1 112.8 116.6 121.3 128.2 130.4 137.0 179.8 293.7 350.9 262.5 291.4 241.3 347.5 282.5 235.2 308.7 326.0 280.3 273.9 293.0 347.0 428.3 485.5 458.8 486.6 512.3 515.6 522.4 526.2 544.5 698.5
-999.0 -999.0 120.1 83.1 41.0 41.4 41.6 85.5 89.2 246.5 279.8 125.4 47.1 41.8 85.9 86.8 97.1 78.2 66.7 87.3 89.7 120.5 79.7 51.0 45.8 49.0 56.2 65.0 76.3 78.7 103.7 91.2 88.6 90.7 93.1 93.0 88.7 95.7 100.3 103.7 106.3 106.7 109.1 110.0 113.1 110.9 123.6 124.9 128.6 131.8 131.3 171.1 293.3 368.1 266.8 200.1 183.0 270.6 235.9 276.2 298.1 344.6 345.0 287.2 287.4 365.6 457.7 450.2 449.3 461.4 489.4 506.5 511.7 533.8 534.5 623.8
-999.0 93.0 266.4 171.8 91.8 42.8 42.0 42.1 61.3 127.5 113.8 85.8 46.5 47.1 104.2 100.0 97.9 101.4 90.2 83.5 113.2 85.9 50.4 49.3 45.8 59.0 51.6 74.5 64.2 77.5 98.5 90.2 88.5 88.8 93.0 93.0 100.2 93.3 100.1 99.7 106.3 108.1 107.1 111.0 111.3 115.2 112.4 122.6 125.8 132.0 135.0 139.4 157.6 220.0 228.3 187.2 186.7 184.4 225.9 278.5 301.4 325.0 356.1 361.5 362.4 456.9 486.0 375.0 353.6 469.0 466.3 467.8 499.8 527.5 526.9 562.6
-999.0 306.2 256.2 123.1 135.5 93.9 42.6 41.3 43.7 67.3 60.8 44.1 43.0 42.8 103.8 103.4 102.8 90.3 76.7 91.8 86.9 82.8 64.3 45.1 45.3 55.7 55.7 56.6 56.4 78.1 85.4 90.2 81.5 86.0 89.1 97.6 90.0 95.6 93.3 90.2 106.4 105.2 108.4 106.3 109.8 110.0 114.0 117.3 125.1 131.0 132.1 134.1 137.4 140.6 167.3 174.7 307.0 382.1 343.8 354.8 367.8 311.8 365.0 393.8 381.8 377.9 386.8 371.7 379.2 329.2 385.1 489.6 462.0 506.5 530.0 548.4
-999.0 314.2 167.2 145.9 79.1 42.0 70.8 69.8 41.6 61.5 44.4 40.8 49.6 42.2 85.8 101.7 102.8 88.7 53.1 62.5 77.0 86.0 82.4 45.1 65.9 63.4 62.7 57.0 66.0 88.3 89.4 87.5 87.0 81.4 84.9 87.4 89.8 88.8 90.4 92.5 98.9 106.8 101.9 108.9 109.7 110.5 112.9 116.4 122.3 127.8 133.6 135.5 136.2 140.0 143.1 213.0 303.2 387.5 393.1 403.9 394.5 353.6 381.0 383.1 383.7 382.3 381.1 385.3 384.0 284.8 320.8 360.6 421.3 419.4 509.8 547.5
-999.0 124.2 119.3 87.6 82.5 91.3 110.0 87.7 50.4 54.0 44.0 54.0 42.2 42.5 43.0 60.2 66.7 54.4 41.6 55.9 63.5 51.3 49.5 43.1 64.2 55.6 59.7 61.4 93.0 62.6 77.8 77.7 75.7 80.7 79.5 84.2 88.3 89.8 90.0 90.2 98.0 106.2 108.2 105.6 109.1 110.1 120.1 114.5 124.2 132.3 134.6 137.2 140.5 139.3 158.3 226.3 303.4 361.2 403.9 449.2 421.3 388.0 373.1 409.0 399.7 415.6 415.1 399.5 327.0 283.6 309.8 349.6 290.3 332.1 485.4 479.6
388.5 337.5 128.2 133.4 90.1 141.4 122.0 93.4 77.2 46.5 45.2 49.9 42.2 43.0 42.3 42.1 41.6 42.7 46.6 41.3 44.2 44.7 53.2 61.7 46.3 48.2 50.6 65.4 59.2 61.2 65.3 64.5 66.9 80.7 81.5 80.5 78.4 82.6 87.9 91.8 93.5 101.9 106.6 108.4 110.6 113.8 122.7 119.3 124.9 142.2 136.7 139.3 139.9 142.1 144.4 197.0 288.5 341.0 397.1 428.6 402.7 369.0 373.7 401.6 394.3 401.5 381.7 391.8 371.4 454.1 283.4 291.8 297.6 291.5 293.5 323.5
133.9 117.5 89.7 43.2 95.0 131.0 93.0 95.9 82.4 63.0 80.9 51.8 42.5 42.3 41.7 41.9 41.7 42.2 47.3 41.8 43.3 47.3 129.0 94.2 43.9 48.4 51.1 52.6 58.0 60.9 63.3 64.2 69.9 76.2 80.3 78.9 76.6 77.4 89.6 92.5 97.2 100.0 105.0 108.3 109.8 116.4 116.8 118.3 130.0 130.6 131.0 137.3 138.4 141.8 141.6 173.8 292.6 317.5 356.8 361.9 376.5 372.9 361.7 383.3 412.0 410.0 428.8 417.9 397.0 394.2 307.1 283.0 300.0 286.0 289.2 300.4
123.7 93.8 57.0 89.2 116.4 118.5 140.4 95.1 128.3 90.8 93.3 85.0 86.8 90.8 125.9 123.4 84.9 48.3 48.5 47.6 63.8 71.1 128.9 129.3 57.7 48.1 52.3 56.0 59.1 61.3 62.9 62.5 64.2 66.4 74.6 74.2 77.6 78.1 86.3 105.9 94.9 102.1 118.2 119.1 116.4 116.9 117.5 117.9 124.7 128.7 129.0 136.4 139.1 139.6 137.6 147.1 188.0 257.6 355.8 372.5 359.4 358.7 355.3 367.4 382.4 391.5 411.0 417.8 404.1 408.6 297.4 257.4 292.6 297.5 298.4 290.7
-999.0 146.7 107.3 45.9 104.4 130.5 93.9 124.0 113.8 95.2 87.9 115.4 97.8 120.8 234.2 258.9 243.0 123.6 95.8 53.8 70.3 87.8 83.7 135.4 89.6 48.7 51.9 53.1 57.6 59.7 61.1 76.7 77.6 69.8 84.2 90.0 94.0 101.5 108.0 110.6 115.5 113.8 117.6 120.8 115.6 119.2 121.9 123.4 122.3 127.3 130.2 134.2 135.8 138.7 136.0 142.8 195.8 297.6 313.2 370.2 372.8 375.2 379.2 377.8 367.3 384.0 363.9 403.9 413.0 393.9 369.1 251.3 262.8 286.8 263.8 286.3
-999.0 208.0 145.7 63.6 53.6 48.2 51.0 113.7 113.3 86.5 83.6 100.1 96.9 98.2 116.9 135.8 209.9 128.3 124.3 97.7 73.4 91.6 63.2 57.6 45.3 48.1 51.6 58.3 60.1 57.9 67.6 68.4 83.2 75.4 76.6 86.0 104.3 90.2 98.7 109.0 119.5 118.5 119.8 119.0 120.0 120.8 124.8 121.3 125.3 126.0 125.9 132.0 132.2 135.0 128.3 139.8 175.4 198.7 256.7 298.4 370.5 373.0 361.2 380.4 356.1 361.1 364.8 380.9 403.3 394.9 350.6 273.0 254.5 259.9 262.1 264.0
-999.0 234.6 125.9 156.4 128.0 103.1 48.8 93.7 119.3 103.0 102.3 106.8 109.3 104.1 87.3 85.5 150.4 129.5 149.7 125.4 110.8 84.3 55.8 57.0 45.9 48.0 53.0 56.2 57.9 64.3 63.3 62.8 74.5 108.3 107.8 100.3 102.3 112.7 112.5 108.6 112.4 114.1 116.6 119.3 122.1 121.9 123.5 126.1 125.5 128.3 127.9 127.3 128.5 127.4 124.6 130.9 168.5 191.8 212.3 255.6 341.5 373.3 374.7 384.6 289.9 324.4 343.6 383.2 400.8 383.4 333.8 242.6 247.9 247.0 255.0 252.4
-999.0 145.5 153.7 201.0 128.1 144.8 60.0 99.3 99.4 89.2 118.4 88.9 93.0 87.7 87.2 82.5 124.5 152.2 94.5 130.0 128.8 128.7 82.8 64.5 45.2 47.2 51.5 58.0 59.5 61.3 59.6 67.4 68.9 88.9 103.2 107.7 114.3 112.9 119.7 119.7 116.2 121.0 118.1 122.1 122.5 123.9 124.9 123.8 126.3 127.1 125.8 128.7 126.2 124.8 123.5 125.2 126.8 205.7 204.0 230.2 313.1 351.3 354.2 317.8 283.5 279.7 335.4 381.7 395.8 367.9 326.8 267.4 243.6 252.3 251.4 251.1
-999.0 203.4 140.6 86.6 103.9 57.3 67.4 104.3 96.1 100.8 97.4 94.3 98.5 84.5 87.6 91.7 99.2 88.9 127.5 97.2 113.2 78.0 57.9 69.3 47.2 45.6 48.2 52.9 70.4 60.0 64.2 69.9 67.4 71.4 76.2 93.2 95.7 107.7 102.2 119.1 120.4 121.3 114.5 116.8 119.0 121.2 123.2 125.4 126.3 123.7 124.2 126.7 127.8 125.9 124.8 124.0 126.0 158.3 181.3 206.1 227.9 278.2 319.0 371.5 294.4 267.1 310.5 367.6 370.6 361.0 341.7 264.9 242.7 250.3 250.0 249.8
-999.0 -999.0 239.9 238.3 87.7 103.8 79.8 111.7 101.6 100.2 97.4 77.0 68.1 94.2 93.4 119.2 113.0 101.8 97.1 100.6 86.9 93.5 91.4 72.8 62.9 56.8 55.1 50.9 64.6 65.7 58.2 65.9 65.4 69.0 71.5 76.0 77.6 115.1 103.1 107.5 121.1 106.5 121.4 122.5 120.2 122.0 120.2 124.1 125.1 125.8 124.0 125.2 124.6 124.3 123.9 125.5 127.3 135.8 141.0 241.8 203.5 234.1 253.9 347.8 297.3 284.0 314.2 361.3 402.8 386.2 306.7 274.4 229.5 244.7 247.2 248.7
-999.0 -999.0 -999.0 112.3 117.7 96.6 58.2 134.0 134.9 125.3 100.4 64.2 70.8 93.6 116.4 118.0 113.5 113.8 111.1 116.5 109.9 106.3 83.7 85.8 59.1 44.5 46.7 49.9 55.2 57.8 57.4 59.2 66.4 67.5 70.4 71.9 74.1 78.9 85.9 103.1 117.2 126.6 124.6 121.4 122.3 118.2 117.7 120.1 121.5 122.2 122.1 122.7 122.0 110.5 123.1 124.3 124.7 136.8 141.1 155.4 256.5 195.9 194.7 260.1 270.7 272.9 341.9 317.3 370.4 408.2 290.2 215.8 208.2 223.9 237.1 247.0
-999.0 -999.0 -999.0 -999.0 121.6 68.4 55.1 76.4 76.0 115.7 66.2 57.9 71.7 97.8 102.8 126.9 95.2 93.6 116.8 109.4 96.5 99.9 88.6 80.9 72.2 56.9 45.9 51.8 51.1 54.8 64.2 64.5 63.6 66.5 68.4 70.1 73.8 76.5 80.5 82.8 87.2 102.9 115.1 117.6 119.3 118.7 115.9 116.7 120.4 120.7 119.2 108.9 117.1 119.5 119.4 123.7 125.7 131.4 135.3 142.9 209.9 206.8 200.7 237.5 217.6 263.9 319.2 313.8 371.2 385.3 278.7 188.6 192.8 198.2 219.3 229.9
-999.0 -999.0 -999.0 -999.0 -999.0 115.3 60.9 55.3 71.6 57.4 97.1 100.2 98.5 96.7 93.2 115.2 99.9 97.6 96.9 114.3 94.6 86.6 79.8 85.2 85.8 52.0 46.8 46.6 58.3 58.6 56.4 57.0 67.9 61.0 69.9 69.9 72.5 76.3 79.7 81.6 83.4 84.9 88.6 120.6 117.5 114.3 112.1 117.1 116.1 117.4 116.1 107.5 112.1 120.1 121.0 122.8 127.4 128.5 136.5 140.7 144.6 166.3 212.9 203.3 188.6 218.0 283.7 380.0 396.4 300.8 289.0 186.8 189.6 196.5 208.5 226.3
-999.0 -999.0 -999.0 -999.0 -999.0 -999.0 99.0 138.3 89.9 56.4 101.9 104.5 100.4 102.9 115.6 116.9 98.5 96.5 96.3 109.8 117.1 74.1 88.7 81.2 67.5 46.2 45.5 45.9 49.8 50.2 59.0 67.1 66.9 67.5 69.3 70.2 71.3 75.4 77.1 79.1 79.1 80.9 78.5 86.6 107.4 98.9 109.6 114.4 116.5 113.3 106.5 105.7 115.2 114.5 122.1 125.1 127.5 129.5 136.5 138.6 140.9 152.7 171.6 188.3 181.0 189.7 342.7 264.0 389.3 267.7 238.8 189.6 191.7 194.4 226.4 228.1
-999.0 -999.0 -999.0 -999.0 -999.0 -999.0 -999.0 -999.0 100.7 60.1 82.3 101.0 102.5 100.2 103.1 99.1 98.5 99.5 94.5 91.3 101.7 67.9 67.6 51.0 68.7 53.5 46.1 46.0 46.3 52.0 49.8 55.1 57.1 66.2 65.6 70.3 71.6 74.6 74.7 72.4 75.7 83.0 73.3 76.7 79.7 108.7 109.7 105.6 114.3 103.6 104.3 106.3 108.0 113.5 121.2 125.4 128.9 132.1 137.3 139.3 145.6 144.3 152.5 167.1 161.3 201.0 254.3 224.2 363.3 325.9 202.0 191.5 193.8 215.3 215.5 243.9
-999.0 -999.0 -999.0 -999.0 -999.0 -999.0 -999.0 -999.0 -999.0 92.7 63.7 103.6 103.0 105.0 97.4 100.7 96.0 85.8 99.4 96.7 82.4 77.8 83.7 71.8 68.3 68.9 46.2 46.0 46.4 50.9 61.6 72.1 64.4 69.0 70.9 73.8 68.9 73.9 71.7 73.0 73.4 77.4 73.3 75.4 77.8 90.5 90.5 102.9 97.7 94.1 105.7 108.1 114.0 113.4 118.4 125.5 128.6 131.7 139.1 145.2 148.6 150.4 154.8 158.8 166.1 162.6 171.3 169.0 254.2 305.0 196.7 191.7 195.9 198.6 296.5 287.4
-999.0 -999.0 -999.0 -999.0 -999.0 -999.0 -999.0 -999.0 -999.0 79.3 62.6 77.4 104.6 100.2 79.3 71.0 80.9 103.7 100.6 103.5 98.5 95.1 72.8 59.7 72.2 73.0 70.3 46.9 50.8 55.8 54.4 67.3 65.2 59.1 64.2 67.4 63.4 69.4 70.9 72.3 73.4 75.1 74.9 74.7 77.2 82.2 82.0 90.4 89.4 101.0 110.7 112.5 115.9 114.9 119.3 122.1 125.6 133.8 139.1 143.9 148.6 151.8 154.5 158.1 164.0 169.3 171.9 166.4 175.9 268.4 230.7 186.0 199.8 223.8 198.4 205.3
-999.0 -999.0 -999.0 -999.0 -999.0 -999.0 -999.0 -999.0 -999.0 106.9 66.1 64.0 95.3 77.0 70.9 69.3 103.0 101.2 107.8 102.3 120.9 98.0 90.1 74.5 62.7 47.6 46.7 47.6 51.2 54.2 55.3 55.4 54.7 56.8 59.4 59.1 59.7 63.2 65.6 74.8 70.4 71.4 74.1 73.1 76.0 78.4 89.6 85.8 90.0 94.0 104.4 108.1 110.6 113.2 119.9 123.8 126.4 130.9 138.1 142.7 148.8 151.9 153.4 157.7 161.9 168.8 166.8 164.8 174.2 204.7 229.1 196.4 197.8 205.2 194.3 258.4
