GSP_annual_reports_SRP_2024_v3/GIS/SRP_2022_Spring_Deep.tif
NCOLS 191
NROWS  209
XLLCORNER 6295515.91401
YLLCORNER 1783415.49397
CELLSIZE 1000.0
NODATA_VALUE -999
[rows 136 to 169 of 209, columns 76 to 151 of 191]
82.7 106.6 84.7 85.5 98.7 93.7 100.2 102.9 110.2 119.9 130.3 132.4 140.9 142.2 144.1 141.7 139.8 140.9 135.3 136.9 140.2 144.1 160.2 159.0 148.4 153.2 161.8 167.4 223.1 219.5 277.7 308.2 307.9 359.0 456.4 473.7 498.9 502.9 491.3 536.5 449.0 405.2 355.5 395.1 331.7 336.8 238.8 144.2 128.6 127.7 127.1 129.4 129.8 128.1 127.7 127.7 128.1 132.8 132.8 134.4 132.2 132.4 134.2 134.4 132.2 132.2 132.2 132.2 134.4 134.3 143.7 133.0 139.4 152.5 269.3 342.7
141.1 108.9 104.5 89.6 93.4 89.5 99.1 98.2 110.2 118.9 130.6 131.9 148.2 145.7 146.2 143.8 142.8 138.1 138.1 139.9 140.3 146.1 151.3 149.9 151.0 146.4 143.3 141.5 161.3 267.2 256.5 269.2 262.4 321.9 371.8 464.7 459.6 478.9 476.8 493.4 490.4 459.9 376.5 371.7 427.8 325.9 181.4 143.3 129.1 127.2 128.7 129.4 129.7 129.7 130.1 128.1 129.3 128.4 132.2 132.2 132.2 134.4 132.2 134.4 132.4 136.3 134.7 134.0 134.5 134.4 139.6 132.4 153.0 152.3 236.9 265.0
98.3 86.0 84.7 90.2 103.0 89.5 96.0 98.2 110.2 114.3 125.5 129.4 147.8 148.7 147.2 146.9 143.9 141.3 141.8 141.1 143.1 146.0 147.6 147.6 144.0 140.5 142.3 143.9 149.4 168.7 215.0 246.7 204.1 275.2 285.9 296.6 419.3 404.2 428.4 459.2 480.0 483.7 449.0 348.7 387.4 321.8 159.3 142.9 130.3 127.8 128.7 127.2 127.2 129.4 130.0 130.0 135.6 127.7 128.3 132.4 134.4 132.2 134.4 132.2 132.2 132.2 132.8 132.2 133.2 133.7 132.5 153.0 142.4 208.6 184.1 211.2
96.6 96.4 108.9 90.9 94.3 90.5 101.6 104.3 110.2 114.3 129.2 130.2 148.6 148.4 148.3 147.2 147.2 145.8 143.9 142.1 140.6 141.3 142.2 143.4 135.5 141.3 174.8 174.0 174.4 207.2 147.6 173.8 159.2 186.8 228.8 239.8 253.8 280.3 382.9 434.2 449.3 498.3 441.2 381.9 329.1 331.4 280.6 136.6 128.4 129.0 128.7 126.8 126.8 127.2 127.2 129.7 127.7 128.3 127.7 128.1 134.4 134.4 132.5 132.4 134.4 136.3 132.2 132.4 132.9 132.9 132.9 134.3 154.6 163.2 230.6 152.2
112.2 97.0 85.9 91.6 94.3 89.5 101.6 104.6 110.2 118.9 129.6 130.4 149.8 147.9 150.2 144.2 147.1 147.6 148.4 144.8 142.5 141.1 141.2 135.8 140.3 181.7 188.6 187.2 169.6 177.5 172.4 144.3 174.7 149.0 159.0 192.6 214.9 229.8 349.3 389.1 393.7 440.2 445.7 371.0 320.5 295.6 278.3 267.1 132.1 129.0 129.3 129.1 129.1 127.5 126.8 127.4 127.4 127.7 128.1 127.8 129.6 132.9 132.9 136.3 132.2 134.7 132.4 133.9 132.5 134.0 134.5 134.5 134.2 168.5 218.5 143.3
180.1 145.0 100.8 85.5 104.2 95.1 100.6 102.4 114.7 115.8 126.2 133.8 148.5 144.2 150.2 148.0 150.2 148.4 142.9 151.3 148.6 145.8 141.2 139.0 141.3 148.6 147.6 148.6 177.5 215.1 238.2 223.2 234.9 240.1 149.9 161.7 248.0 268.8 275.1 375.3 392.2 430.9 438.5 406.2 320.9 293.3 323.4 280.9 147.5 130.5 130.8 130.1 126.8 126.8 128.9 127.6 129.4 127.4 128.4 127.7 128.1 132.0 132.8 132.2 134.0 132.5 142.1 132.2 133.7 132.4 134.0 136.3 134.5 135.7 183.9 140.2
204.4 156.0 85.6 105.2 94.2 89.5 100.9 98.2 110.2 114.3 125.4 129.4 145.9 148.8 148.4 149.5 149.7 148.8 144.2 150.2 148.5 142.3 142.3 141.7 312.9 146.5 242.6 249.7 190.0 186.9 249.1 266.7 260.5 264.3 197.6 160.2 207.1 272.5 269.9 259.7 397.9 398.9 439.7 408.8 342.1 389.0 439.4 306.3 284.2 183.6 130.2 128.8 128.6 126.9 126.8 126.8 128.7 127.8 129.8 129.8 137.7 127.9 130.8 132.2 135.4 132.2 132.5 132.2 134.2 132.2 134.2 134.0 134.5 136.2 148.6 136.2
145.8 159.5 142.0 199.9 91.6 105.4 94.5 98.2 113.9 120.0 129.3 133.3 150.0 150.6 148.7 149.5 148.4 144.2 150.2 150.2 150.6 148.3 147.1 142.3 315.8 319.9 207.2 202.1 247.2 256.0 243.3 258.7 261.0 269.8 262.2 251.4 177.0 247.6 232.6 302.0 279.4 409.2 369.2 410.8 355.8 442.3 477.6 436.0 364.3 281.0 191.2 130.9 130.5 130.6 126.8 126.8 126.8 128.9 127.9 129.7 127.8 127.8 128.8 130.8 132.2 132.2 134.2 132.2 132.4 132.9 132.5 134.4 134.5 135.8 141.9 156.3
172.1 177.5 182.0 189.9 193.6 93.6 110.6 104.3 120.3 115.1 129.5 129.4 148.7 148.3 144.2 148.4 148.3 148.8 153.2 144.2 150.2 144.2 144.2 144.2 318.0 327.8 315.4 163.9 210.7 249.2 264.2 268.6 285.3 267.7 263.2 262.8 250.5 222.5 261.5 276.2 338.3 398.5 386.0 373.1 376.6 459.8 534.4 539.8 463.5 334.3 291.4 138.0 130.7 130.5 128.5 127.3 126.8 126.8 129.2 127.8 127.4 131.0 128.5 128.4 132.2 134.4 134.4 132.2 132.8 134.4 132.5 133.6 134.7 136.4 135.3 178.3
197.1 179.1 180.7 192.1 193.3 193.0 99.8 98.2 110.2 118.9 129.9 129.4 144.4 149.5 150.2 144.2 148.7 151.4 148.4 148.4 148.4 150.2 144.2 144.2 148.3 151.8 147.2 315.0 180.9 215.6 252.0 264.2 274.0 269.5 289.4 264.1 257.4 255.6 293.6 331.5 326.1 354.2 344.8 414.8 412.0 479.2 602.3 620.5 444.8 333.2 365.3 283.2 142.0 130.8 130.5 129.4 126.8 126.8 126.8 126.8 137.1 127.5 128.1 130.0 131.0 132.2 134.4 132.2 132.2 132.4 134.4 134.5 134.4 134.5 134.5 141.8
197.5 200.6 182.1 190.1 194.1 194.5 99.1 102.2 231.8 118.8 129.2 129.4 151.2 301.4 148.7 148.4 144.2 150.2 150.2 144.2 150.2 145.6 148.4 144.2 144.2 144.2 150.2 329.3 338.6 256.5 216.1 252.3 254.6 269.6 289.7 333.1 261.1 253.7 266.2 266.5 334.4 349.0 353.4 439.7 406.1 433.4 491.8 647.4 474.8 481.1 443.9 391.3 276.8 130.6 130.7 129.1 128.6 126.6 129.4 126.8 128.6 127.4 127.7 128.1 127.7 132.2 132.2 132.2 132.2 134.4 132.2 133.7 132.5 134.4 142.1 134.4
203.3 211.9 221.6 194.4 194.2 193.3 198.3 221.4 235.7 239.8 262.7 288.2 299.4 304.0 148.4 144.2 144.2 144.2 144.2 144.2 144.2 149.5 150.2 144.2 150.0 145.6 150.2 154.8 337.1 352.2 200.5 265.2 322.3 301.4 277.8 314.8 322.1 271.7 260.9 295.2 335.3 323.7 282.7 299.9 416.5 434.0 479.2 561.2 589.1 494.5 418.4 511.7 439.4 282.9 129.2 130.8 130.1 130.5 129.1 129.2 126.8 127.4 129.7 130.3 127.8 130.8 136.3 132.5 134.7 132.8 132.2 132.2 132.2 134.4 134.2 135.4
198.0 258.6 265.8 235.5 197.7 195.1 197.1 221.3 236.2 240.2 266.3 288.8 314.7 321.5 302.3 145.2 148.3 144.2 144.2 148.4 144.2 144.2 151.4 144.2 144.2 148.4 148.8 150.2 172.2 351.7 347.5 323.7 324.0 325.8 328.8 262.3 260.7 246.2 247.5 280.5 297.0 312.6 273.1 340.0 449.5 465.1 456.6 492.2 597.1 614.8 477.2 453.3 440.8 326.4 147.3 132.7 130.2 130.1 126.7 127.1 127.2 126.8 130.4 127.8 135.6 127.7 132.2 132.2 132.2 134.0 132.4 134.4 132.2 132.2 134.4 135.4
287.7 209.9 211.6 223.7 210.0 196.0 220.5 221.5 235.7 243.0 263.2 303.2 354.5 353.3 320.0 304.7 150.2 144.2 153.2 144.2 144.2 144.2 144.2 144.2 144.2 144.2 144.2 149.5 148.7 319.7 353.8 362.0 247.1 251.8 251.3 259.7 251.6 245.5 244.9 254.6 264.2 279.3 314.6 278.8 452.5 465.1 457.9 502.0 606.0 682.8 534.7 437.5 326.9 289.2 273.8 131.0 131.1 128.9 129.9 130.0 131.0 126.8 126.8 131.9 127.7 130.1 130.8 133.7 132.2 134.4 132.2 132.2 133.7 132.2 132.2 134.4
355.2 349.3 251.5 212.7 200.7 234.7 223.7 223.8 233.4 247.4 263.3 304.9 391.2 345.0 340.1 313.6 304.7 148.0 144.2 145.6 144.2 144.9 148.7 144.2 144.2 144.2 144.2 144.2 148.4 321.7 348.0 341.3 346.4 388.7 320.6 322.3 302.0 290.8 266.5 245.4 272.6 258.4 310.0 269.0 431.7 464.4 496.9 489.5 496.0 599.2 677.6 538.8 474.7 346.6 284.2 269.3 131.2 130.7 128.3 128.0 128.9 126.8 126.8 127.2 129.7 127.7 128.1 132.2 132.2 132.2 132.2 134.0 132.2 142.1 132.2 132.2
363.0 361.8 251.9 246.7 229.1 213.8 258.8 223.2 236.1 258.2 278.0 321.2 338.0 359.1 396.5 339.4 311.9 313.6 148.7 144.2 144.2 144.2 144.2 144.2 148.4 144.2 148.3 150.2 148.3 318.8 321.6 326.2 341.1 346.2 362.0 292.1 389.3 350.4 325.2 286.3 245.0 256.0 272.3 271.0 313.3 466.9 501.3 506.1 559.7 644.4 684.5 491.4 427.4 333.1 309.0 274.6 136.3 130.8 130.5 131.0 126.7 128.2 129.1 126.8 127.4 127.7 127.7 132.4 132.2 132.9 132.2 132.2 132.5 132.2 132.2 132.2
299.8 351.0 272.1 365.8 268.1 220.9 286.6 261.3 234.5 243.9 282.5 347.7 429.0 337.4 337.0 335.8 307.2 149.5 148.3 148.4 144.2 148.4 148.3 144.2 144.2 144.2 148.4 145.6 144.2 144.2 148.3 148.4 156.4 320.6 349.8 351.4 351.8 279.2 267.1 255.0 242.3 246.2 257.4 256.6 275.7 404.9 490.9 591.1 594.5 701.6 723.0 609.2 457.9 424.3 417.7 293.4 276.3 130.7 263.1 130.6 129.9 128.6 126.8 127.2 127.2 127.7 127.7 131.9 134.4 132.8 134.4 132.5 132.9 132.2 132.2 132.2
209.6 329.0 345.2 316.1 263.6 237.1 218.4 226.5 241.9 259.0 280.0 418.0 352.1 334.6 334.3 312.7 302.8 308.8 148.3 310.3 144.2 144.2 144.2 145.6 144.2 144.2 144.2 144.2 144.2 144.2 149.5 148.3 144.2 324.7 341.2 385.5 385.9 350.5 353.8 245.3 244.6 242.7 250.2 254.0 269.9 378.5 466.5 614.8 626.7 628.5 685.7 674.4 543.1 482.9 392.2 316.1 284.2 271.8 262.5 259.5 130.8 129.3 129.1 128.7 127.2 127.4 128.8 128.2 132.2 132.5 132.2 134.4 134.4 132.2 132.2 132.5
297.8 356.7 290.2 335.9 329.3 248.1 273.5 263.6 267.8 284.4 296.5 410.7 321.7 311.0 305.2 306.7 321.9 153.1 313.6 327.0 313.6 154.8 144.2 144.2 144.2 144.2 144.2 144.2 144.2 144.2 150.9 144.2 148.4 150.2 324.3 346.0 443.3 440.8 356.9 354.6 352.3 245.6 245.2 255.1 265.0 392.8 433.1 478.3 505.1 584.7 604.7 602.5 631.5 613.8 453.2 377.7 320.8 278.3 266.8 260.7 270.2 141.8 127.1 126.8 129.1 127.4 127.7 130.0 132.5 132.2 134.7 132.2 132.2 134.4 132.2 133.6
236.3 331.6 217.5 359.4 367.4 248.0 365.6 269.1 291.8 427.8 383.5 320.9 314.2 336.7 343.0 338.2 338.2 313.2 311.5 318.3 163.7 148.3 144.2 144.2 144.2 149.5 144.2 144.2 144.2 144.2 148.3 150.6 148.4 150.2 150.9 332.4 372.9 468.6 472.7 399.9 352.9 350.5 244.1 248.6 257.7 375.1 416.0 434.2 459.9 509.3 503.9 562.3 564.2 587.9 550.4 429.8 395.4 290.3 273.3 265.0 130.8 263.8 139.4 129.1 126.8 127.2 130.0 127.8 132.2 132.2 134.4 132.2 132.2 132.2 132.5 132.2
204.2 261.2 212.4 239.1 320.6 319.7 259.4 269.8 288.8 407.7 429.4 383.9 389.1 469.5 440.3 356.3 373.3 329.9 317.4 316.1 153.2 153.2 147.9 144.2 144.2 144.2 144.2 144.9 144.2 144.2 144.2 148.4 144.2 151.4 163.4 158.9 250.6 362.8 328.9 307.0 355.5 352.1 351.5 244.2 249.8 372.8 387.4 444.7 455.9 468.9 510.4 516.7 555.6 594.0 647.2 548.0 449.0 327.5 285.0 269.2 130.7 128.2 136.9 127.5 127.1 129.7 129.7 127.7 132.2 132.2 132.2 132.2 132.2 132.2 132.2 135.4
242.4 214.2 211.7 225.2 235.7 237.3 246.4 274.4 405.7 314.1 385.7 332.1 459.5 457.1 433.3 463.0 399.5 343.2 342.3 334.4 148.4 148.8 144.2 150.2 148.2 144.2 144.2 144.2 144.2 144.2 144.2 144.2 145.6 148.4 154.1 148.3 200.7 248.2 253.7 309.6 308.1 376.7 351.3 348.7 252.4 357.3 392.0 442.4 469.4 480.0 489.9 467.9 489.7 498.1 553.5 615.7 567.4 442.9 426.7 302.9 276.6 136.5 136.4 128.9 126.8 129.1 127.4 127.7 131.2 132.2 132.2 132.2 132.2 132.2 132.2 132.2
181.2 195.2 -999.0 258.2 257.2 321.2 342.9 343.7 308.1 282.6 308.5 372.4 463.8 394.1 354.2 398.2 356.9 342.8 360.2 350.3 309.4 309.8 144.2 144.2 144.2 144.2 144.2 148.7 144.2 147.9 144.2 144.2 144.2 144.2 153.1 160.3 166.0 192.8 263.7 275.3 297.0 445.2 406.5 355.8 350.9 250.5 281.4 388.2 497.9 488.5 465.1 464.5 462.2 472.7 503.1 503.0 566.0 594.3 479.6 442.7 334.2 167.0 129.8 129.1 129.1 126.9 127.4 127.7 131.5 132.2 132.2 132.2 132.2 132.2 132.2 132.2
-999.0 -999.0 -999.0 -999.0 -999.0 419.8 393.6 269.9 278.3 259.3 308.1 433.9 415.8 422.0 319.8 349.3 161.0 153.1 264.7 277.3 173.7 148.4 317.8 318.3 144.2 144.2 144.2 148.7 144.2 144.2 144.2 144.2 144.2 144.2 149.5 148.3 156.2 258.3 268.6 266.4 256.0 437.1 435.0 442.3 369.0 347.8 235.6 282.3 359.4 371.4 338.5 343.5 332.5 460.3 474.9 500.7 494.1 585.3 500.1 411.0 332.0 261.3 130.4 129.4 129.1 129.1 129.7 130.1 130.8 132.2 132.2 132.2 132.2 132.2 132.2 132.2
-999.0 -999.0 -999.0 -999.0 -999.0 -999.0 374.3 353.2 252.9 264.1 289.1 325.3 329.5 328.3 310.0 303.7 306.7 148.3 148.3 148.4 144.2 144.2 148.3 317.3 317.6 322.6 144.2 144.2 144.2 148.7 148.4 144.2 144.2 144.2 148.4 153.1 157.3 232.1 263.6 229.7 245.8 254.1 251.3 456.0 431.9 357.4 244.0 254.5 263.7 280.1 273.4 326.4 282.8 352.6 365.0 445.4 449.9 483.1 480.0 456.7 371.2 308.2 258.0 131.0 129.1 126.8 127.2 127.8 130.8 132.2 132.2 132.2 132.2 134.7 132.2 132.2
-999.0 -999.0 -999.0 -999.0 -999.0 -999.0 248.1 249.0 250.2 308.9 427.5 460.9 422.4 371.6 320.7 331.4 303.4 313.4 311.7 144.2 144.2 144.2 144.2 154.8 157.8 148.3 144.2 144.2 144.2 144.2 148.7 144.2 144.2 150.2 151.4 148.4 154.2 223.9 250.2 242.4 260.7 198.8 259.1 314.5 310.7 324.9 304.7 271.7 196.5 151.9 205.1 269.9 243.3 311.0 302.3 387.8 334.4 316.0 354.5 474.6 341.2 319.2 260.0 263.2 129.1 126.8 127.2 129.6 130.9 132.2 134.4 132.4 132.4 132.2 132.2 134.4
-999.0 -999.0 -999.0 -999.0 -999.0 -999.0 231.7 162.9 266.7 298.6 305.8 334.9 327.1 329.8 311.9 325.7 312.5 313.6 310.7 313.6 144.2 144.2 144.2 148.4 144.2 145.2 144.2 144.2 144.2 144.2 144.2 144.2 144.2 144.2 148.3 149.5 148.3 162.4 200.4 225.1 171.6 197.6 256.1 266.5 313.2 279.7 379.4 338.1 326.1 267.2 225.0 144.2 141.7 140.2 194.4 221.3 334.0 334.0 347.3 373.3 370.9 417.5 295.6 265.2 129.4 126.8 127.2 128.1 132.4 135.4 132.2 133.9 132.2 134.4 133.2 132.2
-999.0 -999.0 -999.0 -999.0 -999.0 -999.0 -999.0 213.6 200.8 243.4 261.1 288.8 299.9 303.1 304.9 306.5 311.9 313.6 349.5 350.2 313.6 313.6 150.2 144.2 144.2 144.2 144.2 144.2 144.2 144.2 144.2 145.6 144.2 148.3 150.2 144.2 148.4 148.3 148.3 168.6 262.8 174.6 247.3 275.9 249.0 316.3 435.3 393.9 424.6 313.5 267.5 252.5 142.8 140.7 165.1 166.9 313.4 301.4 310.6 330.9 340.5 324.6 270.9 136.1 128.5 126.8 127.2 127.7 130.8 132.2 132.2 132.2 132.4 132.4 132.2 132.2
-999.0 -999.0 -999.0 -999.0 -999.0 -999.0 -999.0 102.3 127.5 118.8 193.4 330.4 321.5 318.6 305.4 302.8 302.8 310.7 314.2 326.5 348.3 334.1 315.7 154.8 148.4 144.2 144.2 144.2 145.2 144.2 144.2 144.2 144.2 144.2 144.2 144.2 149.5 148.3 144.2 151.4 165.1 149.3 253.1 215.8 200.2 254.8 420.6 477.4 492.5 389.3 315.0 283.0 257.2 136.0 141.9 142.9 295.3 291.5 289.4 287.2 291.6 275.3 140.9 130.4 128.5 126.8 127.2 127.8 130.8 132.2 132.2 132.2 132.2 132.4 133.2 132.9
-999.0 -999.0 -999.0 -999.0 -999.0 -999.0 -999.0 227.6 233.4 118.8 243.7 301.4 437.6 359.4 343.8 338.0 322.4 326.7 311.9 337.6 152.8 168.7 358.0 366.7 154.8 148.3 144.2 144.2 144.2 144.2 144.2 144.2 144.2 144.2 144.2 147.9 148.4 144.2 148.4 148.3 154.8 153.1 209.4 169.7 184.2 196.1 269.6 473.2 506.6 476.9 461.4 307.6 276.0 191.0 138.1 142.4 162.2 291.0 289.7 286.8 275.3 271.1 129.3 130.4 128.1 126.8 127.5 127.7 130.8 134.4 134.1 132.5 132.4 132.2 134.0 132.8
-999.0 -999.0 -999.0 -999.0 -999.0 -999.0 -999.0 -999.0 245.1 242.0 132.7 179.4 283.6 273.8 461.6 457.2 408.3 478.6 447.9 338.5 152.6 160.5 370.2 200.2 153.2 148.4 148.3 148.3 144.2 144.2 149.5 148.7 144.2 144.2 144.2 144.2 144.2 144.2 148.3 148.4 149.9 150.1 150.3 192.4 196.2 260.0 323.7 331.0 494.9 485.3 481.6 444.3 281.5 195.2 136.7 135.2 140.5 139.4 144.2 131.0 276.7 134.8 129.1 128.2 131.7 126.8 129.4 127.7 134.7 132.2 132.9 132.2 132.2 132.2 132.2 132.2
-999.0 -999.0 -999.0 -999.0 -999.0 -999.0 -999.0 -999.0 241.4 282.1 285.6 291.7 188.9 201.1 235.9 434.2 471.2 479.3 399.7 354.2 314.9 148.6 150.2 148.3 148.4 145.2 148.3 148.4 144.2 144.2 144.2 144.2 144.2 144.2 144.2 144.2 144.2 148.4 148.4 148.3 150.2 150.8 151.3 149.4 169.7 202.1 212.8 320.9 378.7 489.4 477.6 484.1 389.7 232.5 278.1 185.6 140.3 131.8 134.0 128.1 133.4 140.2 129.2 128.2 129.5 126.8 127.2 130.0 132.2 132.2 132.2 132.2 132.2 132.8 132.2 134.7
-999.0 -999.0 -999.0 -999.0 -999.0 -999.0 -999.0 -999.0 -999.0 289.8 408.9 331.2 328.2 328.8 388.9 306.8 328.2 454.4 434.0 347.5 359.0 314.9 148.3 150.9 145.2 144.2 153.2 148.3 144.2 148.0 144.2 148.0 144.2 144.2 144.2 144.2 144.2 148.4 150.2 144.2 148.3 148.4 148.3 148.3 159.0 172.4 236.1 266.6 278.3 376.8 316.5 369.6 313.2 287.7 287.1 273.3 185.2 142.0 125.6 127.1 129.6 130.7 131.1 128.2 131.7 126.8 127.2 127.7 134.2 132.2 132.2 132.2 132.2 132.2 132.2 132.9
-999.0 -999.0 -999.0 -999.0 -999.0 -999.0 -999.0 -999.0 -999.0 -999.0 424.0 321.3 344.7 501.2 487.2 493.1 519.3 527.0 474.0 475.6 482.8 371.1 340.2 317.9 320.0 319.2 318.3 153.1 148.3 149.5 148.4 144.2 144.2 144.2 145.2 144.2 144.2 150.9 148.7 149.5 150.2 145.2 150.2 148.8 147.0 180.2 205.4 196.0 255.3 280.8 314.8 322.0 309.8 279.7 273.7 335.8 301.0 135.5 134.4 126.6 129.1 131.4 131.3 128.2 130.4 126.8 127.2 127.7 132.2 132.2 134.4 132.2 132.2 134.4 132.2 132.2
