GSP_annual_reports_SRP_2024_v3/GIS/SRP_2023_Spring_Deep.tif
NCOLS 191
NROWS  209
XLLCORNER 6295515.91401
YLLCORNER 1783415.49397
CELLSIZE 1000.0
NODATA_VALUE -999
[rows 170 to 203 of 209, columns 76 to 151 of 191]
-999.0 -999.0 -999.0 -999.0 -999.0 -999.0 -999.0 -999.0 -999.0 -999.0 -999.0 331.9 356.5 504.3 569.2 784.7 727.4 659.8 518.9 497.4 482.1 504.9 402.1 337.6 324.1 327.7 153.6 153.6 150.6 146.1 146.1 146.1 146.1 146.1 150.5 151.8 146.1 146.1 146.1 146.1 152.8 151.3 147.1 147.6 150.5 149.3 173.3 192.5 193.7 203.1 269.4 270.0 222.1 278.9 292.1 297.6 330.0 302.2 144.5 137.4 137.8 133.5 130.6 129.3 129.8 127.9 128.2 128.9 135.0 133.5 133.0 133.0 133.0 134.8 133.0 133.0
-999.0 -999.0 -999.0 -999.0 -999.0 -999.0 -999.0 -999.0 -999.0 -999.0 -999.0 -999.0 -999.0 473.1 529.5 774.2 780.8 776.6 677.3 580.8 502.2 447.0 430.8 484.4 388.0 324.3 320.4 150.5 150.6 150.6 146.1 146.1 146.1 146.1 146.1 146.1 146.1 146.1 146.1 146.1 146.1 150.6 146.1 150.5 150.6 150.1 153.3 159.7 189.4 201.7 263.8 204.4 238.0 264.2 288.2 314.3 383.4 337.2 145.1 132.8 134.5 131.3 130.5 129.4 129.8 127.9 128.2 128.8 133.1 134.9 133.0 133.0 133.0 133.2 135.1 133.2
-999.0 -999.0 -999.0 -999.0 -999.0 -999.0 -999.0 -999.0 -999.0 -999.0 -999.0 -999.0 -999.0 -999.0 -999.0 709.7 782.5 748.7 795.5 738.1 693.9 516.2 371.3 365.2 393.6 327.1 324.3 151.4 150.5 146.1 150.6 150.6 146.1 146.1 146.8 146.1 146.1 146.1 146.1 146.1 150.5 146.1 146.1 150.5 146.1 144.8 148.1 151.0 157.1 199.1 252.4 181.8 210.7 238.3 225.3 264.8 452.6 464.5 317.7 140.5 131.9 131.2 130.7 129.4 129.8 127.9 128.2 128.8 133.0 133.5 133.0 133.0 133.0 133.0 135.1 135.1
-999.0 -999.0 -999.0 -999.0 -999.0 -999.0 -999.0 -999.0 -999.0 -999.0 -999.0 -999.0 -999.0 -999.0 -999.0 -999.0 -999.0 -999.0 -999.0 -999.0 777.8 499.6 473.8 375.1 351.7 152.4 152.1 150.6 147.1 146.1 147.1 146.1 150.1 146.1 146.1 146.1 146.1 147.6 146.1 146.1 146.1 146.1 146.1 146.1 150.1 150.0 148.7 150.1 153.8 197.1 192.9 159.6 190.3 167.6 157.0 237.8 447.5 550.0 456.3 305.5 149.8 131.2 131.6 129.9 129.8 127.9 128.2 128.8 133.0 133.0 133.0 134.6 135.1 133.0 133.0 133.1
-999.0 -999.0 -999.0 -999.0 -999.0 -999.0 -999.0 -999.0 -999.0 -999.0 -999.0 -999.0 -999.0 -999.0 -999.0 -999.0 -999.0 -999.0 -999.0 -999.0 723.3 730.3 607.5 455.9 359.0 342.3 324.8 150.6 146.1 150.6 146.1 147.6 151.4 152.0 146.1 146.1 146.1 146.1 146.1 146.1 146.1 146.1 150.6 152.8 150.1 152.1 150.8 144.0 148.0 148.0 168.2 160.7 180.3 144.1 173.8 277.6 296.1 465.5 462.6 245.8 142.4 131.4 132.9 137.2 130.0 129.9 128.2 128.9 133.0 133.0 133.0 133.0 140.9 133.0 133.0 135.4
-999.0 -999.0 -999.0 -999.0 -999.0 -999.0 -999.0 -999.0 -999.0 -999.0 -999.0 -999.0 -999.0 -999.0 -999.0 -999.0 -999.0 -999.0 -999.0 -999.0 -999.0 719.4 523.0 567.0 406.1 381.3 328.2 151.5 149.9 151.4 146.1 146.1 146.1 146.1 146.1 146.1 146.1 146.1 146.1 152.0 146.1 146.1 146.1 146.1 146.1 146.1 150.1 144.0 148.7 146.2 143.8 148.2 145.6 145.6 146.9 183.0 265.4 252.2 412.1 219.1 139.6 132.1 133.4 129.4 129.9 127.9 128.4 128.8 135.4 133.0 133.0 133.1 133.0 133.0 135.1 133.0
-999.0 -999.0 -999.0 -999.0 -999.0 -999.0 -999.0 -999.0 -999.0 -999.0 -999.0 -999.0 -999.0 -999.0 -999.0 -999.0 -999.0 -999.0 -999.0 -999.0 -999.0 783.9 776.6 627.6 530.2 501.0 364.3 150.6 146.1 146.1 150.1 146.1 146.1 146.8 150.5 146.1 146.1 146.1 149.8 146.1 150.6 146.1 146.1 152.1 146.1 146.1 146.1 144.8 143.6 146.6 139.5 148.1 143.0 141.9 143.9 142.8 147.7 146.0 142.9 139.0 159.0 139.3 135.7 131.5 131.7 127.9 128.2 129.2 133.0 133.0 133.0 133.0 133.0 135.0 133.0 133.0
-999.0 -999.0 -999.0 -999.0 -999.0 -999.0 -999.0 -999.0 -999.0 -999.0 -999.0 -999.0 -999.0 -999.0 -999.0 -999.0 -999.0 -999.0 -999.0 -999.0 -999.0 -999.0 767.8 598.9 684.1 519.5 282.3 156.9 146.1 152.9 146.1 146.1 146.1 146.1 146.1 146.1 146.1 146.1 150.5 150.1 146.1 146.1 146.1 146.1 146.1 150.1 150.5 144.8 144.0 144.1 146.0 142.3 144.4 141.9 143.6 143.2 139.6 136.6 138.1 137.4 144.7 146.4 133.9 130.2 131.4 130.0 130.6 129.1 133.0 133.0 133.0 133.0 133.0 133.0 133.0 137.2
-999.0 -999.0 -999.0 -999.0 -999.0 -999.0 -999.0 -999.0 -999.0 -999.0 -999.0 -999.0 -999.0 -999.0 -999.0 -999.0 -999.0 -999.0 -999.0 -999.0 -999.0 -999.0 -999.0 514.5 448.5 426.4 265.8 155.3 146.1 146.1 146.1 150.5 146.1 146.1 150.6 150.6 150.5 150.6 146.1 146.1 146.1 146.1 146.1 146.1 146.1 146.1 146.1 144.8 144.0 143.3 140.3 142.9 137.9 145.1 137.5 143.1 138.4 138.0 138.2 137.8 137.7 131.6 133.4 129.5 129.8 127.9 128.5 129.1 133.0 133.0 133.0 133.2 133.0 133.0 133.0 137.2
-999.0 -999.0 -999.0 -999.0 -999.0 -999.0 -999.0 -999.0 -999.0 -999.0 -999.0 -999.0 -999.0 -999.0 -999.0 -999.0 -999.0 -999.0 -999.0 -999.0 -999.0 -999.0 -999.0 523.1 358.3 263.5 171.5 150.5 150.6 146.1 146.1 150.6 146.1 146.1 146.1 146.1 150.5 146.1 146.1 146.1 146.1 146.1 149.8 146.1 146.1 150.6 146.1 144.8 149.4 143.4 140.3 137.9 142.4 137.9 137.5 143.9 132.9 135.5 133.8 136.6 136.9 146.0 132.9 129.4 129.8 127.9 128.5 134.4 133.0 133.0 133.0 133.0 134.0 134.9 133.0 133.0
-999.0 -999.0 -999.0 -999.0 -999.0 -999.0 -999.0 -999.0 -999.0 -999.0 -999.0 -999.0 -999.0 -999.0 -999.0 -999.0 -999.0 -999.0 -999.0 -999.0 -999.0 -999.0 -999.0 -999.0 355.4 256.0 213.6 152.1 150.6 156.9 150.6 150.6 150.6 146.1 146.1 146.1 146.1 146.1 151.4 146.1 146.1 146.1 146.1 150.5 146.1 146.1 146.1 144.8 144.0 143.4 145.7 144.1 137.9 137.9 144.6 137.5 130.9 130.2 131.9 137.5 140.1 131.2 131.8 129.7 129.8 127.9 128.5 133.8 133.0 133.0 133.0 135.1 133.0 133.0 137.3 133.0
-999.0 -999.0 -999.0 -999.0 -999.0 -999.0 -999.0 -999.0 -999.0 -999.0 -999.0 -999.0 -999.0 -999.0 -999.0 -999.0 -999.0 -999.0 -999.0 -999.0 -999.0 -999.0 -999.0 -999.0 -999.0 -999.0 176.0 150.2 146.1 146.1 146.1 146.1 150.5 323.4 146.1 146.1 146.1 146.1 152.1 152.8 146.1 146.1 146.1 146.1 146.1 146.8 146.1 144.8 144.0 143.4 140.3 139.4 142.3 137.9 138.8 137.5 130.6 131.3 140.2 129.4 131.6 131.5 131.0 129.7 130.5 127.9 132.0 133.0 133.0 133.0 133.0 133.0 133.0 133.0 133.0 134.0
-999.0 -999.0 -999.0 -999.0 -999.0 -999.0 -999.0 -999.0 -999.0 -999.0 -999.0 -999.0 -999.0 -999.0 -999.0 -999.0 -999.0 -999.0 -999.0 -999.0 -999.0 -999.0 -999.0 -999.0 -999.0 -999.0 -999.0 -999.0 146.1 146.1 151.4 146.1 322.5 329.1 321.9 323.9 146.1 146.1 146.1 150.1 146.1 150.5 150.6 151.5 152.8 146.1 146.1 144.8 144.8 148.0 140.3 139.7 137.9 138.9 137.4 132.8 138.3 131.0 130.7 130.3 136.8 130.7 129.8 129.6 131.2 127.9 128.8 133.0 133.0 137.1 133.0 133.0 133.0 133.0 133.0 133.0
-999.0 -999.0 -999.0 -999.0 -999.0 -999.0 -999.0 -999.0 -999.0 -999.0 -999.0 -999.0 -999.0 -999.0 -999.0 -999.0 -999.0 -999.0 -999.0 -999.0 -999.0 -999.0 -999.0 -999.0 -999.0 -999.0 -999.0 -999.0 -999.0 146.1 146.1 334.5 321.7 322.1 348.4 331.6 330.9 156.9 146.1 146.1 146.1 146.1 146.1 150.5 146.1 146.1 150.1 149.3 144.0 144.2 145.3 137.9 137.9 137.9 141.7 132.8 130.7 130.8 130.7 129.7 135.4 134.6 130.5 129.6 130.6 127.9 128.8 133.0 140.9 133.0 133.0 133.0 133.0 133.0 133.0 133.0
-999.0 -999.0 -999.0 -999.0 -999.0 -999.0 -999.0 -999.0 -999.0 -999.0 -999.0 -999.0 -999.0 -999.0 -999.0 -999.0 -999.0 -999.0 -999.0 -999.0 -999.0 -999.0 -999.0 -999.0 -999.0 -999.0 -999.0 -999.0 -999.0 -999.0 150.6 321.6 379.4 326.0 330.9 348.6 323.1 326.4 146.1 325.9 151.5 146.1 146.1 150.1 150.5 146.1 146.1 149.3 144.0 145.0 144.0 137.9 143.3 139.3 137.4 132.8 130.1 136.2 131.8 130.2 131.6 132.7 129.7 130.4 129.7 127.9 128.8 133.0 133.0 133.0 133.0 133.0 133.0 133.0 133.0 133.0
-999.0 -999.0 -999.0 -999.0 -999.0 -999.0 -999.0 -999.0 -999.0 -999.0 -999.0 -999.0 -999.0 -999.0 -999.0 -999.0 -999.0 -999.0 -999.0 -999.0 -999.0 -999.0 -999.0 -999.0 -999.0 -999.0 -999.0 -999.0 -999.0 -999.0 -999.0 -999.0 322.4 323.6 331.3 343.1 343.1 331.3 327.8 327.5 327.2 146.1 146.1 146.1 150.5 146.1 146.1 145.8 148.5 147.0 145.3 137.9 137.9 137.4 133.0 132.9 129.8 132.0 129.7 130.9 131.8 134.5 130.8 129.9 127.9 128.2 128.8 133.0 133.0 133.0 133.0 133.0 133.0 133.0 133.0 133.0
-999.0 -999.0 -999.0 -999.0 -999.0 -999.0 -999.0 -999.0 -999.0 -999.0 -999.0 -999.0 -999.0 -999.0 -999.0 -999.0 -999.0 -999.0 -999.0 -999.0 -999.0 -999.0 -999.0 -999.0 -999.0 -999.0 -999.0 -999.0 -999.0 -999.0 -999.0 -999.0 -999.0 319.5 328.2 362.8 361.8 361.6 330.9 348.0 330.9 146.1 146.1 146.1 146.1 146.1 150.6 144.8 148.5 142.6 138.7 137.9 139.2 137.4 134.1 131.1 130.0 131.3 140.9 129.8 131.5 133.6 129.7 129.8 127.9 128.2 128.8 133.0 133.0 133.0 133.0 133.0 133.0 133.0 133.0 133.0
-999.0 -999.0 -999.0 -999.0 -999.0 -999.0 -999.0 -999.0 -999.0 -999.0 -999.0 -999.0 -999.0 -999.0 -999.0 -999.0 -999.0 -999.0 -999.0 -999.0 -999.0 -999.0 -999.0 -999.0 -999.0 -999.0 -999.0 -999.0 -999.0 -999.0 -999.0 -999.0 -999.0 323.7 344.0 328.2 363.8 350.8 348.3 333.9 344.9 329.6 146.1 146.1 146.1 150.6 146.1 152.4 143.4 141.2 138.7 137.9 139.2 133.8 132.8 130.0 131.3 131.2 129.6 137.2 136.4 132.5 129.7 129.8 127.9 128.2 128.8 133.0 133.0 133.0 133.0 133.0 133.0 133.0 133.0 133.0
-999.0 -999.0 -999.0 -999.0 -999.0 -999.0 -999.0 -999.0 -999.0 -999.0 -999.0 -999.0 -999.0 -999.0 -999.0 -999.0 -999.0 -999.0 -999.0 -999.0 -999.0 -999.0 -999.0 -999.0 -999.0 -999.0 -999.0 -999.0 -999.0 -999.0 -999.0 -999.0 -999.0 348.6 152.1 328.4 199.3 343.7 327.8 323.5 347.6 347.2 316.2 315.4 150.5 150.5 144.8 144.0 143.4 140.3 137.9 137.9 143.2 133.0 132.8 130.1 130.7 131.1 129.6 130.2 130.5 131.6 129.7 129.8 127.9 128.2 128.8 133.0 133.0 133.0 133.0 133.0 133.0 133.0 133.0 133.0
-999.0 -999.0 -999.0 -999.0 -999.0 -999.0 -999.0 -999.0 -999.0 -999.0 -999.0 -999.0 -999.0 -999.0 -999.0 -999.0 -999.0 -999.0 -999.0 -999.0 -999.0 -999.0 -999.0 -999.0 -999.0 -999.0 -999.0 -999.0 -999.0 -999.0 -999.0 -999.0 -999.0 366.8 155.4 152.8 150.6 153.6 157.6 366.8 355.5 317.8 348.2 327.8 319.7 146.1 144.8 144.5 147.0 146.8 137.9 139.2 137.4 133.0 132.8 130.2 130.5 131.1 130.1 131.9 130.3 129.6 129.7 129.8 127.9 128.2 128.8 133.0 133.0 133.0 133.0 133.0 133.0 133.0 133.0 133.0
-999.0 -999.0 -999.0 -999.0 -999.0 -999.0 -999.0 -999.0 -999.0 -999.0 -999.0 -999.0 -999.0 -999.0 -999.0 -999.0 -999.0 -999.0 -999.0 -999.0 -999.0 -999.0 -999.0 -999.0 -999.0 -999.0 -999.0 -999.0 -999.0 -999.0 -999.0 -999.0 -999.0 -999.0 328.3 146.1 146.1 150.6 159.9 360.5 329.6 327.8 320.1 326.1 318.8 315.3 324.4 144.5 142.6 139.5 137.9 139.2 137.4 133.0 131.0 129.7 130.7 131.4 130.4 131.9 130.2 130.6 129.7 129.8 127.9 128.2 128.8 133.0 133.0 133.0 133.0 133.0 133.0 133.0 133.0 133.0
-999.0 -999.0 -999.0 -999.0 -999.0 -999.0 -999.0 -999.0 -999.0 -999.0 -999.0 -999.0 -999.0 -999.0 -999.0 -999.0 -999.0 -999.0 -999.0 -999.0 -999.0 -999.0 -999.0 -999.0 -999.0 -999.0 -999.0 -999.0 -999.0 -999.0 -999.0 -999.0 -999.0 -999.0 327.8 328.2 146.1 146.1 146.1 155.3 152.9 323.2 320.1 316.3 321.5 318.2 321.5 147.4 141.6 138.7 137.9 137.8 133.0 133.1 130.5 128.1 131.9 131.4 130.1 131.4 130.3 129.8 129.7 129.8 127.9 128.2 128.8 133.0 133.0 133.0 133.0 133.0 133.0 133.0 133.0 133.0
-999.0 -999.0 -999.0 -999.0 -999.0 -999.0 -999.0 -999.0 -999.0 -999.0 -999.0 -999.0 -999.0 -999.0 -999.0 -999.0 -999.0 -999.0 -999.0 -999.0 -999.0 -999.0 -999.0 -999.0 -999.0 -999.0 -999.0 -999.0 -999.0 -999.0 -999.0 -999.0 -999.0 -999.0 -999.0 330.9 150.6 146.1 146.1 146.1 150.6 146.1 146.1 155.3 331.4 321.5 315.1 154.7 152.1 142.6 139.2 137.8 133.0 133.2 130.2 128.1 131.6 131.4 130.6 130.7 132.2 129.9 129.7 129.8 127.9 128.5 128.8 133.0 133.0 133.0 133.0 133.0 133.0 133.0 133.0 133.0
-999.0 -999.0 -999.0 -999.0 -999.0 -999.0 -999.0 -999.0 -999.0 -999.0 -999.0 -999.0 -999.0 -999.0 -999.0 -999.0 -999.0 -999.0 -999.0 -999.0 -999.0 -999.0 -999.0 -999.0 -999.0 -999.0 -999.0 -999.0 -999.0 -999.0 -999.0 -999.0 -999.0 -999.0 -999.0 349.3 146.1 146.1 146.1 146.1 146.1 150.0 149.8 150.5 318.3 315.1 155.4 151.0 150.5 142.3 139.2 137.8 133.0 132.8 130.1 128.9 131.6 129.5 130.6 130.1 132.2 129.9 129.7 129.8 127.9 128.2 128.8 133.0 133.0 133.0 133.0 133.0 133.0 133.0 133.0 133.0
-999.0 -999.0 -999.0 -999.0 -999.0 -999.0 -999.0 -999.0 -999.0 -999.0 -999.0 -999.0 -999.0 -999.0 -999.0 -999.0 -999.0 -999.0 -999.0 -999.0 -999.0 -999.0 -999.0 -999.0 -999.0 -999.0 -999.0 -999.0 -999.0 -999.0 -999.0 -999.0 -999.0 -999.0 -999.0 -999.0 323.4 152.8 146.1 146.1 150.1 146.1 146.1 149.8 155.0 145.2 144.1 142.6 138.7 137.9 141.8 133.8 133.0 131.0 130.1 131.0 131.6 129.0 130.6 130.1 132.9 129.9 129.7 129.8 127.9 128.2 128.8 133.0 133.0 133.0 133.0 133.0 133.0 133.0 133.0 133.0
-999.0 -999.0 -999.0 -999.0 -999.0 -999.0 -999.0 -999.0 -999.0 -999.0 -999.0 -999.0 -999.0 -999.0 -999.0 -999.0 -999.0 -999.0 -999.0 -999.0 -999.0 -999.0 -999.0 -999.0 -999.0 -999.0 -999.0 -999.0 -999.0 -999.0 -999.0 -999.0 -999.0 -999.0 -999.0 -999.0 -999.0 151.5 146.1 146.1 146.1 150.6 147.1 146.1 145.2 144.5 143.4 140.3 138.7 139.2 141.7 133.0 133.0 130.4 129.7 131.0 131.6 129.0 130.6 130.5 132.9 129.9 129.7 129.8 127.9 128.2 128.8 133.0 133.0 133.0 133.0 133.0 133.0 133.0 133.0 133.0
-999.0 -999.0 -999.0 -999.0 -999.0 -999.0 -999.0 -999.0 -999.0 -999.0 -999.0 -999.0 -999.0 -999.0 -999.0 -999.0 -999.0 -999.0 -999.0 -999.0 -999.0 -999.0 -999.0 -999.0 -999.0 -999.0 -999.0 -999.0 -999.0 -999.0 -999.0 -999.0 -999.0 -999.0 -999.0 -999.0 -999.0 146.1 150.4 146.1 146.1 150.6 146.1 147.6 145.2 144.5 143.4 140.3 137.9 137.7 137.8 133.0 133.1 130.5 128.5 130.2 131.6 129.5 130.3 130.7 133.1 129.9 129.6 129.8 127.9 128.2 128.8 133.0 133.0 133.0 133.0 133.0 133.0 133.0 133.0 133.0
-999.0 -999.0 -999.0 -999.0 -999.0 -999.0 -999.0 -999.0 -999.0 -999.0 -999.0 -999.0 -999.0 -999.0 -999.0 -999.0 -999.0 -999.0 -999.0 -999.0 -999.0 -999.0 -999.0 -999.0 -999.0 -999.0 -999.0 -999.0 -999.0 -999.0 -999.0 -999.0 -999.0 -999.0 -999.0 -999.0 -999.0 -999.0 -999.0 146.1 146.1 146.1 146.1 145.2 151.2 144.5 142.6 138.7 139.2 143.4 133.5 133.0 133.1 130.5 128.5 130.7 131.6 130.0 129.8 131.7 132.7 130.4 129.6 129.8 127.9 128.2 128.8 133.0 133.0 133.0 133.0 133.0 133.0 133.0 133.0 133.0
-999.0 -999.0 -999.0 -999.0 -999.0 -999.0 -999.0 -999.0 -999.0 -999.0 -999.0 -999.0 -999.0 -999.0 -999.0 -999.0 -999.0 -999.0 -999.0 -999.0 -999.0 -999.0 -999.0 -999.0 -999.0 -999.0 -999.0 -999.0 -999.0 -999.0 -999.0 -999.0 -999.0 -999.0 -999.0 -999.0 -999.0 -999.0 -999.0 -999.0 -999.0 146.1 146.1 145.2 144.5 143.4 141.6 143.1 137.8 137.8 133.0 133.0 130.7 130.2 128.4 -999.0 -999.0 -999.0 -999.0 131.6 132.6 128.7 129.6 130.5 127.9 128.2 128.8 133.0 133.0 133.0 133.0 133.0 133.0 133.0 133.0 133.0
-999.0 -999.0 -999.0 -999.0 -999.0 -999.0 -999.0 -999.0 -999.0 -999.0 -999.0 -999.0 -999.0 -999.0 -999.0 -999.0 -999.0 -999.0 -999.0 -999.0 -999.0 -999.0 -999.0 -999.0 -999.0 -999.0 -999.0 -999.0 -999.0 -999.0 -999.0 -999.0 -999.0 -999.0 -999.0 -999.0 -999.0 -999.0 -999.0 -999.0 -999.0 -999.0 -999.0 145.2 149.1 143.4 140.3 140.0 137.7 133.4 133.0 133.0 -999.0 -999.0 -999.0 -999.0 -999.0 -999.0 -999.0 131.4 132.6 130.0 129.6 130.5 127.9 128.2 128.8 133.0 133.0 133.0 133.0 133.0 133.0 133.0 133.0 133.0
-999.0 -999.0 -999.0 -999.0 -999.0 -999.0 -999.0 -999.0 -999.0 -999.0 -999.0 -999.0 -999.0 -999.0 -999.0 -999.0 -999.0 -999.0 -999.0 -999.0 -999.0 -999.0 -999.0 -999.0 -999.0 -999.0 -999.0 -999.0 -999.0 -999.0 -999.0 -999.0 -999.0 -999.0 -999.0 -999.0 -999.0 -999.0 -999.0 -999.0 -999.0 -999.0 -999.0 -999.0 -999.0 -999.0 -999.0 -999.0 -999.0 -999.0 -999.0 -999.0 -999.0 -999.0 -999.0 -999.0 -999.0 -999.0 -999.0 -999.0 134.0 130.0 129.6 130.5 127.9 128.2 128.8 133.0 133.0 133.0 133.0 133.0 133.0 133.0 133.0 133.0
-999.0 -999.0 -999.0 -999.0 -999.0 -999.0 -999.0 -999.0 -999.0 -999.0 -999.0 -999.0 -999.0 -999.0 -999.0 -999.0 -999.0 -999.0 -999.0 -999.0 -999.0 -999.0 -999.0 -999.0 -999.0 -999.0 -999.0 -999.0 -999.0 -999.0 -999.0 -999.0 -999.0 -999.0 -999.0 -999.0 -999.0 -999.0 -999.0 -999.0 -999.0 -999.0 -999.0 -999.0 -999.0 -999.0 -999.0 -999.0 -999.0 -999.0 -999.0 -999.0 -999.0 -999.0 -999.0 -999.0 -999.0 -999.0 -999.0 -999.0 133.2 130.0 129.6 130.5 127.9 127.9 128.8 133.0 133.0 133.0 133.0 133.0 133.0 133.0 133.0 133.0
-999.0 -999.0 -999.0 -999.0 -999.0 -999.0 -999.0 -999.0 -999.0 -999.0 -999.0 -999.0 -999.0 -999.0 -999.0 -999.0 -999.0 -999.0 -999.0 -999.0 -999.0 -999.0 -999.0 -999.0 -999.0 -999.0 -999.0 -999.0 -999.0 -999.0 -999.0 -999.0 -999.0 -999.0 -999.0 -999.0 -999.0 -999.0 -999.0 -999.0 -999.0 -999.0 -999.0 -999.0 -999.0 -999.0 -999.0 -999.0 -999.0 -999.0 -999.0 -999.0 -999.0 -999.0 -999.0 -999.0 -999.0 -999.0 -999.0 -999.0 133.2 130.0 129.6 130.5 127.9 127.9 128.8 132.1 133.0 133.0 133.0 133.0 133.0 133.0 133.0 133.0
-999.0 -999.0 -999.0 -999.0 -999.0 -999.0 -999.0 -999.0 -999.0 -999.0 -999.0 -999.0 -999.0 -999.0 -999.0 -999.0 -999.0 -999.0 -999.0 -999.0 -999.0 -999.0 -999.0 -999.0 -999.0 -999.0 -999.0 -999.0 -999.0 -999.0 -999.0 -999.0 -999.0 -999.0 -999.0 -999.0 -999.0 -999.0 -999.0 -999.0 -999.0 -999.0 -999.0 -999.0 -999.0 -999.0 -999.0 -999.0 -999.0 -999.0 -999.0 -999.0 -999.0 -999.0 -999.0 -999.0 -999.0 -999.0 -999.0 -999.0 -999.0 130.0 129.6 129.8 127.9 127.9 128.5 129.1 133.0 133.0 133.0 133.0 133.0 133.0 133.0 133.0
