GSP_annual_reports_SRP_2024_v3/GIS/SRP_2022_Fall_Deep.tif
NCOLS 191
NROWS  209
XLLCORNER 6295515.91401
YLLCORNER 1783415.49397
CELLSIZE 1000.0
NODATA_VALUE -999
[rows 34 to 67 of 209, columns 76 to 151 of 191]
516.4 525.8 548.5 580.5 596.8 812.6 804.2 829.1 862.8 867.3 924.2 937.0 940.9 950.5 1061.5 1013.2 1056.5 1025.9 1051.2 1049.3 1058.0 1068.8 1076.1 1088.9 1091.9 1093.6 1073.7 989.0 879.6 894.0 882.7 895.8 917.2 973.7 921.0 701.5 862.5 787.9 640.2 573.7 523.4 527.2 -999.0 -999.0 -999.0 -999.0 -999.0 -999.0 -999.0 -999.0 -999.0 -999.0 -999.0 -999.0 -999.0 -999.0 -999.0 -999.0 -999.0 -999.0 -999.0 -999.0 -999.0 -999.0 -999.0 -999.0 -999.0 -999.0 -999.0 -999.0 -999.0 -999.0 -999.0 -999.0 -999.0 -999.0
531.8 538.1 535.3 552.8 529.3 830.4 808.0 901.4 900.5 911.5 936.6 942.1 960.9 957.9 956.7 1044.4 1025.3 1035.2 1023.3 1049.5 1020.8 1035.2 994.2 983.7 1025.2 1002.9 1064.3 976.2 975.2 980.3 1032.7 994.5 990.9 1013.3 980.6 940.7 899.1 875.8 668.3 561.2 562.2 496.6 575.7 -999.0 -999.0 -999.0 -999.0 -999.0 -999.0 -999.0 -999.0 -999.0 -999.0 -999.0 -999.0 -999.0 -999.0 -999.0 -999.0 -999.0 -999.0 -999.0 -999.0 -999.0 -999.0 -999.0 -999.0 -999.0 -999.0 -999.0 -999.0 -999.0 -999.0 -999.0 -999.0 -999.0
586.5 543.8 535.3 551.3 560.9 801.9 831.2 857.3 898.2 918.2 922.6 940.5 954.7 956.1 956.8 1068.9 1051.3 1010.9 999.0 1065.6 1036.1 1002.8 1035.8 1012.8 1001.2 991.6 1044.6 1074.0 1016.6 1070.7 1121.2 1096.1 1117.3 1035.6 1055.6 992.8 872.0 650.1 651.5 660.5 632.1 574.8 554.2 -999.0 -999.0 -999.0 -999.0 -999.0 -999.0 -999.0 -999.0 -999.0 -999.0 -999.0 -999.0 -999.0 -999.0 -999.0 -999.0 -999.0 -999.0 -999.0 -999.0 -999.0 -999.0 -999.0 -999.0 -999.0 -999.0 -999.0 -999.0 -999.0 -999.0 -999.0 -999.0 -999.0
484.7 635.5 539.5 518.0 707.4 581.5 610.4 601.0 830.2 863.5 942.9 865.6 947.9 970.4 938.0 969.5 969.7 968.3 974.1 990.1 1014.0 1009.0 955.2 1012.8 1012.1 1011.3 1042.3 1062.8 1077.9 1063.6 1098.8 1068.3 1087.4 1105.5 993.4 984.2 947.5 998.2 998.2 864.5 704.1 659.9 600.7 537.5 -999.0 -999.0 -999.0 -999.0 -999.0 -999.0 -999.0 -999.0 -999.0 -999.0 -999.0 -999.0 -999.0 -999.0 -999.0 -999.0 -999.0 -999.0 -999.0 -999.0 -999.0 -999.0 -999.0 -999.0 -999.0 -999.0 -999.0 -999.0 -999.0 -999.0 -999.0 -999.0
520.7 655.6 517.5 520.4 546.2 553.7 602.2 799.3 764.1 834.0 827.5 730.7 917.2 968.9 942.2 923.3 954.5 909.8 982.8 981.6 1035.1 950.2 1018.8 1030.0 1090.1 1102.8 1074.0 1061.9 1062.4 1063.8 1067.2 1066.8 1073.8 1122.4 1089.8 1018.1 1008.8 1049.8 1004.1 995.7 802.8 676.2 609.2 559.1 -999.0 -999.0 -999.0 -999.0 -999.0 -999.0 -999.0 -999.0 -999.0 -999.0 -999.0 -999.0 -999.0 -999.0 -999.0 -999.0 -999.0 -999.0 -999.0 -999.0 -999.0 -999.0 -999.0 -999.0 -999.0 -999.0 -999.0 -999.0 -999.0 -999.0 -999.0 -999.0
609.1 482.7 507.4 529.0 545.4 591.6 751.4 819.5 790.4 779.0 812.7 833.6 812.6 936.3 861.7 934.5 823.6 1008.6 982.5 965.7 1020.6 1006.1 986.5 1041.1 1016.2 1077.4 1092.6 1068.7 1061.0 1062.8 1071.4 1070.4 1081.8 1084.0 1094.4 1095.5 1072.6 1095.5 1032.3 1008.4 987.4 804.1 828.4 635.0 -999.0 -999.0 -999.0 -999.0 -999.0 -999.0 -999.0 -999.0 -999.0 -999.0 -999.0 -999.0 -999.0 -999.0 -999.0 -999.0 -999.0 -999.0 -999.0 -999.0 -999.0 -999.0 -999.0 -999.0 -999.0 -999.0 -999.0 -999.0 -999.0 -999.0 -999.0 -999.0
636.8 473.7 497.9 521.6 542.2 558.3 767.4 727.0 815.1 730.8 835.5 743.5 820.2 809.8 817.7 805.5 816.7 962.6 931.7 925.0 909.5 980.9 1035.4 1046.5 1033.0 1053.8 1024.0 1114.9 1102.5 1094.3 1075.6 1070.3 1076.4 1081.7 1087.0 1087.0 1107.8 1051.5 1027.7 1031.3 987.0 918.0 828.1 818.9 630.3 -999.0 -999.0 -999.0 -999.0 -999.0 -999.0 -999.0 -999.0 -999.0 -999.0 -999.0 -999.0 -999.0 -999.0 -999.0 -999.0 -999.0 -999.0 -999.0 -999.0 -999.0 -999.0 -999.0 -999.0 -999.0 -999.0 -999.0 -999.0 -999.0 -999.0 -999.0
660.3 622.9 493.0 484.7 524.2 734.6 667.9 721.1 699.5 794.7 827.1 811.3 818.3 880.6 848.8 850.1 835.4 805.9 892.1 1008.9 1047.6 1075.8 995.6 1032.5 1051.1 1030.9 1050.3 1024.9 1067.9 1063.1 1096.9 1069.6 1086.0 1087.9 1083.4 1106.9 1086.7 1028.0 997.5 969.9 890.9 759.1 665.3 658.5 692.1 -999.0 -999.0 -999.0 -999.0 -999.0 -999.0 -999.0 -999.0 -999.0 -999.0 -999.0 -999.0 -999.0 -999.0 -999.0 -999.0 -999.0 -999.0 -999.0 -999.0 -999.0 -999.0 -999.0 -999.0 -999.0 -999.0 -999.0 -999.0 -999.0 -999.0 -999.0
609.9 672.1 547.0 506.3 678.4 640.7 696.7 737.2 778.1 803.3 826.1 776.6 908.0 847.4 865.1 885.6 919.3 956.6 980.8 1036.7 1051.5 1052.2 1063.4 1066.5 1043.0 1066.0 1068.1 1066.3 1090.4 1079.5 1041.4 1123.0 1078.8 1081.2 1082.9 1080.3 1107.1 1043.7 1016.9 982.6 771.3 755.0 610.5 620.5 546.5 544.3 -999.0 -999.0 -999.0 -999.0 -999.0 -999.0 -999.0 -999.0 -999.0 -999.0 -999.0 -999.0 -999.0 -999.0 -999.0 -999.0 -999.0 -999.0 -999.0 -999.0 -999.0 -999.0 -999.0 -999.0 -999.0 -999.0 -999.0 -999.0 -999.0 -999.0
655.3 677.3 665.7 533.6 504.0 512.5 556.1 529.2 775.9 807.3 753.8 836.1 914.1 924.0 853.4 911.7 939.5 965.9 992.4 999.4 1071.1 1047.2 1089.3 1056.5 1066.5 1074.5 1052.5 1068.7 1014.6 1014.5 1014.1 1069.6 1088.5 1090.9 1081.1 1096.9 1100.1 1038.6 1008.7 981.8 919.7 735.0 744.7 713.8 661.2 577.6 -999.0 -999.0 -999.0 -999.0 -999.0 -999.0 -999.0 -999.0 -999.0 -999.0 -999.0 -999.0 -999.0 -999.0 -999.0 -999.0 -999.0 -999.0 -999.0 -999.0 -999.0 -999.0 -999.0 -999.0 -999.0 -999.0 -999.0 -999.0 -999.0 -999.0
705.6 627.5 675.0 562.8 505.4 566.9 528.5 524.9 587.0 808.2 789.5 890.9 865.8 839.2 937.0 967.6 964.3 974.9 1011.2 1056.7 1036.0 1057.9 1042.3 1048.2 1083.4 1059.4 1047.9 1079.2 960.6 1028.3 1052.1 1064.3 1066.5 1105.0 1117.8 1128.5 1078.7 1055.5 1033.9 1032.4 861.7 711.2 799.3 845.5 729.6 611.8 -999.0 -999.0 -999.0 -999.0 -999.0 -999.0 -999.0 -999.0 -999.0 -999.0 -999.0 -999.0 -999.0 -999.0 -999.0 -999.0 -999.0 -999.0 -999.0 -999.0 -999.0 -999.0 -999.0 -999.0 -999.0 -999.0 -999.0 -999.0 -999.0 -999.0
666.7 629.0 684.4 621.6 501.7 508.2 528.7 560.4 588.5 781.8 806.8 885.1 914.4 807.9 849.0 939.4 917.7 889.4 940.5 944.4 1013.6 1077.2 1070.2 1060.2 1085.3 1084.7 993.9 1083.1 996.9 863.3 1023.6 1092.3 1072.1 1084.4 1096.6 1127.4 1060.3 1041.7 1008.2 1004.8 1008.0 908.2 964.2 972.5 776.2 664.7 523.0 -999.0 -999.0 -999.0 -999.0 -999.0 -999.0 -999.0 -999.0 -999.0 -999.0 -999.0 -999.0 -999.0 -999.0 -999.0 -999.0 -999.0 -999.0 -999.0 -999.0 -999.0 -999.0 -999.0 -999.0 -999.0 -999.0 -999.0 -999.0 -999.0
588.3 673.4 676.7 630.6 683.1 520.7 568.7 564.9 586.0 815.5 799.9 819.1 851.0 938.3 868.3 879.5 945.0 930.8 962.6 981.0 998.6 1004.5 995.2 1072.5 1072.9 1062.2 994.3 978.8 987.8 880.8 895.8 991.3 1009.4 1061.5 1065.8 1066.7 1108.6 1127.6 1062.6 1034.3 1037.3 973.3 1000.7 932.6 792.7 651.2 616.5 -999.0 -999.0 -999.0 -999.0 -999.0 -999.0 -999.0 -999.0 -999.0 -999.0 -999.0 -999.0 -999.0 -999.0 -999.0 -999.0 -999.0 -999.0 -999.0 -999.0 -999.0 -999.0 -999.0 -999.0 -999.0 -999.0 -999.0 -999.0 -999.0
580.3 603.6 678.2 729.2 715.1 673.8 548.1 549.6 562.4 584.1 793.4 832.6 876.8 940.4 939.0 977.7 978.3 973.2 977.5 1002.4 1011.1 1073.0 1023.2 1044.7 1032.9 1017.6 996.0 909.2 942.5 888.1 958.1 1011.5 1056.3 1058.4 1085.0 1074.8 1084.6 1067.1 1021.2 1028.3 994.6 944.8 969.3 860.1 682.7 689.3 541.2 -999.0 -999.0 -999.0 -999.0 -999.0 -999.0 -999.0 -999.0 -999.0 -999.0 -999.0 -999.0 -999.0 -999.0 -999.0 -999.0 -999.0 -999.0 -999.0 -999.0 -999.0 -999.0 -999.0 -999.0 -999.0 -999.0 -999.0 -999.0 -999.0
459.7 580.9 651.5 666.8 665.3 685.2 772.1 770.4 776.9 593.7 827.9 803.0 916.0 960.6 973.5 986.9 994.6 989.6 1010.0 1006.3 998.3 978.5 1016.4 1031.7 1004.1 1011.6 987.6 998.3 874.9 855.3 991.5 995.5 1108.3 1063.2 1090.3 1082.8 1070.7 1015.3 985.9 951.5 774.9 790.4 733.6 898.4 928.2 716.6 672.1 -999.0 -999.0 -999.0 -999.0 -999.0 -999.0 -999.0 -999.0 -999.0 -999.0 -999.0 -999.0 -999.0 -999.0 -999.0 -999.0 -999.0 -999.0 -999.0 -999.0 -999.0 -999.0 -999.0 -999.0 -999.0 -999.0 -999.0 -999.0 -999.0
362.2 428.6 619.3 685.7 725.4 768.0 699.8 759.1 775.1 782.7 801.6 836.2 891.2 947.2 954.2 969.8 1063.7 1072.7 1058.4 1052.5 971.1 1025.0 960.6 957.8 949.9 969.1 994.6 990.8 829.4 926.3 989.7 1053.6 1091.4 1102.4 1095.2 1136.4 1136.0 1086.5 1064.7 964.8 793.0 641.6 699.7 672.1 727.8 856.7 710.6 -999.0 -999.0 -999.0 -999.0 -999.0 -999.0 -999.0 -999.0 -999.0 -999.0 -999.0 -999.0 -999.0 -999.0 -999.0 -999.0 -999.0 -999.0 -999.0 -999.0 -999.0 -999.0 -999.0 -999.0 -999.0 -999.0 -999.0 -999.0 -999.0
323.5 381.0 486.6 589.1 715.9 719.6 704.3 756.9 769.9 727.3 763.3 788.9 808.4 807.0 928.3 977.1 1010.9 1073.6 1025.9 1024.7 998.2 1005.3 989.8 851.8 837.4 817.7 776.7 969.1 787.5 877.0 848.8 947.6 1087.4 1000.5 1066.5 1095.7 1036.9 1027.9 962.3 824.5 730.0 865.7 838.9 541.3 588.6 733.1 703.1 728.6 -999.0 -999.0 -999.0 -999.0 -999.0 -999.0 -999.0 -999.0 -999.0 -999.0 -999.0 -999.0 -999.0 -999.0 -999.0 -999.0 -999.0 -999.0 -999.0 -999.0 -999.0 -999.0 -999.0 -999.0 -999.0 -999.0 -999.0 -999.0
290.6 384.2 435.9 587.1 619.2 739.3 723.3 738.2 818.4 742.6 770.0 851.1 785.1 895.9 906.0 910.8 965.9 969.4 978.5 1004.5 1064.7 1003.8 978.2 981.4 915.6 767.1 873.2 772.8 850.0 812.5 830.8 924.6 1039.2 991.1 1043.5 1067.2 1020.8 1000.6 989.0 872.6 901.8 875.0 846.8 701.2 492.8 483.2 522.6 486.0 488.5 499.7 -999.0 -999.0 -999.0 -999.0 -999.0 -999.0 -999.0 -999.0 -999.0 -999.0 -999.0 -999.0 -999.0 -999.0 -999.0 -999.0 -999.0 -999.0 -999.0 -999.0 -999.0 -999.0 -999.0 -999.0 -999.0 -999.0
283.2 322.5 447.4 587.6 605.1 629.2 679.6 683.4 784.6 827.9 827.6 867.3 910.8 853.6 883.8 929.0 936.0 939.8 929.7 929.5 979.1 1000.7 946.9 893.0 969.1 854.4 779.3 793.1 835.1 941.8 767.1 848.7 918.4 979.6 1099.8 1120.7 1109.2 1016.2 998.2 989.6 1016.6 919.1 759.5 524.8 591.8 768.8 577.1 572.9 499.0 439.5 417.0 -999.0 -999.0 -999.0 -999.0 -999.0 -999.0 -999.0 -999.0 -999.0 -999.0 -999.0 -999.0 -999.0 -999.0 -999.0 -999.0 -999.0 -999.0 -999.0 -999.0 -999.0 -999.0 -999.0 -999.0 -999.0
257.3 291.3 376.1 429.3 460.4 597.6 608.5 693.4 739.2 746.6 823.5 876.5 927.6 917.1 915.0 923.1 887.1 898.2 852.5 883.9 966.3 984.8 936.8 779.8 936.0 844.8 769.9 824.7 938.4 937.3 923.4 947.5 963.7 1004.0 1024.5 1059.4 1112.7 1090.8 1039.8 1029.9 1048.8 987.4 639.6 694.9 813.4 848.3 728.8 705.9 761.2 693.7 605.9 449.8 -999.0 -999.0 -999.0 -999.0 -999.0 -999.0 -999.0 -999.0 -999.0 -999.0 -999.0 -999.0 -999.0 -999.0 -999.0 -999.0 -999.0 -999.0 -999.0 -999.0 -999.0 -999.0 -999.0 -999.0
245.3 250.0 304.8 329.9 492.1 544.9 569.1 690.0 660.2 667.2 781.4 875.5 812.8 820.9 843.1 846.8 734.2 767.2 764.4 779.4 664.4 726.0 741.1 814.5 758.7 783.6 707.1 825.6 893.4 903.4 929.1 967.9 993.8 1028.4 1005.3 1120.2 1087.9 1069.1 1033.4 1000.8 1004.7 871.6 824.8 755.3 808.1 907.7 933.6 936.8 771.2 726.9 500.6 442.6 432.7 -999.0 -999.0 -999.0 -999.0 -999.0 -999.0 -999.0 -999.0 -999.0 -999.0 -999.0 -999.0 -999.0 -999.0 -999.0 -999.0 -999.0 -999.0 -999.0 -999.0 -999.0 -999.0 -999.0
239.3 247.5 289.3 295.4 445.7 457.5 488.5 572.6 574.9 615.3 691.8 716.1 735.1 730.5 735.0 732.1 728.8 719.1 634.2 655.2 532.3 559.1 653.5 711.7 685.9 764.5 824.3 743.3 767.6 856.2 912.1 902.4 953.2 952.5 963.4 993.3 1053.0 1079.5 1115.7 1013.2 965.9 976.6 904.2 818.8 929.2 996.5 1004.5 925.0 775.0 735.7 498.8 591.5 450.0 462.2 -999.0 -999.0 -999.0 -999.0 -999.0 -999.0 -999.0 -999.0 -999.0 -999.0 -999.0 -999.0 -999.0 -999.0 -999.0 -999.0 -999.0 -999.0 -999.0 -999.0 -999.0 -999.0
242.8 240.5 249.4 287.2 308.8 440.3 381.6 425.6 525.8 574.4 610.2 690.9 702.5 607.2 588.5 632.2 593.1 465.8 558.0 600.3 640.2 742.5 676.5 666.8 822.1 928.4 773.1 769.0 906.4 888.9 855.5 853.1 877.8 970.9 980.7 991.2 1006.9 1122.9 1111.2 1043.4 973.7 974.8 1066.8 974.2 1083.7 1134.0 1002.3 894.4 797.1 760.0 647.8 530.6 499.7 602.9 614.2 504.8 453.0 -999.0 -999.0 -999.0 -999.0 -999.0 -999.0 -999.0 -999.0 -999.0 -999.0 -999.0 -999.0 -999.0 -999.0 -999.0 -999.0 -999.0 -999.0 -999.0
239.5 239.3 243.2 275.8 311.6 325.1 348.1 431.2 459.8 426.2 479.6 480.4 587.8 438.4 426.5 423.6 574.9 620.4 738.0 715.2 632.6 752.6 851.7 748.8 835.9 950.4 902.1 876.7 990.7 943.2 993.1 933.4 1075.9 1080.3 1137.9 1021.6 1118.9 1098.1 1098.1 1150.3 1083.0 1118.5 1069.7 1033.5 1070.6 1067.9 991.1 925.3 937.8 737.9 695.2 552.7 617.6 702.0 672.5 595.4 507.6 470.0 -999.0 -999.0 -999.0 -999.0 -999.0 -999.0 -999.0 -999.0 -999.0 -999.0 -999.0 -999.0 -999.0 -999.0 -999.0 -999.0 -999.0 -999.0
240.8 240.4 239.3 237.8 272.4 308.5 328.0 335.0 356.5 368.4 441.8 442.8 410.6 420.6 526.2 536.5 640.7 565.8 611.4 730.9 932.0 927.4 931.8 924.5 886.3 917.6 916.6 937.4 1062.4 1085.2 1043.3 990.4 1070.1 1074.7 1049.3 1091.0 1072.1 1094.9 1085.7 1087.1 1062.6 1061.6 1094.1 1059.5 1086.1 1072.6 1032.9 993.0 881.7 757.4 778.8 710.4 730.4 725.3 674.8 671.2 656.2 563.2 473.9 -999.0 -999.0 -999.0 -999.0 -999.0 -999.0 -999.0 -999.0 -999.0 -999.0 -999.0 -999.0 -999.0 -999.0 -999.0 -999.0 -999.0
235.1 230.1 236.0 230.8 255.6 316.3 337.7 336.5 342.2 352.8 382.3 446.1 377.9 417.4 440.5 436.5 470.1 596.2 806.2 676.9 785.5 930.8 825.4 944.0 1073.9 948.2 959.8 1052.7 1043.3 1029.0 1043.7 1039.7 1066.8 1058.1 1078.8 1046.1 1091.6 1082.7 1059.5 1059.5 1092.2 1098.5 1064.0 1059.5 1090.2 1081.4 1059.2 1096.4 941.7 868.1 857.8 897.2 872.2 880.9 683.1 681.6 664.9 583.4 507.6 453.4 -999.0 -999.0 -999.0 -999.0 -999.0 -999.0 -999.0 -999.0 -999.0 -999.0 -999.0 -999.0 -999.0 -999.0 -999.0 -999.0
226.8 214.3 229.7 223.7 276.4 307.0 296.3 337.8 337.0 388.0 351.6 360.8 410.7 437.3 440.5 421.4 473.0 573.8 829.8 613.0 822.0 597.8 630.5 940.5 912.6 992.6 1090.4 1025.2 1073.0 1042.9 1037.6 1025.6 1055.2 1064.7 1075.4 1083.2 1084.4 1054.4 1058.8 1093.8 1082.7 1082.7 1059.5 1083.9 1090.2 1095.4 1090.0 1031.4 982.9 1022.8 961.9 942.5 973.4 813.6 643.6 690.4 657.5 599.9 499.5 455.2 382.2 -999.0 -999.0 -999.0 -999.0 -999.0 -999.0 -999.0 -999.0 -999.0 -999.0 -999.0 -999.0 -999.0 -999.0 -999.0
247.7 253.5 267.7 268.0 277.0 278.4 304.2 337.5 342.5 350.3 346.4 358.4 403.4 438.3 461.0 443.2 474.8 517.1 589.3 590.4 551.7 487.4 565.7 629.9 847.2 1049.2 1010.6 1083.2 1047.1 1029.8 1041.8 1046.3 1056.3 1059.7 1065.9 1068.4 1083.1 1083.3 1083.3 1016.0 1113.5 1076.6 1073.6 1080.7 1080.8 1074.0 1087.2 1111.0 1066.6 1070.6 1025.6 990.9 927.7 828.0 724.7 671.8 688.8 608.3 553.8 439.3 369.7 378.9 -999.0 -999.0 -999.0 -999.0 -999.0 -999.0 -999.0 -999.0 -999.0 -999.0 -999.0 -999.0 -999.0 -999.0
274.6 287.5 240.5 209.2 270.1 274.6 298.3 305.2 342.8 343.9 350.3 352.8 359.7 450.7 432.0 454.0 441.3 482.0 556.0 580.4 463.4 526.7 681.9 930.6 1077.6 921.5 871.3 932.7 1004.5 1048.9 1049.8 1050.6 1035.9 1035.5 1068.2 1106.7 1069.8 1075.6 1109.6 1014.1 1040.9 1050.4 1045.9 1064.2 1079.2 1079.0 1073.7 1049.7 1069.2 1077.0 1040.6 1043.2 948.1 890.7 707.4 631.6 627.4 674.6 613.6 460.7 441.0 434.2 -999.0 -999.0 -999.0 -999.0 -999.0 -999.0 -999.0 -999.0 -999.0 -999.0 -999.0 -999.0 -999.0 -999.0
232.2 256.2 254.3 221.8 273.3 284.6 291.1 305.7 318.8 321.2 338.4 345.8 357.1 352.4 355.8 405.9 435.4 452.6 481.5 455.3 459.8 673.4 732.7 797.1 906.1 728.1 846.5 913.2 1000.9 1020.0 1030.1 1024.9 1042.4 1029.6 936.0 948.3 1001.4 1053.2 1094.5 947.3 1016.8 1038.6 1065.6 1068.2 1059.8 1060.9 1059.8 1045.5 1045.5 1059.8 1061.4 1073.1 951.2 892.8 904.6 694.3 559.6 558.1 656.0 540.4 458.1 407.8 -999.0 -999.0 -999.0 -999.0 -999.0 -999.0 -999.0 -999.0 -999.0 -999.0 -999.0 -999.0 -999.0 -999.0
326.1 278.0 279.8 220.0 285.7 341.1 361.4 360.7 322.3 322.9 331.2 349.6 355.5 353.8 352.1 445.2 426.5 433.9 447.0 441.4 525.2 515.4 586.8 809.9 795.1 547.1 753.5 916.2 999.6 961.5 1024.2 1026.3 1040.1 1018.0 938.5 882.1 957.9 958.7 947.4 899.2 967.5 1021.4 1103.4 1047.0 1061.9 1072.8 1041.7 1064.7 1070.7 1041.4 1042.4 1083.5 983.2 889.7 842.0 798.5 659.5 483.0 504.1 655.9 461.3 432.8 351.2 -999.0 -999.0 -999.0 -999.0 -999.0 -999.0 -999.0 -999.0 -999.0 -999.0 -999.0 -999.0 -999.0
258.1 290.7 282.1 221.5 336.0 372.0 353.7 370.7 346.8 327.7 343.9 351.8 356.4 357.0 355.4 354.3 456.8 430.0 428.7 451.7 441.2 456.5 516.2 531.3 664.5 480.5 530.1 758.9 672.9 932.8 920.4 1022.8 1075.9 1100.0 934.4 762.0 817.1 885.8 823.3 938.2 910.6 969.4 1100.5 1043.1 1059.5 1061.9 1067.4 1037.6 1050.4 1054.7 1070.1 1067.1 1049.9 946.9 896.6 862.2 612.7 669.2 467.5 440.0 383.3 355.3 378.2 -999.0 -999.0 -999.0 -999.0 -999.0 -999.0 -999.0 -999.0 -999.0 -999.0 -999.0 -999.0 -999.0
253.6 256.6 272.0 254.2 333.9 393.7 429.1 431.2 376.8 364.0 363.1 368.1 396.9 386.5 354.4 365.9 376.1 404.2 439.7 427.2 433.9 432.5 448.1 486.1 514.5 472.0 487.6 614.9 542.0 789.9 782.3 910.5 906.5 784.0 928.6 658.3 710.5 755.5 732.8 869.7 872.4 912.9 987.9 1059.2 1040.8 1058.2 1083.2 1004.1 1064.4 1006.8 1034.9 1034.9 1034.9 999.4 947.6 902.4 721.3 671.1 650.0 596.5 601.6 528.9 443.3 -999.0 -999.0 -999.0 -999.0 -999.0 -999.0 -999.0 -999.0 -999.0 -999.0 -999.0 -999.0 -999.0
220.1 225.1 230.7 244.2 294.2 338.8 498.2 544.7 461.8 428.6 382.8 376.0 374.6 383.6 357.0 362.4 360.6 361.0 394.3 446.8 462.8 437.8 450.4 443.4 435.2 441.5 466.6 491.0 521.4 580.9 570.7 780.2 715.9 598.8 679.9 705.8 661.8 619.3 710.5 789.7 848.8 891.0 933.6 1107.5 1086.8 1057.4 1097.3 936.8 947.6 1022.3 1026.4 1059.6 1097.7 1052.2 956.7 982.8 870.8 848.7 737.4 737.0 623.4 543.6 579.1 -999.0 -999.0 -999.0 -999.0 -999.0 -999.0 -999.0 -999.0 -999.0 -999.0 -999.0 -999.0 -999.0
