GSP_annual_reports_SRP_2024_v3/GIS/SRP_2023_Fall_Deep.tif
NCOLS 191
NROWS  209
XLLCORNER 6295515.91401
YLLCORNER 1783415.49397
CELLSIZE 1000.0
NODATA_VALUE -999
[rows 0 to 33 of 209, columns 0 to 75 of 191]
-999.0 -999.0 -999.0 -999.0 -999.0 -999.0 -999.0 -999.0 -999.0 -999.0 -999.0 -999.0 -999.0 -999.0 -999.0 -999.0 -999.0 -999.0 -999.0 -999.0 -999.0 -999.0 -999.0 -999.0 137.9 124.5 146.9 227.0 273.7 138.0 118.0 121.7 137.4 233.4 -999.0 -999.0 -999.0 -999.0 -999.0 -999.0 -999.0 -999.0 -999.0 -999.0 -999.0 -999.0 -999.0 -999.0 -999.0 -999.0 -999.0 -999.0 -999.0 -999.0 -999.0 -999.0 -999.0 -999.0 -999.0 -999.0 -999.0 -999.0 -999.0 -999.0 -999.0 -999.0 -999.0 -999.0 -999.0 -999.0 -999.0 -999.0 -999.0 -999.0 -999.0 -999.0
-999.0 -999.0 -999.0 -999.0 -999.0 -999.0 -999.0 -999.0 -999.0 -999.0 -999.0 -999.0 -999.0 -999.0 -999.0 -999.0 -999.0 -999.0 -999.0 -999.0 -999.0 -999.0 223.5 114.6 124.2 162.4 173.8 259.1 260.9 282.0 136.4 122.2 121.8 139.2 195.8 288.0 338.2 415.8 -999.0 -999.0 -999.0 -999.0 -999.0 -999.0 -999.0 -999.0 -999.0 -999.0 -999.0 -999.0 -999.0 -999.0 -999.0 -999.0 -999.0 -999.0 -999.0 -999.0 -999.0 -999.0 -999.0 -999.0 -999.0 -999.0 -999.0 -999.0 -999.0 -999.0 -999.0 -999.0 -999.0 -999.0 -999.0 -999.0 -999.0 -999.0
-999.0 -999.0 -999.0 -999.0 -999.0 -999.0 -999.0 -999.0 -999.0 -999.0 -999.0 -999.0 -999.0 -999.0 -999.0 -999.0 -999.0 -999.0 -999.0 -999.0 95.4 236.1 295.2 257.9 142.6 119.0 120.0 118.3 121.2 141.5 248.8 174.6 125.9 121.7 185.7 309.6 350.9 382.0 357.6 305.5 219.2 125.5 -999.0 -999.0 -999.0 -999.0 -999.0 -999.0 -999.0 -999.0 -999.0 -999.0 -999.0 -999.0 -999.0 -999.0 -999.0 -999.0 -999.0 -999.0 -999.0 -999.0 -999.0 -999.0 -999.0 -999.0 -999.0 -999.0 -999.0 -999.0 -999.0 -999.0 -999.0 -999.0 -999.0 -999.0
-999.0 -999.0 -999.0 -999.0 -999.0 -999.0 -999.0 -999.0 -999.0 -999.0 -999.0 -999.0 -999.0 -999.0 -999.0 -999.0 -999.0 -999.0 -999.0 89.7 83.9 101.0 292.0 324.4 374.2 432.7 388.1 269.9 233.5 119.4 143.0 332.9 285.5 197.5 121.7 200.4 309.7 376.0 357.6 267.9 214.9 128.3 208.7 154.9 -999.0 -999.0 -999.0 -999.0 -999.0 -999.0 -999.0 -999.0 -999.0 -999.0 -999.0 -999.0 -999.0 -999.0 -999.0 -999.0 -999.0 -999.0 -999.0 -999.0 -999.0 -999.0 -999.0 -999.0 -999.0 -999.0 -999.0 -999.0 -999.0 -999.0 -999.0 -999.0
-999.0 -999.0 -999.0 -999.0 -999.0 -999.0 -999.0 -999.0 -999.0 -999.0 -999.0 -999.0 -999.0 -999.0 -999.0 -999.0 -999.0 -999.0 74.4 77.1 81.4 100.8 193.7 264.4 368.6 499.3 493.7 494.5 339.8 115.1 236.0 383.4 386.8 287.4 189.6 121.9 254.6 334.8 373.7 340.0 273.9 137.3 132.5 200.1 92.2 119.1 -999.0 -999.0 -999.0 -999.0 -999.0 -999.0 -999.0 -999.0 -999.0 -999.0 -999.0 -999.0 -999.0 -999.0 -999.0 -999.0 -999.0 -999.0 -999.0 -999.0 -999.0 -999.0 -999.0 -999.0 -999.0 -999.0 -999.0 -999.0 -999.0 -999.0
-999.0 -999.0 -999.0 -999.0 -999.0 -999.0 -999.0 -999.0 -999.0 -999.0 -999.0 -999.0 -999.0 -999.0 -999.0 -999.0 -999.0 -999.0 70.8 70.2 76.9 99.9 96.8 128.5 243.7 240.8 317.6 202.3 158.8 244.6 328.8 379.0 462.9 421.3 431.8 251.7 151.1 264.5 382.5 350.9 268.9 155.5 136.2 125.1 144.5 108.5 135.2 125.7 -999.0 -999.0 -999.0 -999.0 -999.0 -999.0 -999.0 -999.0 -999.0 -999.0 -999.0 -999.0 -999.0 -999.0 -999.0 -999.0 -999.0 -999.0 -999.0 -999.0 -999.0 -999.0 -999.0 -999.0 -999.0 -999.0 -999.0 -999.0
-999.0 -999.0 -999.0 -999.0 -999.0 -999.0 -999.0 -999.0 -999.0 -999.0 -999.0 -999.0 -999.0 -999.0 -999.0 -999.0 -999.0 67.0 68.6 68.9 71.3 70.5 70.0 73.8 93.4 122.2 123.5 139.7 124.5 151.9 325.4 397.6 480.4 467.7 447.9 424.8 182.2 239.0 289.4 382.8 257.0 158.1 136.1 91.7 91.4 93.1 131.6 119.2 115.9 -999.0 -999.0 -999.0 -999.0 -999.0 -999.0 -999.0 -999.0 -999.0 -999.0 -999.0 -999.0 -999.0 -999.0 -999.0 -999.0 -999.0 -999.0 -999.0 -999.0 -999.0 -999.0 -999.0 -999.0 -999.0 -999.0 -999.0
-999.0 -999.0 -999.0 -999.0 -999.0 -999.0 -999.0 -999.0 -999.0 -999.0 -999.0 -999.0 -999.0 -999.0 -999.0 -999.0 63.8 67.3 68.5 69.9 79.9 67.2 63.3 70.3 62.1 124.4 168.2 254.2 272.3 217.5 359.5 489.5 491.9 508.2 420.5 328.9 240.0 125.8 184.3 276.8 311.7 226.0 141.5 116.6 115.1 120.8 97.4 139.9 182.9 237.7 -999.0 -999.0 -999.0 -999.0 -999.0 -999.0 -999.0 -999.0 -999.0 -999.0 -999.0 -999.0 -999.0 -999.0 -999.0 -999.0 -999.0 -999.0 -999.0 -999.0 -999.0 -999.0 -999.0 -999.0 -999.0 -999.0
-999.0 -999.0 -999.0 -999.0 -999.0 -999.0 -999.0 -999.0 -999.0 -999.0 -999.0 -999.0 -999.0 -999.0 -999.0 62.9 61.7 57.4 65.0 68.8 67.5 60.0 66.2 67.3 64.9 129.9 145.2 291.2 391.3 348.7 341.4 334.2 402.7 526.9 459.9 382.4 312.6 148.0 140.4 172.1 264.2 176.3 140.3 171.1 154.1 170.1 230.5 255.1 123.5 182.0 -999.0 -999.0 -999.0 -999.0 -999.0 -999.0 -999.0 -999.0 533.8 575.1 592.2 577.1 584.0 570.3 507.4 399.5 471.5 333.4 339.8 -999.0 -999.0 -999.0 -999.0 -999.0 -999.0 -999.0
-999.0 -999.0 -999.0 -999.0 -999.0 -999.0 -999.0 -999.0 -999.0 -999.0 -999.0 -999.0 -999.0 -999.0 -999.0 64.4 64.0 60.2 63.1 63.4 55.9 70.1 65.2 67.1 65.2 72.5 191.7 273.4 413.5 489.6 424.2 401.6 401.2 513.7 476.5 385.6 310.1 170.6 127.5 125.2 149.7 171.3 213.0 167.8 169.3 200.6 202.1 239.5 191.7 162.2 214.7 -999.0 -999.0 -999.0 -999.0 432.2 434.5 500.7 491.2 543.8 589.5 568.2 578.0 586.3 589.1 506.9 471.6 530.8 484.5 363.0 483.2 -999.0 -999.0 -999.0 -999.0 -999.0
-999.0 -999.0 -999.0 -999.0 -999.0 -999.0 -999.0 -999.0 -999.0 -999.0 -999.0 -999.0 -999.0 -999.0 57.8 64.3 63.7 59.5 62.6 62.8 56.3 63.9 63.5 62.5 61.6 61.7 117.7 200.7 415.2 397.7 483.7 481.9 511.0 519.2 502.2 450.9 345.5 258.1 268.5 282.4 298.5 311.7 217.3 126.1 137.7 206.6 215.3 288.2 296.7 305.4 217.0 317.4 -999.0 319.4 395.1 336.4 432.2 472.5 437.4 539.8 580.0 592.5 586.3 579.0 609.8 476.8 477.0 575.6 593.6 409.9 474.6 460.9 -999.0 -999.0 -999.0 -999.0
-999.0 -999.0 -999.0 -999.0 -999.0 -999.0 -999.0 -999.0 -999.0 -999.0 -999.0 -999.0 -999.0 -999.0 62.2 57.8 62.8 59.8 57.4 62.6 64.6 63.0 62.3 60.2 56.1 58.0 87.4 150.6 231.0 422.8 415.3 424.9 488.1 482.8 511.0 469.0 382.5 373.9 375.2 372.5 370.7 368.6 305.4 171.6 158.8 166.8 242.8 179.8 282.3 208.0 218.7 290.7 286.3 353.7 353.6 433.1 395.2 451.1 442.7 535.1 552.0 578.3 591.3 590.6 607.9 583.6 480.1 570.6 589.6 466.5 446.4 541.2 574.4 -999.0 -999.0 -999.0
-999.0 -999.0 -999.0 -999.0 -999.0 -999.0 -999.0 -999.0 -999.0 -999.0 -999.0 -999.0 -999.0 -999.0 57.8 61.7 69.7 61.1 58.5 60.9 61.8 60.4 63.5 58.1 55.8 81.4 126.4 124.8 190.6 291.0 430.5 432.8 395.0 420.6 494.1 484.0 441.8 401.8 375.3 365.0 326.0 305.8 255.2 248.3 143.6 170.1 166.6 302.8 234.5 349.9 273.9 286.9 209.4 303.8 317.7 472.0 422.9 424.8 456.3 483.6 537.3 594.0 594.1 574.7 606.4 589.1 466.2 563.2 600.9 472.4 460.0 462.2 489.6 520.6 -999.0 -999.0
-999.0 -999.0 -999.0 -999.0 -999.0 -999.0 -999.0 -999.0 -999.0 -999.0 -999.0 -999.0 -999.0 -999.0 117.6 59.3 56.0 56.2 56.6 55.6 59.1 57.9 57.8 79.2 57.8 75.0 88.7 97.9 111.1 150.3 173.5 254.0 390.1 397.3 392.3 388.7 440.5 406.4 362.9 368.7 370.7 373.6 314.1 220.1 147.7 120.1 159.7 234.7 202.8 293.8 234.8 238.7 238.3 295.8 309.0 373.5 479.6 442.8 432.6 470.0 484.4 573.0 588.0 584.2 592.5 590.4 575.1 560.3 571.3 545.9 440.7 415.8 442.2 452.3 438.6 435.8
-999.0 -999.0 -999.0 -999.0 -999.0 -999.0 -999.0 -999.0 -999.0 -999.0 -999.0 -999.0 -999.0 -999.0 87.2 56.4 54.5 55.7 56.3 55.6 56.9 58.8 68.1 67.7 66.4 66.8 77.3 76.0 95.5 112.7 212.9 203.1 249.8 219.6 291.7 387.4 402.5 383.4 361.2 360.5 341.5 376.6 364.4 305.5 266.3 193.4 135.0 153.9 194.8 251.5 170.0 266.9 332.9 406.9 321.9 491.7 412.4 434.9 454.7 463.0 496.8 515.4 572.7 603.1 577.5 576.7 598.4 571.6 525.2 546.6 451.8 437.3 429.1 422.2 446.2 517.6
-999.0 -999.0 -999.0 -999.0 -999.0 -999.0 -999.0 -999.0 -999.0 -999.0 -999.0 -999.0 -999.0 -999.0 62.9 56.8 56.3 55.4 55.6 65.6 62.3 57.1 64.4 66.1 67.2 67.9 65.1 79.7 97.8 108.5 138.4 153.2 201.6 198.0 201.1 206.0 407.2 411.2 360.0 296.6 327.9 341.3 321.7 235.0 278.1 303.8 281.2 131.8 215.8 211.0 160.0 304.7 293.2 349.8 321.2 454.5 367.8 485.8 452.1 456.8 486.6 518.4 506.8 588.0 630.9 574.5 586.3 587.3 576.6 564.9 459.2 409.7 414.9 411.0 434.3 449.9
-999.0 -999.0 -999.0 -999.0 -999.0 -999.0 -999.0 -999.0 -999.0 -999.0 -999.0 -999.0 -999.0 -999.0 120.7 61.8 58.7 53.5 55.1 55.1 54.7 56.8 56.3 59.7 64.0 65.6 71.8 73.8 92.0 114.1 129.8 144.0 188.3 149.5 240.4 404.2 336.6 305.9 234.9 268.2 320.5 305.9 311.0 302.9 263.2 366.9 314.5 237.6 250.1 191.7 311.7 228.4 271.1 459.2 430.7 381.4 404.9 429.9 479.8 439.7 466.6 510.9 516.7 628.2 582.6 608.9 580.5 560.4 565.9 559.1 442.6 422.9 382.3 407.5 437.7 448.9
-999.0 -999.0 -999.0 -999.0 -999.0 -999.0 -999.0 -999.0 -999.0 -999.0 -999.0 -999.0 -999.0 -999.0 119.5 122.3 58.1 57.1 56.6 56.0 55.4 55.4 56.4 58.5 65.0 64.9 63.6 74.3 96.4 105.7 101.8 150.8 144.4 239.0 240.9 283.3 189.5 268.9 229.1 267.1 272.6 292.3 364.9 366.5 345.5 342.6 320.9 205.3 177.9 285.1 424.5 310.5 336.1 284.2 408.5 417.2 376.7 399.3 439.8 484.5 479.1 509.3 519.4 536.0 680.8 631.9 596.6 581.9 550.1 544.5 434.5 425.9 429.8 428.7 416.3 448.6
-999.0 -999.0 -999.0 -999.0 -999.0 -999.0 -999.0 -999.0 -999.0 -999.0 -999.0 -999.0 -999.0 -999.0 185.1 125.8 56.1 54.1 55.2 56.3 65.7 57.0 54.8 55.5 56.7 64.8 60.4 78.3 87.9 81.8 133.1 139.5 124.9 130.2 166.2 212.2 231.7 191.6 215.2 160.7 231.8 290.3 413.6 374.9 304.8 324.5 318.2 255.3 253.9 208.2 248.9 340.0 429.4 251.5 430.0 394.7 459.4 389.9 429.9 463.7 491.5 484.7 512.1 530.2 548.3 639.1 611.0 537.7 547.6 545.9 522.1 466.2 433.2 429.8 435.3 445.7
-999.0 -999.0 -999.0 -999.0 -999.0 -999.0 -999.0 -999.0 -999.0 -999.0 -999.0 -999.0 -999.0 -999.0 152.6 124.8 53.0 54.5 55.3 55.1 55.5 57.3 56.0 56.8 63.2 64.5 91.0 97.2 102.3 116.2 95.8 117.0 110.5 132.5 143.2 149.1 174.1 217.4 159.6 144.5 147.5 186.1 260.6 407.6 301.8 330.0 333.6 243.0 283.9 199.9 306.9 433.7 385.4 427.9 343.5 389.1 441.5 397.5 419.0 465.8 472.6 501.9 493.1 520.8 558.9 617.5 637.1 590.3 538.8 546.4 517.1 498.1 476.6 421.2 444.3 464.6
-999.0 -999.0 -999.0 -999.0 -999.0 -999.0 -999.0 -999.0 -999.0 -999.0 -999.0 -999.0 -999.0 -999.0 125.1 55.6 52.1 53.5 53.0 54.5 54.0 62.6 56.4 58.9 56.6 57.7 62.4 69.3 68.3 107.3 117.8 104.4 100.8 127.9 157.9 176.6 158.6 151.0 124.3 139.3 156.7 234.2 394.0 247.5 323.3 341.3 391.9 393.4 303.2 346.5 293.8 426.9 401.8 446.6 407.2 409.1 373.3 423.9 451.7 432.7 449.8 477.4 505.4 494.8 529.9 535.4 569.4 627.6 614.5 630.3 548.9 521.0 493.0 440.3 437.7 495.7
-999.0 -999.0 -999.0 -999.0 -999.0 -999.0 -999.0 -999.0 -999.0 -999.0 -999.0 -999.0 -999.0 -999.0 167.0 87.6 51.1 53.6 54.1 52.9 53.8 54.7 54.0 58.1 57.1 61.4 61.0 66.5 66.2 69.5 77.3 109.0 94.2 111.7 118.4 129.2 144.2 119.3 140.3 199.4 155.6 224.7 263.4 240.3 228.4 260.0 377.3 364.2 384.0 381.9 285.6 374.4 397.1 425.2 373.1 383.3 425.7 396.5 412.0 421.3 455.2 470.6 491.4 503.0 506.5 528.4 499.3 546.8 610.5 555.6 531.4 529.2 488.5 496.3 437.1 447.1
-999.0 -999.0 -999.0 -999.0 -999.0 -999.0 -999.0 -999.0 -999.0 -999.0 -999.0 -999.0 -999.0 -999.0 196.6 98.7 83.5 58.4 53.1 51.8 49.9 52.5 54.1 56.5 56.8 58.9 74.7 63.2 66.6 72.6 73.0 77.4 85.6 93.8 107.7 133.3 133.8 118.3 168.4 186.5 196.4 149.5 176.8 170.8 197.0 276.6 282.5 302.7 427.3 431.3 388.9 414.6 389.2 371.6 420.5 397.2 386.1 440.0 372.4 383.6 418.7 435.5 484.2 479.3 505.4 510.3 518.3 549.9 553.5 541.8 551.1 551.9 519.7 520.2 522.9 460.5
-999.0 -999.0 -999.0 -999.0 -999.0 -999.0 -999.0 -999.0 -999.0 -999.0 -999.0 -999.0 -999.0 -999.0 193.6 173.0 84.2 64.2 55.7 50.4 52.0 52.4 50.7 55.3 55.3 60.5 74.7 61.0 67.3 71.4 74.3 76.2 80.0 83.5 88.4 111.7 98.0 114.6 149.8 232.4 243.2 237.0 157.4 161.9 192.8 214.9 341.1 379.8 421.2 382.1 402.4 380.6 374.0 385.2 382.4 383.5 374.6 387.3 461.7 371.7 410.1 418.0 454.7 480.0 493.3 499.3 497.3 555.9 554.5 563.2 560.5 566.0 576.8 536.3 572.9 483.4
-999.0 -999.0 -999.0 -999.0 -999.0 -999.0 -999.0 -999.0 -999.0 -999.0 -999.0 -999.0 -999.0 -999.0 194.0 168.6 69.6 65.3 54.3 52.0 49.8 51.1 50.7 52.9 56.2 56.5 79.3 73.1 73.2 74.2 75.9 73.8 78.5 79.3 83.9 90.4 108.4 119.7 142.0 172.7 145.4 242.0 222.1 168.0 198.9 233.4 279.7 298.2 384.0 401.0 369.0 412.6 391.2 389.7 429.4 387.3 390.1 377.0 425.2 373.9 367.9 413.9 454.0 464.3 499.9 508.7 502.3 568.2 562.4 577.0 567.1 550.4 558.6 558.8 597.6 615.5
-999.0 -999.0 -999.0 -999.0 -999.0 -999.0 -999.0 -999.0 -999.0 -999.0 -999.0 -999.0 -999.0 -999.0 134.7 154.5 58.4 54.6 65.4 50.7 51.9 51.2 50.4 51.3 54.9 75.0 76.4 69.2 68.6 70.1 70.0 66.3 78.3 81.3 81.7 87.1 90.5 101.6 118.0 108.7 128.5 166.7 249.8 191.4 189.2 199.5 265.4 288.0 296.0 312.7 378.7 454.3 444.5 445.6 444.2 396.8 454.0 510.2 399.5 468.8 394.4 403.4 441.0 459.4 528.3 539.6 512.8 557.1 545.5 553.1 565.9 568.8 572.3 604.4 573.4 587.9
-999.0 -999.0 -999.0 -999.0 -999.0 -999.0 -999.0 -999.0 -999.0 -999.0 -999.0 -999.0 -999.0 -999.0 157.9 82.1 57.9 55.3 53.9 54.2 53.1 50.9 51.7 51.9 82.1 82.4 85.1 66.2 63.5 68.3 66.8 70.6 76.0 81.2 85.0 86.9 86.8 90.7 100.0 105.5 113.9 142.8 249.8 231.7 160.3 251.1 296.4 336.2 303.4 414.6 433.4 416.5 424.8 435.9 441.7 421.1 485.1 464.3 501.2 478.6 426.0 432.1 481.7 495.3 481.8 504.4 447.4 461.1 462.9 458.3 574.2 582.3 588.4 587.8 590.2 606.8
-999.0 -999.0 -999.0 -999.0 -999.0 -999.0 -999.0 -999.0 -999.0 -999.0 -999.0 -999.0 -999.0 -999.0 207.1 148.6 70.7 64.4 53.5 54.6 65.9 53.4 52.1 50.7 86.3 82.3 83.3 67.3 64.3 66.9 68.2 68.8 71.8 77.3 82.1 85.6 86.1 86.1 90.4 95.2 106.9 114.8 193.9 233.2 156.3 159.5 219.7 248.2 307.7 306.5 394.9 401.4 416.1 436.2 437.5 421.5 422.5 377.5 461.4 461.1 471.7 457.4 473.9 474.3 461.6 525.9 437.7 433.4 541.3 558.6 579.5 583.6 594.7 614.4 597.3 616.9
-999.0 -999.0 -999.0 -999.0 -999.0 -999.0 -999.0 -999.0 -999.0 -999.0 -999.0 -999.0 -999.0 -999.0 252.3 164.8 147.7 64.3 60.8 53.9 53.0 53.2 51.3 51.5 66.4 79.9 74.5 60.9 65.6 67.6 69.1 67.8 71.7 76.0 75.5 81.2 83.6 85.1 86.6 86.6 101.9 109.7 110.6 174.6 249.0 147.6 239.7 288.5 203.3 285.5 346.3 420.2 429.1 417.5 427.8 444.1 442.1 405.6 353.2 396.9 383.8 405.4 376.7 457.6 418.3 386.4 438.6 444.1 582.7 585.1 594.0 605.2 617.9 582.8 643.7 657.0
-999.0 -999.0 -999.0 -999.0 -999.0 -999.0 -999.0 -999.0 -999.0 -999.0 -999.0 -999.0 -999.0 -999.0 245.7 198.8 143.3 63.7 59.5 54.5 53.3 52.9 64.3 52.3 84.4 84.6 80.2 60.5 60.7 66.3 67.2 70.7 73.9 77.1 79.6 83.2 83.4 86.9 90.1 85.5 84.0 93.9 107.8 112.3 229.5 128.1 190.5 175.8 193.3 290.1 443.6 415.6 421.1 437.2 421.2 444.5 426.1 438.7 415.1 358.2 351.5 395.8 378.2 369.7 383.5 380.6 438.6 538.8 528.1 567.0 594.9 610.3 607.3 618.0 617.3 683.1
-999.0 -999.0 -999.0 -999.0 -999.0 -999.0 -999.0 -999.0 -999.0 -999.0 -999.0 -999.0 -999.0 -999.0 177.2 191.3 152.4 61.8 58.8 55.3 53.8 54.6 54.1 52.1 85.1 88.0 80.9 63.6 60.0 67.9 64.7 71.3 75.0 77.9 74.3 83.9 83.0 87.1 90.3 88.1 83.5 80.8 92.5 100.3 105.9 111.5 146.2 152.7 170.5 266.8 253.6 382.9 389.5 458.7 450.9 452.8 451.4 449.7 410.5 400.6 397.9 406.2 404.5 366.2 375.9 382.3 395.8 413.2 464.6 461.9 566.1 613.9 610.2 627.7 660.1 550.4
-999.0 -999.0 -999.0 -999.0 -999.0 -999.0 -999.0 -999.0 -999.0 -999.0 -999.0 -999.0 -999.0 -999.0 217.7 162.5 149.5 62.8 56.2 54.7 54.1 54.2 52.6 51.8 77.4 78.2 70.2 66.7 61.5 64.1 66.5 71.6 75.2 72.5 75.1 79.9 81.8 87.3 89.0 88.7 82.3 79.9 85.5 94.0 110.3 239.3 262.0 233.5 237.4 325.3 302.2 430.4 431.2 391.7 405.4 448.7 448.7 448.8 456.5 403.9 419.7 464.2 444.4 447.9 464.6 465.1 525.6 441.1 457.1 553.6 468.7 582.7 634.0 613.0 663.0 538.6
-999.0 -999.0 -999.0 -999.0 -999.0 -999.0 -999.0 -999.0 -999.0 -999.0 -999.0 -999.0 -999.0 -999.0 158.0 213.2 157.3 53.9 65.4 54.3 54.6 52.5 52.7 54.7 88.0 77.9 68.8 70.4 61.3 62.2 65.1 69.8 72.5 72.6 71.7 77.0 81.9 82.3 84.4 86.1 85.5 77.5 81.9 86.7 103.4 119.1 255.3 359.6 363.4 319.4 286.6 375.1 343.8 436.6 402.2 422.4 464.2 451.7 452.4 411.7 398.3 450.1 488.9 490.6 502.3 527.6 528.4 535.1 446.9 570.5 504.6 454.3 622.9 608.0 647.3 658.2
-999.0 -999.0 -999.0 -999.0 -999.0 -999.0 -999.0 -999.0 -999.0 -999.0 -999.0 -999.0 -999.0 195.9 173.8 149.3 134.0 59.4 53.8 54.1 54.1 52.7 54.6 54.7 52.4 92.8 79.2 56.0 61.3 58.4 65.0 69.9 64.9 73.0 60.5 76.5 83.9 85.9 84.3 86.4 82.5 82.3 78.3 80.1 84.2 111.5 228.3 176.0 390.7 250.9 328.4 292.5 259.6 321.0 436.5 415.7 457.3 447.1 414.6 336.4 412.3 471.2 531.7 495.6 505.9 506.7 514.9 557.1 513.8 545.0 580.2 498.9 467.4 600.1 642.6 519.6
