GSP_annual_reports_SRP_2024_v3/GIS/SRP_2023_Fall_Shallow.tif
NCOLS 191
NROWS  209
XLLCORNER 6295515.91401
YLLCORNER 1783415.49397
CELLSIZE 1000.0
NODATA_VALUE -999
[rows 33 to 65 of 209, columns 76 to 151 of 191]
548.0 542.2 553.2 581.2 590.3 832.7 824.3 726.8 856.6 942.6 906.7 900.9 917.9 941.4 990.2 1054.4 1027.1 966.9 1076.2 1056.4 1111.2 1090.1 1078.3 1082.7 1079.3 1076.3 1075.5 1068.1 980.6 886.9 767.3 662.3 684.2 671.1 675.9 600.7 656.7 637.3 585.8 574.6 560.6 -999.0 -999.0 -999.0 -999.0 -999.0 -999.0 -999.0 -999.0 -999.0 -999.0 -999.0 -999.0 -999.0 -999.0 -999.0 -999.0 -999.0 -999.0 -999.0 -999.0 -999.0 -999.0 -999.0 -999.0 -999.0 -999.0 -999.0 -999.0 -999.0 -999.0 -999.0 -999.0 -999.0 -999.0 -999.0
523.4 531.9 555.8 589.5 605.2 822.8 814.3 836.7 870.6 872.5 930.2 940.5 943.0 951.6 1066.0 1021.7 1062.7 1030.6 1056.8 1057.3 1064.5 1075.3 1082.2 1094.4 1096.3 1099.4 1079.5 995.4 889.2 903.3 892.4 906.9 925.9 979.8 928.3 710.4 874.7 797.4 653.5 584.9 533.9 538.5 -999.0 -999.0 -999.0 -999.0 -999.0 -999.0 -999.0 -999.0 -999.0 -999.0 -999.0 -999.0 -999.0 -999.0 -999.0 -999.0 -999.0 -999.0 -999.0 -999.0 -999.0 -999.0 -999.0 -999.0 -999.0 -999.0 -999.0 -999.0 -999.0 -999.0 -999.0 -999.0 -999.0 -999.0
536.9 545.3 540.8 560.6 532.4 842.3 820.9 907.0 904.6 915.5 940.1 945.4 961.3 959.4 957.1 1048.9 1031.0 1042.8 1027.3 1056.4 1026.0 1039.2 998.8 987.6 1029.7 1007.1 1068.0 981.3 980.5 985.3 1036.2 998.5 994.9 1017.6 984.6 949.2 908.0 888.5 678.5 570.6 576.6 507.6 586.6 -999.0 -999.0 -999.0 -999.0 -999.0 -999.0 -999.0 -999.0 -999.0 -999.0 -999.0 -999.0 -999.0 -999.0 -999.0 -999.0 -999.0 -999.0 -999.0 -999.0 -999.0 -999.0 -999.0 -999.0 -999.0 -999.0 -999.0 -999.0 -999.0 -999.0 -999.0 -999.0 -999.0
583.9 547.5 539.7 557.4 567.3 806.0 842.6 867.9 901.6 921.6 925.2 943.5 957.0 958.4 959.8 1075.2 1056.9 1013.5 1001.1 1070.6 1041.1 1004.9 1040.4 1017.6 1005.7 995.1 1048.5 1078.6 1018.6 1077.1 1127.2 1103.7 1123.6 1039.5 1060.4 996.9 882.4 661.1 662.7 669.2 640.6 582.7 568.2 -999.0 -999.0 -999.0 -999.0 -999.0 -999.0 -999.0 -999.0 -999.0 -999.0 -999.0 -999.0 -999.0 -999.0 -999.0 -999.0 -999.0 -999.0 -999.0 -999.0 -999.0 -999.0 -999.0 -999.0 -999.0 -999.0 -999.0 -999.0 -999.0 -999.0 -999.0 -999.0 -999.0
485.8 630.7 544.0 522.2 706.3 590.3 619.3 610.0 839.5 871.2 949.3 873.0 951.0 971.7 944.2 972.7 972.0 970.8 976.8 994.5 1019.3 1015.2 963.9 1016.3 1016.8 1014.3 1044.5 1071.9 1085.4 1072.6 1106.0 1076.8 1092.1 1110.8 996.3 989.9 955.8 1002.3 1002.4 876.1 712.0 672.8 608.9 550.0 -999.0 -999.0 -999.0 -999.0 -999.0 -999.0 -999.0 -999.0 -999.0 -999.0 -999.0 -999.0 -999.0 -999.0 -999.0 -999.0 -999.0 -999.0 -999.0 -999.0 -999.0 -999.0 -999.0 -999.0 -999.0 -999.0 -999.0 -999.0 -999.0 -999.0 -999.0 -999.0
521.4 651.4 521.7 524.3 552.8 560.5 610.9 804.9 773.0 837.7 836.9 733.7 923.9 972.1 949.5 932.7 958.3 917.4 986.5 989.2 1039.3 958.6 1023.0 1032.3 1095.0 1108.2 1081.4 1070.8 1071.5 1072.6 1075.9 1075.7 1082.9 1130.8 1097.2 1022.0 1012.9 1053.1 1009.2 1000.7 811.9 686.0 617.2 567.9 -999.0 -999.0 -999.0 -999.0 -999.0 -999.0 -999.0 -999.0 -999.0 -999.0 -999.0 -999.0 -999.0 -999.0 -999.0 -999.0 -999.0 -999.0 -999.0 -999.0 -999.0 -999.0 -999.0 -999.0 -999.0 -999.0 -999.0 -999.0 -999.0 -999.0 -999.0 -999.0
608.4 484.3 512.9 533.4 549.2 598.7 758.0 826.1 790.2 791.9 826.5 839.2 817.7 941.7 872.3 945.8 828.9 1011.5 986.8 978.3 1028.4 1014.6 994.0 1042.8 1017.4 1082.1 1099.5 1074.2 1069.9 1071.5 1079.3 1075.8 1089.6 1092.5 1101.5 1099.9 1077.5 1102.9 1035.4 1014.7 993.5 813.8 841.5 644.0 -999.0 -999.0 -999.0 -999.0 -999.0 -999.0 -999.0 -999.0 -999.0 -999.0 -999.0 -999.0 -999.0 -999.0 -999.0 -999.0 -999.0 -999.0 -999.0 -999.0 -999.0 -999.0 -999.0 -999.0 -999.0 -999.0 -999.0 -999.0 -999.0 -999.0 -999.0 -999.0
633.4 476.0 502.7 525.1 546.7 562.9 762.8 724.9 819.5 731.4 841.4 750.2 822.2 815.9 822.2 819.6 825.5 968.4 940.3 938.4 920.9 992.2 1042.0 1050.1 1038.3 1056.3 1028.0 1121.9 1108.0 1102.2 1083.0 1075.6 1085.3 1087.4 1095.0 1095.0 1116.6 1055.5 1031.8 1035.9 994.4 929.7 838.2 829.3 643.6 -999.0 -999.0 -999.0 -999.0 -999.0 -999.0 -999.0 -999.0 -999.0 -999.0 -999.0 -999.0 -999.0 -999.0 -999.0 -999.0 -999.0 -999.0 -999.0 -999.0 -999.0 -999.0 -999.0 -999.0 -999.0 -999.0 -999.0 -999.0 -999.0 -999.0 -999.0
659.8 619.7 492.1 490.6 528.2 729.1 664.7 718.1 698.7 795.0 831.7 818.9 827.7 877.7 851.5 853.0 841.4 812.4 902.0 1017.9 1053.1 1080.7 1006.7 1039.3 1054.1 1033.6 1053.7 1027.6 1072.7 1068.2 1102.8 1075.2 1091.8 1094.1 1092.1 1112.7 1092.3 1030.0 1004.8 977.2 902.8 767.4 676.7 669.9 702.5 -999.0 -999.0 -999.0 -999.0 -999.0 -999.0 -999.0 -999.0 -999.0 -999.0 -999.0 -999.0 -999.0 -999.0 -999.0 -999.0 -999.0 -999.0 -999.0 -999.0 -999.0 -999.0 -999.0 -999.0 -999.0 -999.0 -999.0 -999.0 -999.0 -999.0 -999.0
612.1 668.4 545.2 511.2 674.2 636.3 692.3 732.7 777.7 804.5 833.4 782.7 922.3 849.9 874.1 888.9 925.8 969.2 991.6 1040.4 1060.4 1058.4 1067.4 1071.6 1045.3 1071.8 1074.0 1072.2 1097.6 1086.9 1042.7 1129.4 1087.2 1089.7 1091.5 1085.9 1113.4 1047.3 1023.4 991.9 782.3 767.0 619.4 631.5 563.1 558.0 -999.0 -999.0 -999.0 -999.0 -999.0 -999.0 -999.0 -999.0 -999.0 -999.0 -999.0 -999.0 -999.0 -999.0 -999.0 -999.0 -999.0 -999.0 -999.0 -999.0 -999.0 -999.0 -999.0 -999.0 -999.0 -999.0 -999.0 -999.0 -999.0 -999.0
662.2 680.4 661.7 531.6 508.3 516.3 558.8 532.2 776.1 808.2 759.0 848.4 924.5 931.3 860.9 928.7 951.3 972.2 1001.4 1005.7 1079.1 1057.2 1096.3 1065.7 1073.1 1079.7 1061.2 1073.2 1019.4 1019.2 1018.9 1076.5 1096.8 1099.3 1090.1 1103.8 1107.2 1040.6 1015.4 990.5 930.7 748.3 754.0 723.7 670.2 588.5 -999.0 -999.0 -999.0 -999.0 -999.0 -999.0 -999.0 -999.0 -999.0 -999.0 -999.0 -999.0 -999.0 -999.0 -999.0 -999.0 -999.0 -999.0 -999.0 -999.0 -999.0 -999.0 -999.0 -999.0 -999.0 -999.0 -999.0 -999.0 -999.0 -999.0
711.9 628.9 670.2 559.5 510.6 569.2 531.1 529.2 589.3 811.8 800.5 902.2 869.9 853.0 952.4 975.4 969.4 981.0 1015.7 1064.1 1042.7 1066.8 1049.0 1054.3 1092.6 1068.0 1056.7 1083.9 974.8 1031.6 1058.4 1068.8 1072.7 1113.9 1126.4 1137.3 1084.5 1060.2 1037.2 1038.7 870.6 719.8 807.5 854.7 745.6 619.3 -999.0 -999.0 -999.0 -999.0 -999.0 -999.0 -999.0 -999.0 -999.0 -999.0 -999.0 -999.0 -999.0 -999.0 -999.0 -999.0 -999.0 -999.0 -999.0 -999.0 -999.0 -999.0 -999.0 -999.0 -999.0 -999.0 -999.0 -999.0 -999.0 -999.0
673.2 633.8 683.0 618.1 506.0 512.0 532.6 563.0 591.0 785.0 811.6 895.6 926.1 821.1 863.6 956.9 928.3 902.9 951.8 962.0 1022.1 1084.1 1080.1 1066.4 1092.0 1090.1 997.2 1088.1 1001.8 888.2 1027.0 1097.0 1083.0 1094.1 1106.7 1135.6 1066.0 1045.8 1015.7 1017.7 1016.5 918.6 976.0 984.8 789.5 672.8 536.3 -999.0 -999.0 -999.0 -999.0 -999.0 -999.0 -999.0 -999.0 -999.0 -999.0 -999.0 -999.0 -999.0 -999.0 -999.0 -999.0 -999.0 -999.0 -999.0 -999.0 -999.0 -999.0 -999.0 -999.0 -999.0 -999.0 -999.0 -999.0 -999.0
597.0 677.9 672.1 627.0 676.7 523.9 569.3 568.1 589.8 820.4 809.0 827.8 858.9 953.7 883.5 897.6 962.5 952.6 978.5 993.4 1010.7 1014.7 1004.7 1080.3 1078.0 1072.5 1002.0 1003.8 1013.4 908.1 920.7 1012.5 1012.9 1065.8 1072.0 1073.1 1114.8 1137.1 1066.3 1042.4 1044.1 986.6 1007.1 942.4 808.1 658.2 630.5 -999.0 -999.0 -999.0 -999.0 -999.0 -999.0 -999.0 -999.0 -999.0 -999.0 -999.0 -999.0 -999.0 -999.0 -999.0 -999.0 -999.0 -999.0 -999.0 -999.0 -999.0 -999.0 -999.0 -999.0 -999.0 -999.0 -999.0 -999.0 -999.0
584.1 609.2 676.9 722.5 708.5 667.8 551.0 556.2 570.9 585.2 795.7 843.9 889.5 955.2 954.0 986.5 985.9 983.3 988.6 1008.3 1017.9 1080.8 1030.5 1053.3 1039.1 1019.8 1003.6 940.7 972.2 917.2 976.3 1023.1 1063.5 1065.5 1095.5 1082.6 1095.8 1071.3 1035.4 1035.4 1013.7 958.7 979.8 873.6 691.2 698.3 550.4 -999.0 -999.0 -999.0 -999.0 -999.0 -999.0 -999.0 -999.0 -999.0 -999.0 -999.0 -999.0 -999.0 -999.0 -999.0 -999.0 -999.0 -999.0 -999.0 -999.0 -999.0 -999.0 -999.0 -999.0 -999.0 -999.0 -999.0 -999.0 -999.0
470.2 582.3 653.0 663.1 661.9 679.7 770.2 768.0 780.2 600.1 834.6 810.7 935.6 965.4 977.9 990.5 997.5 996.2 1016.9 1017.4 1041.2 1005.6 1025.0 1036.1 1006.3 1016.5 1003.8 1034.9 903.3 880.1 1003.4 999.0 1118.1 1069.8 1100.9 1094.6 1078.3 1022.2 1007.2 971.8 796.9 823.6 746.3 916.5 942.1 729.7 678.7 -999.0 -999.0 -999.0 -999.0 -999.0 -999.0 -999.0 -999.0 -999.0 -999.0 -999.0 -999.0 -999.0 -999.0 -999.0 -999.0 -999.0 -999.0 -999.0 -999.0 -999.0 -999.0 -999.0 -999.0 -999.0 -999.0 -999.0 -999.0 -999.0
370.7 431.5 619.9 687.0 724.1 755.3 692.8 755.8 774.7 783.6 810.0 845.2 902.3 955.1 963.7 972.7 1073.4 1082.9 1066.3 1065.2 993.3 1077.2 999.4 986.0 984.5 999.9 1004.1 1009.5 863.8 958.3 1001.0 1059.3 1096.8 1108.5 1106.5 1147.5 1145.9 1097.6 1069.0 983.0 813.9 657.6 721.4 683.3 741.8 871.7 723.5 -999.0 -999.0 -999.0 -999.0 -999.0 -999.0 -999.0 -999.0 -999.0 -999.0 -999.0 -999.0 -999.0 -999.0 -999.0 -999.0 -999.0 -999.0 -999.0 -999.0 -999.0 -999.0 -999.0 -999.0 -999.0 -999.0 -999.0 -999.0 -999.0
331.7 388.8 492.3 594.0 722.6 719.8 703.3 750.3 774.9 729.3 765.2 794.9 816.4 819.5 948.8 984.2 1015.0 1082.4 1036.5 1034.0 1013.0 1036.4 1032.6 881.0 870.0 849.0 802.8 1004.3 812.1 905.9 877.8 971.4 1091.1 1001.8 1069.1 1103.8 1048.1 1035.5 984.1 844.2 744.4 891.7 867.4 559.1 599.5 749.2 715.9 739.3 -999.0 -999.0 -999.0 -999.0 -999.0 -999.0 -999.0 -999.0 -999.0 -999.0 -999.0 -999.0 -999.0 -999.0 -999.0 -999.0 -999.0 -999.0 -999.0 -999.0 -999.0 -999.0 -999.0 -999.0 -999.0 -999.0 -999.0 -999.0
300.1 390.4 440.7 590.9 627.4 745.9 728.7 740.8 823.1 746.0 771.3 857.5 795.5 910.1 917.7 927.1 974.1 975.8 989.0 1013.6 1078.4 1019.8 1005.1 1012.1 945.1 789.8 909.1 796.0 879.1 842.9 852.9 947.1 1041.5 1000.0 1046.2 1073.2 1028.7 1026.0 1026.1 901.9 925.2 896.4 869.2 719.5 513.1 493.7 534.1 498.8 499.1 509.9 -999.0 -999.0 -999.0 -999.0 -999.0 -999.0 -999.0 -999.0 -999.0 -999.0 -999.0 -999.0 -999.0 -999.0 -999.0 -999.0 -999.0 -999.0 -999.0 -999.0 -999.0 -999.0 -999.0 -999.0 -999.0 -999.0
294.0 328.6 456.2 593.0 611.5 632.4 686.0 689.0 792.1 835.1 833.9 871.2 914.0 858.8 889.1 932.7 938.8 949.8 948.9 951.0 999.6 1012.7 983.1 920.9 995.0 881.1 802.8 821.9 857.7 963.1 789.9 884.7 939.9 988.3 1108.0 1130.9 1119.3 1024.7 1012.0 1014.3 1024.5 944.2 781.1 534.1 603.1 789.0 591.5 586.8 508.6 450.3 426.3 -999.0 -999.0 -999.0 -999.0 -999.0 -999.0 -999.0 -999.0 -999.0 -999.0 -999.0 -999.0 -999.0 -999.0 -999.0 -999.0 -999.0 -999.0 -999.0 -999.0 -999.0 -999.0 -999.0 -999.0 -999.0
268.8 298.7 382.4 437.3 470.7 604.6 612.9 703.0 749.3 753.8 828.1 880.6 928.0 919.9 915.4 925.4 897.4 913.4 871.1 907.0 981.7 1002.9 957.5 802.3 967.5 868.7 791.8 846.0 959.3 962.8 938.8 975.4 988.0 1009.5 1024.9 1064.3 1121.7 1099.3 1044.5 1033.9 1050.9 995.2 649.1 707.3 833.9 864.6 754.2 722.9 778.2 707.8 614.4 460.4 -999.0 -999.0 -999.0 -999.0 -999.0 -999.0 -999.0 -999.0 -999.0 -999.0 -999.0 -999.0 -999.0 -999.0 -999.0 -999.0 -999.0 -999.0 -999.0 -999.0 -999.0 -999.0 -999.0 -999.0
260.9 264.7 311.1 334.1 500.5 551.9 576.4 699.6 667.8 672.4 788.6 877.8 816.8 825.8 854.7 860.8 737.7 774.8 774.1 792.8 675.5 746.9 769.5 837.0 777.0 799.6 718.7 850.7 922.1 930.1 945.1 968.7 994.2 1029.9 1009.2 1126.4 1099.3 1076.0 1034.0 1012.8 1014.0 895.0 856.5 773.6 831.0 922.8 957.8 962.6 793.6 739.9 511.6 451.4 442.5 -999.0 -999.0 -999.0 -999.0 -999.0 -999.0 -999.0 -999.0 -999.0 -999.0 -999.0 -999.0 -999.0 -999.0 -999.0 -999.0 -999.0 -999.0 -999.0 -999.0 -999.0 -999.0 -999.0
254.2 261.4 296.7 302.4 453.6 470.4 501.2 580.9 584.2 623.2 698.7 724.1 743.9 736.3 738.9 739.8 736.0 722.1 637.7 657.4 538.1 565.7 663.3 733.8 698.1 784.1 854.0 760.2 790.0 878.9 941.8 912.8 959.2 971.4 974.9 997.2 1056.0 1086.0 1123.5 1014.6 985.0 982.5 922.7 837.5 938.3 1006.3 1008.5 939.3 793.8 751.6 508.3 603.8 459.6 471.1 -999.0 -999.0 -999.0 -999.0 -999.0 -999.0 -999.0 -999.0 -999.0 -999.0 -999.0 -999.0 -999.0 -999.0 -999.0 -999.0 -999.0 -999.0 -999.0 -999.0 -999.0 -999.0
251.6 255.9 258.6 295.0 317.1 442.0 389.4 436.9 535.2 579.8 617.3 697.2 708.4 612.5 592.2 636.7 599.4 469.6 561.4 601.9 640.2 756.1 689.8 674.4 841.2 942.4 799.0 788.9 916.2 909.2 876.5 880.2 897.7 976.6 982.4 999.3 1009.4 1130.2 1119.8 1044.7 982.1 977.7 1068.0 976.8 1087.4 1143.5 1006.5 907.1 815.0 787.7 656.5 540.7 510.1 613.5 626.3 517.5 464.2 -999.0 -999.0 -999.0 -999.0 -999.0 -999.0 -999.0 -999.0 -999.0 -999.0 -999.0 -999.0 -999.0 -999.0 -999.0 -999.0 -999.0 -999.0 -999.0
250.0 248.0 247.7 280.3 315.6 327.5 352.4 437.5 465.1 439.3 490.4 492.5 598.7 454.7 438.3 435.3 587.1 625.1 745.0 724.3 636.2 764.1 874.0 759.6 852.6 958.3 931.7 889.0 983.1 937.4 984.0 937.3 1078.3 1090.1 1147.8 1020.6 1126.1 1108.4 1108.4 1160.2 1088.9 1125.1 1075.4 1033.4 1077.1 1074.9 989.7 937.3 953.4 757.7 712.5 563.6 626.4 712.8 680.1 601.2 519.0 478.1 -999.0 -999.0 -999.0 -999.0 -999.0 -999.0 -999.0 -999.0 -999.0 -999.0 -999.0 -999.0 -999.0 -999.0 -999.0 -999.0 -999.0 -999.0
247.8 247.1 243.7 251.0 276.2 311.1 330.4 338.2 359.9 374.6 449.3 451.7 422.2 433.6 537.9 543.8 651.2 571.4 615.8 740.1 941.7 938.9 939.3 929.1 896.4 926.6 933.5 939.0 1065.8 1092.3 1048.6 982.3 1077.4 1082.2 1054.1 1096.7 1078.1 1105.1 1097.3 1096.5 1069.5 1067.7 1103.9 1065.4 1096.9 1079.4 1034.3 995.1 900.4 774.1 802.5 727.4 747.3 737.7 687.8 682.7 661.1 578.3 483.5 -999.0 -999.0 -999.0 -999.0 -999.0 -999.0 -999.0 -999.0 -999.0 -999.0 -999.0 -999.0 -999.0 -999.0 -999.0 -999.0 -999.0
236.5 240.1 240.6 243.9 259.3 316.9 342.5 338.9 345.9 355.9 388.8 452.0 389.3 427.9 456.2 451.6 484.6 606.2 818.3 682.3 798.4 940.8 840.2 951.7 1081.1 945.2 959.7 1056.9 1049.2 1038.9 1051.7 1047.2 1076.1 1062.3 1086.8 1050.5 1100.3 1093.2 1065.4 1065.4 1102.1 1107.7 1070.0 1065.4 1099.8 1090.5 1066.6 1102.9 960.1 883.7 876.8 921.3 888.1 894.8 687.9 687.7 672.7 594.4 521.3 462.8 -999.0 -999.0 -999.0 -999.0 -999.0 -999.0 -999.0 -999.0 -999.0 -999.0 -999.0 -999.0 -999.0 -999.0 -999.0 -999.0
231.6 234.3 245.7 238.8 284.7 311.5 296.8 340.0 342.1 391.9 358.4 364.0 420.9 452.0 454.8 434.2 483.4 581.1 838.7 618.0 839.1 607.2 635.7 946.3 922.0 993.3 1098.2 1025.3 1079.4 1049.3 1047.3 1031.3 1066.7 1074.9 1085.5 1091.2 1093.0 1059.8 1064.3 1103.4 1093.2 1093.2 1065.4 1092.1 1099.8 1105.3 1101.1 1032.3 987.9 1024.2 964.3 955.7 976.7 823.0 655.1 704.6 664.6 610.7 510.9 465.4 392.1 -999.0 -999.0 -999.0 -999.0 -999.0 -999.0 -999.0 -999.0 -999.0 -999.0 -999.0 -999.0 -999.0 -999.0 -999.0
246.8 252.9 271.5 268.5 282.9 285.5 307.3 340.9 344.1 354.4 351.2 361.8 406.4 444.4 476.2 457.1 486.1 526.1 597.6 599.0 559.6 495.5 572.5 635.2 856.4 1053.1 1011.7 1090.8 1054.0 1034.4 1051.4 1052.4 1066.6 1071.5 1077.0 1079.2 1093.0 1092.4 1089.0 1011.4 1120.8 1084.7 1079.8 1091.4 1089.3 1081.0 1098.0 1119.8 1073.4 1082.6 1027.8 995.1 938.7 842.3 740.0 680.8 699.1 617.0 564.5 451.3 379.4 392.1 -999.0 -999.0 -999.0 -999.0 -999.0 -999.0 -999.0 -999.0 -999.0 -999.0 -999.0 -999.0 -999.0 -999.0
277.2 293.6 248.0 220.9 268.5 277.1 303.4 307.5 345.5 347.1 355.9 356.2 365.9 454.6 437.0 464.8 452.5 488.6 563.6 587.3 478.8 533.8 690.2 936.7 1084.1 926.1 880.0 933.6 1006.2 1054.1 1056.7 1057.0 1042.5 1043.0 1078.8 1116.3 1080.6 1086.5 1118.8 1012.1 1040.9 1056.1 1051.5 1071.0 1088.3 1088.3 1084.7 1057.1 1081.1 1087.2 1047.7 1048.0 954.4 904.8 712.6 636.2 633.7 688.6 620.4 467.6 451.9 445.8 -999.0 -999.0 -999.0 -999.0 -999.0 -999.0 -999.0 -999.0 -999.0 -999.0 -999.0 -999.0 -999.0 -999.0
231.8 257.1 253.1 232.5 280.0 291.7 298.2 309.8 320.1 327.3 343.5 351.9 363.4 358.7 360.9 407.1 437.3 455.7 486.1 468.4 465.7 682.0 744.6 806.3 912.2 738.6 855.7 919.5 1003.3 1025.6 1036.2 1030.7 1052.0 1035.4 940.5 950.7 1004.2 1064.5 1103.5 945.7 1016.7 1044.0 1074.5 1077.5 1070.2 1067.8 1070.2 1052.9 1052.9 1069.5 1072.6 1080.1 950.0 911.8 914.8 699.5 567.5 565.7 660.2 547.5 465.4 418.6 -999.0 -999.0 -999.0 -999.0 -999.0 -999.0 -999.0 -999.0 -999.0 -999.0 -999.0 -999.0 -999.0 -999.0
334.7 282.7 284.5 230.7 294.5 346.4 362.7 369.2 329.2 323.6 338.0 355.6 361.6 360.2 359.8 448.3 429.8 435.5 446.0 446.4 531.8 520.0 592.3 817.4 804.5 552.0 760.7 919.9 1002.5 963.0 1030.4 1032.5 1046.4 1020.4 937.3 892.6 959.5 959.2 950.3 919.6 969.2 1020.7 1112.1 1052.1 1069.9 1081.9 1047.3 1073.6 1080.7 1048.3 1049.6 1090.9 984.1 896.7 855.1 807.7 667.0 489.8 510.4 663.7 467.6 440.4 360.7 -999.0 -999.0 -999.0 -999.0 -999.0 -999.0 -999.0 -999.0 -999.0 -999.0 -999.0 -999.0 -999.0
261.5 296.1 286.9 231.8 344.0 374.0 353.1 373.5 351.0 331.8 349.4 357.2 360.7 363.2 362.2 363.0 459.0 433.6 432.2 453.6 449.7 466.1 523.0 536.3 672.2 486.0 536.4 764.5 680.2 933.3 923.9 1028.8 1082.3 1107.2 939.1 766.2 825.6 895.5 834.5 942.0 929.5 969.7 1108.7 1048.6 1067.2 1070.9 1076.3 1042.7 1057.5 1066.4 1079.6 1078.0 1057.0 947.5 919.4 875.1 619.3 679.7 473.6 446.2 391.0 364.0 387.3 -999.0 -999.0 -999.0 -999.0 -999.0 -999.0 -999.0 -999.0 -999.0 -999.0 -999.0 -999.0 -999.0
