GSP_annual_reports_SON_2024_v1/GIS/SON_2022_Spring_Deep.tif
NCOLS 191
NROWS  209
XLLCORNER 6295515.91401
YLLCORNER 1783415.49397
CELLSIZE 1000.0
NODATA_VALUE -999
[rows 33 to 65 of 209, columns 0 to 74 of 191]
-999.0 -999.0 -999.0 -999.0 -999.0 -999.0 -999.0 -999.0 -999.0 -999.0 -999.0 -999.0 -999.0 429.9 435.1 420.2 414.2 266.4 272.4 272.9 271.6 265.5 272.4 272.4 279.8 298.7 287.9 274.9 275.6 275.6 275.0 275.1 269.2 257.0 259.3 276.5 264.0 266.8 275.5 272.9 275.0 273.8 264.7 260.8 268.7 288.4 370.1 350.2 450.5 414.5 433.1 399.4 416.5 416.9 434.2 474.9 620.6 596.2 506.4 451.7 486.6 626.2 736.7 678.2 718.3 703.8 684.3 607.7 485.4 537.5 646.7 475.0 477.7 533.8 601.6
-999.0 -999.0 -999.0 -999.0 -999.0 -999.0 -999.0 -999.0 -999.0 -999.0 -999.0 -999.0 -999.0 429.9 427.4 428.4 419.3 276.4 272.4 267.8 266.6 271.6 272.4 272.4 290.2 305.3 294.2 295.2 276.4 274.4 275.6 275.3 268.9 270.5 264.7 273.3 267.1 270.6 272.7 269.8 266.1 263.9 259.2 262.5 268.5 280.7 286.4 381.1 414.7 353.6 353.8 412.4 426.9 431.3 419.5 419.7 411.0 554.1 457.9 592.9 684.8 474.4 676.7 706.2 774.6 781.3 717.3 666.3 590.7 501.9 582.9 622.8 476.2 486.5 485.1
-999.0 -999.0 -999.0 -999.0 -999.0 -999.0 -999.0 -999.0 -999.0 -999.0 -999.0 -999.0 -999.0 484.0 425.3 426.0 414.0 275.3 272.4 272.1 257.8 271.1 272.1 279.3 315.7 297.5 294.9 288.5 279.8 275.6 275.1 265.2 269.7 269.3 275.9 264.3 267.9 269.3 271.7 268.2 257.7 256.3 255.0 261.4 268.4 281.9 281.5 341.4 320.7 317.9 451.1 444.6 436.7 423.5 428.9 411.5 411.8 464.8 443.1 608.4 478.5 456.9 617.1 633.5 736.0 725.8 805.0 764.4 685.8 590.7 528.0 584.5 634.6 609.1 508.1
-999.0 -999.0 -999.0 -999.0 -999.0 -999.0 -999.0 -999.0 -999.0 -999.0 -999.0 -999.0 -999.0 490.6 483.9 463.8 406.2 397.0 271.7 270.9 266.8 271.6 271.6 273.6 301.4 287.9 282.7 283.3 269.0 274.7 274.7 275.6 266.7 276.4 273.5 265.2 268.8 268.4 268.1 267.2 257.8 253.0 254.3 263.1 269.8 282.1 283.0 288.3 367.9 423.0 460.0 436.3 429.3 422.6 429.4 424.7 400.5 453.9 410.4 415.5 432.3 467.9 572.3 601.4 674.1 757.9 764.0 817.3 735.2 703.3 591.6 597.3 567.5 635.6 557.8
-999.0 -999.0 -999.0 -999.0 -999.0 -999.0 -999.0 -999.0 -999.0 -999.0 -999.0 489.3 498.4 499.5 438.0 428.4 407.6 413.7 394.5 256.3 271.6 270.9 272.4 278.4 298.2 266.8 274.9 279.8 275.0 273.5 272.2 275.6 269.8 283.1 274.1 262.7 267.3 267.8 270.5 255.8 250.9 254.1 253.1 263.3 269.3 272.3 283.9 294.1 423.3 429.1 450.0 457.9 461.4 455.1 439.8 410.6 408.3 441.8 390.2 397.2 396.2 418.8 424.4 554.5 599.1 728.1 805.1 819.6 827.9 770.8 606.4 607.2 690.5 605.7 616.6
-999.0 -999.0 -999.0 -999.0 -999.0 -999.0 -999.0 -999.0 -999.0 -999.0 413.3 457.6 478.7 489.6 442.2 456.9 422.0 408.3 400.4 266.0 271.6 265.5 272.4 272.4 292.8 282.8 274.4 275.3 274.4 273.5 274.1 275.6 270.2 284.6 275.0 278.4 268.1 260.3 263.5 260.5 251.3 254.9 254.7 262.1 264.7 265.3 276.4 286.6 355.1 451.6 444.8 475.0 487.7 445.6 433.6 419.5 424.5 462.1 390.9 404.1 420.1 409.6 370.1 427.0 622.1 696.9 746.1 795.0 851.9 793.0 648.8 614.2 734.6 629.8 688.9
-999.0 -999.0 -999.0 -999.0 -999.0 -999.0 -999.0 522.7 433.5 397.3 401.3 401.8 419.5 279.3 274.9 276.9 303.2 277.4 270.1 261.5 274.1 263.7 273.6 296.8 266.9 272.7 281.2 272.4 273.1 273.0 274.2 276.2 275.5 285.0 277.6 278.7 265.6 260.9 262.9 257.7 251.0 251.9 258.6 255.7 258.1 266.2 265.6 285.4 299.7 401.9 426.9 449.2 432.0 455.0 436.1 428.8 414.6 449.0 416.3 423.8 417.6 370.0 366.5 414.6 464.7 444.8 717.1 661.4 840.5 770.4 688.5 676.6 732.6 738.7 720.6
-999.0 -999.0 -999.0 -999.0 -999.0 521.6 410.3 516.7 486.5 407.4 395.9 394.5 394.5 272.1 272.4 272.1 271.6 264.9 278.4 264.6 266.7 271.4 275.8 266.0 266.5 279.8 266.3 272.4 273.5 274.7 275.2 275.8 283.9 284.3 277.4 279.4 264.0 255.7 260.5 258.0 250.5 250.4 257.6 255.0 252.4 254.3 260.6 270.2 284.4 298.7 417.1 431.9 395.3 423.3 438.8 434.3 439.0 393.4 492.3 381.1 358.8 364.7 391.7 373.3 378.3 424.0 522.6 602.1 737.6 744.2 735.7 707.4 711.6 764.9 769.4
-999.0 -999.0 -999.0 -999.0 598.7 572.1 457.9 466.1 491.3 473.4 486.6 429.3 421.9 270.6 272.4 272.9 263.7 271.6 265.5 265.4 272.1 274.9 284.5 274.9 279.8 273.1 271.6 272.4 275.3 276.4 275.9 275.7 289.8 284.8 287.0 278.5 261.1 260.3 256.3 255.8 253.2 249.3 252.7 257.7 254.7 255.9 262.3 261.6 277.9 284.8 373.7 403.2 346.3 449.2 429.4 433.9 512.0 453.2 446.2 474.5 372.5 359.4 436.8 381.5 366.7 409.7 414.6 521.8 603.7 748.9 720.6 713.1 738.9 720.5 777.6
-999.0 -999.0 -999.0 303.1 349.0 398.1 484.5 429.9 530.7 519.0 478.4 429.9 476.2 265.0 257.6 287.1 303.4 278.5 265.5 265.5 272.4 277.1 287.7 279.8 276.4 271.6 271.6 275.6 265.5 275.7 276.6 275.0 291.3 285.7 287.9 278.5 279.0 258.3 257.2 253.2 250.7 248.5 247.2 251.4 254.4 259.4 259.5 260.2 276.0 273.4 279.9 379.8 418.1 432.4 409.5 460.7 450.2 475.9 386.8 451.1 448.8 437.2 431.3 380.0 384.1 390.6 416.0 437.4 445.2 693.1 648.7 730.5 735.4 712.1 779.6
-999.0 -999.0 262.6 259.6 266.8 276.9 382.7 275.4 515.7 489.8 460.8 403.1 308.1 272.3 277.7 296.8 298.9 272.0 272.3 287.7 266.4 298.6 283.7 274.4 273.5 272.4 272.1 276.1 275.1 275.1 276.6 275.8 289.3 289.2 286.6 281.1 278.8 255.1 258.3 252.4 245.8 248.9 245.6 249.5 252.7 258.6 258.4 258.0 264.3 271.6 275.6 303.9 423.5 453.0 414.2 431.1 386.0 455.2 424.3 369.0 428.4 439.9 367.5 368.2 382.9 368.6 365.0 374.7 394.2 451.0 613.4 674.6 628.5 717.0 688.4
-999.0 -999.0 304.1 292.4 263.6 266.8 266.8 273.7 294.0 479.1 503.1 316.3 273.6 269.3 294.2 297.1 303.0 281.1 275.9 287.7 298.5 300.1 273.7 272.9 272.1 272.1 266.2 275.0 275.1 275.6 283.3 276.3 281.8 292.8 287.0 289.3 280.9 276.2 257.9 252.8 254.6 245.4 248.0 249.6 250.6 254.5 254.9 254.7 256.0 270.7 269.8 292.2 376.2 428.8 407.1 365.5 355.8 411.4 375.1 399.9 419.3 439.9 444.4 355.3 378.0 378.2 403.3 382.5 373.2 388.1 477.7 624.4 620.4 608.8 691.2
-999.0 298.1 406.4 392.8 287.9 263.1 265.9 271.5 279.3 310.0 357.9 294.3 271.6 273.1 305.6 305.2 303.1 305.5 282.2 288.2 299.1 294.2 272.9 267.6 271.5 266.3 272.1 266.0 279.5 275.9 277.2 275.7 284.0 290.8 287.8 288.7 288.8 279.7 259.8 256.9 248.4 246.5 243.1 247.2 245.1 249.4 252.4 252.2 252.7 253.7 261.5 269.2 296.2 377.0 379.5 356.6 357.4 358.8 367.7 405.6 432.8 458.2 467.6 448.9 448.5 392.5 378.5 394.2 370.3 407.3 372.2 466.5 563.0 608.4 699.9
-999.0 403.7 396.9 312.0 368.7 287.1 265.1 259.2 272.4 268.1 274.9 271.6 272.3 260.6 305.7 305.8 305.2 283.6 277.7 282.2 276.4 292.8 266.0 266.8 266.8 268.7 279.5 271.9 272.1 276.4 275.1 274.8 275.1 293.0 292.3 287.0 287.4 281.6 277.4 251.5 255.6 247.0 244.1 244.6 246.0 249.2 250.0 249.6 249.6 250.9 256.8 282.6 285.5 275.2 341.0 345.5 436.2 460.1 442.3 437.7 480.6 454.4 451.7 512.1 495.6 469.3 482.0 380.8 371.1 384.8 382.2 372.2 407.2 640.6 673.3
-999.0 392.4 390.5 381.1 276.7 258.1 279.3 281.2 266.6 276.8 271.6 267.8 267.5 268.0 282.7 305.8 305.5 283.6 275.3 276.8 280.3 289.0 293.3 266.8 281.2 279.8 274.4 271.2 276.4 276.5 275.1 276.3 265.8 281.8 291.9 291.4 288.4 287.3 279.2 272.8 257.2 257.0 247.1 250.7 243.1 247.7 251.6 253.6 249.3 256.7 265.5 274.1 284.4 290.1 290.0 373.3 427.3 468.4 482.5 500.1 514.6 485.4 501.4 516.1 513.5 514.9 512.3 495.9 371.5 381.6 385.8 387.5 399.2 476.4 582.3
-999.0 338.2 359.3 292.4 280.9 302.5 348.9 283.5 264.9 274.4 263.4 274.8 267.6 271.5 272.1 280.9 275.4 266.3 266.8 275.3 276.8 265.7 276.1 257.8 269.0 268.7 266.4 276.1 273.8 276.1 269.4 275.1 276.2 276.5 293.1 290.9 288.7 288.7 288.6 281.3 272.0 256.6 255.2 246.9 247.2 250.1 249.8 258.6 258.3 258.9 266.9 274.9 285.0 289.0 297.9 336.2 426.5 460.9 573.5 640.6 556.6 516.0 519.9 561.6 560.4 554.4 565.9 541.3 382.6 371.5 387.4 368.6 375.1 368.9 376.1
402.7 395.9 364.9 367.6 292.4 379.6 328.4 298.9 268.1 263.9 267.8 267.4 268.4 272.1 271.5 266.8 266.8 271.5 278.4 272.3 260.8 266.8 265.7 265.8 268.4 271.5 272.1 269.0 278.4 273.5 266.2 275.0 276.1 275.8 281.8 290.1 291.4 288.7 288.7 288.6 281.6 272.6 257.3 256.0 247.9 251.5 251.6 255.2 261.0 264.2 266.5 272.7 278.9 293.6 282.4 283.0 416.7 452.2 516.7 616.5 611.7 533.4 537.5 568.2 589.3 615.4 604.7 545.9 474.2 396.9 352.8 372.7 375.5 367.1 371.0
367.1 358.7 283.6 259.6 299.4 369.1 298.9 298.9 282.7 267.1 276.2 266.2 271.8 268.0 266.8 269.1 266.8 266.8 273.6 266.8 266.8 277.1 309.9 303.4 266.0 271.5 272.1 271.6 272.4 273.5 274.7 274.7 275.6 275.8 275.8 281.6 290.1 291.4 289.1 288.4 288.6 280.6 278.7 268.7 255.6 262.4 254.2 257.2 259.0 263.4 263.4 273.2 269.9 275.1 267.4 284.8 350.2 459.4 488.8 507.6 518.2 520.4 524.6 561.8 564.8 634.6 638.3 622.4 555.1 496.2 360.9 362.3 368.3 363.5 364.7
353.0 283.5 269.0 292.8 300.4 300.8 376.8 373.5 337.1 283.7 290.7 293.4 293.6 296.0 306.7 345.6 292.4 272.3 263.9 267.6 275.0 281.2 349.1 308.1 278.5 269.1 272.1 272.4 272.4 273.5 274.7 273.5 274.7 274.7 275.8 275.2 281.3 289.8 292.3 289.2 288.4 271.6 288.5 283.7 282.3 261.9 262.3 264.1 263.3 263.3 264.4 264.7 268.9 271.1 270.4 280.8 276.8 364.9 475.5 499.1 507.4 510.4 513.6 539.9 546.2 602.5 623.0 632.3 614.6 538.9 379.2 343.8 366.5 364.5 368.8
-999.0 376.1 298.7 259.2 299.2 341.7 294.0 338.6 297.1 287.9 297.5 305.8 310.3 307.5 397.7 384.7 390.9 338.2 288.6 265.8 279.7 276.7 286.8 349.0 274.6 271.5 270.9 271.6 272.9 272.4 273.5 269.2 269.0 275.1 275.6 275.0 274.5 281.8 289.8 291.3 295.1 288.2 287.7 295.9 285.1 285.2 282.7 268.6 263.1 267.1 267.6 272.1 269.4 268.8 261.5 272.9 292.1 382.1 386.6 504.6 504.6 512.3 515.4 516.6 527.6 566.1 539.8 608.3 617.1 557.6 489.7 349.5 343.7 356.7 351.7
-999.0 383.0 373.3 277.9 265.0 272.1 273.0 301.3 316.9 297.1 304.5 308.4 347.2 315.2 309.9 366.8 401.1 311.1 308.0 299.3 279.8 282.4 265.8 266.0 266.8 268.4 273.5 274.2 265.5 278.4 266.3 275.9 275.7 269.0 276.4 276.3 277.6 266.8 280.9 293.5 298.2 297.5 295.2 294.4 295.5 287.8 284.8 284.4 282.8 288.2 283.5 273.3 272.6 270.9 276.6 367.2 291.3 287.9 373.7 377.4 517.3 519.4 535.1 545.0 508.5 512.2 505.3 551.9 589.6 540.2 498.2 366.1 334.5 334.9 343.6
-999.0 388.2 358.7 377.3 349.0 292.4 268.2 292.4 319.4 306.6 304.1 308.7 309.2 312.1 294.4 304.3 380.2 369.9 378.1 308.2 295.3 272.7 275.9 266.3 266.8 271.5 272.4 271.6 273.1 269.0 275.6 275.0 275.0 288.7 283.0 275.2 277.2 281.5 283.3 275.1 281.5 290.8 298.2 294.7 293.6 292.5 295.9 286.6 285.6 284.7 284.6 282.6 285.0 281.5 280.9 373.1 395.6 288.7 336.1 371.4 501.7 549.6 536.5 526.3 473.0 501.9 495.3 574.6 586.6 559.3 494.3 339.2 329.5 325.2 326.2
-999.0 374.8 376.1 379.3 357.8 374.7 275.3 292.8 304.9 303.0 312.7 304.0 307.7 288.2 297.1 297.4 352.3 383.0 363.1 348.9 311.1 314.7 286.3 269.4 268.0 271.5 272.1 275.6 271.1 275.0 276.1 275.6 275.2 275.9 282.1 282.7 282.7 282.8 283.5 282.6 282.2 288.6 296.1 295.9 295.1 292.0 291.1 291.0 292.9 284.9 283.7 282.2 280.3 281.6 281.2 284.0 372.6 394.6 340.1 346.6 409.7 512.1 553.8 502.4 468.3 446.8 494.2 576.9 606.8 555.1 495.5 439.8 330.7 322.4 322.8
-999.0 379.3 303.7 280.3 292.4 275.3 277.0 298.1 288.0 297.5 297.1 290.2 276.7 276.5 297.4 296.6 308.9 365.7 387.8 369.2 295.5 268.1 265.5 279.3 272.1 268.0 258.9 272.4 275.6 275.6 275.2 275.6 275.6 275.3 275.9 276.5 276.5 282.1 275.7 282.7 283.3 282.6 276.6 283.5 296.1 296.6 294.5 292.7 291.6 290.9 292.0 293.1 284.3 283.8 283.4 284.1 271.7 411.3 423.2 312.9 349.9 396.5 512.9 546.9 484.8 453.5 491.0 546.8 571.5 543.3 518.5 443.2 309.7 311.7 313.4
-999.0 -999.0 396.5 396.5 280.3 302.8 275.4 298.9 292.8 293.6 281.5 274.2 275.0 286.0 277.5 301.9 318.3 353.4 359.8 337.3 294.4 292.2 298.6 270.8 278.2 264.9 276.4 272.1 275.2 275.2 275.3 275.1 275.2 275.3 275.3 275.6 276.3 283.5 276.8 275.3 282.1 276.9 281.9 282.6 283.9 288.3 296.3 295.8 290.1 289.3 289.3 289.3 290.8 292.0 287.8 291.2 282.0 395.4 392.1 451.2 421.7 333.6 373.1 516.0 486.9 437.5 480.9 513.9 524.2 516.0 485.2 446.5 306.7 310.4 309.7
-999.0 -999.0 -999.0 298.9 299.2 289.7 266.2 301.8 301.3 295.1 277.2 275.6 267.0 300.8 294.3 308.4 309.0 317.5 331.1 298.4 321.7 312.1 307.7 296.1 276.4 266.8 266.8 270.9 273.5 268.7 273.0 275.3 275.2 275.2 275.3 275.3 275.2 275.3 275.3 275.6 284.3 282.7 282.2 283.3 282.6 282.8 277.3 288.6 285.2 285.8 283.8 283.3 285.3 282.4 284.8 277.8 284.0 272.2 396.6 405.0 443.0 320.6 288.5 442.0 466.5 436.4 516.2 502.2 524.8 538.3 485.8 305.7 303.8 303.7 306.4
-999.0 -999.0 -999.0 -999.0 297.7 281.2 263.9 269.1 275.4 292.5 276.4 275.6 274.4 286.8 305.4 309.3 304.5 304.0 309.3 320.9 302.5 305.6 304.4 301.3 268.1 278.8 266.8 277.4 272.3 279.5 275.6 275.6 275.6 275.2 275.3 275.2 275.1 275.2 275.2 275.2 275.2 275.9 281.6 282.1 282.6 275.8 277.0 276.6 281.6 286.4 279.1 273.9 276.0 276.1 275.5 281.7 283.2 282.9 285.2 399.9 420.8 421.1 301.7 333.6 419.3 439.4 496.7 488.3 528.7 529.4 454.9 308.6 304.8 304.6 302.9
-999.0 -999.0 -999.0 -999.0 -999.0 298.9 266.4 279.5 266.0 275.3 286.3 286.8 280.9 297.1 303.1 305.6 304.9 301.4 307.9 310.3 287.1 293.4 303.0 295.6 283.5 263.5 266.8 263.7 276.4 275.3 265.0 276.1 275.9 275.6 275.2 275.2 275.2 275.2 275.2 275.2 275.2 275.2 275.6 283.3 282.7 277.0 276.3 277.6 277.0 277.2 275.8 270.7 273.9 276.4 275.8 276.3 281.7 284.0 283.2 282.6 290.5 402.1 348.0 310.3 302.9 414.8 484.6 520.9 532.1 491.3 488.1 307.3 306.2 308.6 309.2
-999.0 -999.0 -999.0 -999.0 -999.0 -999.0 281.1 335.2 267.9 276.1 287.2 297.0 295.6 297.1 305.2 303.4 296.1 295.6 288.6 307.1 295.8 269.7 295.6 270.8 265.8 271.5 266.8 266.8 271.4 272.1 276.4 275.6 275.6 275.6 275.6 275.2 275.2 275.2 275.6 275.2 275.6 275.2 275.2 275.6 275.1 275.6 275.7 276.1 277.6 276.1 275.7 271.8 273.3 269.1 273.6 282.9 281.7 289.5 292.3 291.6 286.9 404.7 415.2 297.3 285.3 428.3 498.8 463.4 532.3 474.4 459.5 305.9 307.1 306.3 329.5
-999.0 -999.0 -999.0 -999.0 -999.0 -999.0 -999.0 -999.0 275.3 269.0 268.1 297.1 296.1 295.6 301.4 302.8 301.4 281.5 295.5 302.9 296.8 274.4 275.9 273.5 280.2 272.0 266.6 266.8 266.8 272.3 272.1 278.4 274.1 275.6 275.6 275.2 275.2 275.2 275.6 276.4 275.0 275.6 275.3 275.6 275.6 275.1 276.3 274.9 277.0 276.3 276.6 275.7 272.4 272.0 275.3 275.1 288.9 294.3 290.6 290.1 291.6 298.2 295.5 297.1 290.3 308.6 385.1 346.3 518.2 492.9 416.3 305.9 305.7 309.0 415.0
-999.0 -999.0 -999.0 -999.0 -999.0 -999.0 -999.0 -999.0 -999.0 272.9 265.8 273.7 283.7 281.9 281.4 273.8 273.2 275.9 307.9 302.6 267.3 275.7 267.7 266.9 274.9 265.5 265.9 266.8 266.8 271.9 265.5 274.4 275.6 275.6 275.3 275.1 275.6 276.4 275.6 275.1 275.3 275.2 275.3 275.6 275.3 275.0 280.3 275.7 275.8 276.2 276.3 276.3 271.8 271.4 275.3 281.0 292.8 290.0 283.2 285.5 285.4 290.8 306.6 295.1 290.5 296.4 297.2 304.0 376.1 500.7 429.9 414.7 305.9 306.1 485.5
-999.0 -999.0 -999.0 -999.0 -999.0 -999.0 -999.0 -999.0 -999.0 268.2 275.3 280.2 296.4 282.8 275.1 275.6 277.2 302.8 295.8 302.6 294.6 297.0 275.1 275.6 280.2 269.2 269.2 266.8 273.5 274.7 273.5 275.2 274.4 275.6 275.6 275.6 275.3 274.9 275.6 275.1 275.3 275.3 275.3 275.3 275.8 276.2 276.2 276.2 266.8 276.1 275.0 275.7 273.2 272.0 276.9 281.6 291.5 293.1 283.7 282.3 286.3 296.0 299.2 307.9 290.5 292.5 301.7 304.0 303.4 377.3 466.1 294.8 304.2 310.5 437.9
-999.0 -999.0 -999.0 -999.0 -999.0 -999.0 -999.0 -999.0 -999.0 276.0 275.6 275.3 282.8 274.9 275.2 275.1 288.0 303.0 304.9 303.4 307.6 304.0 266.9 275.6 274.9 268.0 266.8 272.3 271.7 271.7 265.0 272.8 272.4 271.7 274.2 272.4 273.5 274.8 273.5 275.6 274.7 275.3 275.1 275.5 276.2 275.8 275.1 275.1 275.1 275.8 275.2 275.5 270.2 273.3 275.5 283.1 293.1 284.7 282.2 282.3 290.8 297.0 295.8 298.2 303.7 292.1 303.8 304.0 304.0 293.2 300.5 302.5 305.5 303.9 420.1
