GSP_annual_reports_SON_2024_v1/GIS/SON_2022_Spring_Deep.tif
NCOLS 191
NROWS  209
XLLCORNER 6295515.91401
YLLCORNER 1783415.49397
CELLSIZE 1000.0
NODATA_VALUE -999
[rows 165 to 197 of 209, columns 75 to 149 of 191]
-999.0 -999.0 -999.0 -999.0 -999.0 -999.0 -999.0 -999.0 519.0 482.7 135.1 173.5 267.3 637.8 594.1 551.7 544.0 529.3 529.3 525.3 551.2 137.5 136.0 559.6 561.5 151.8 135.3 134.4 134.2 134.2 134.2 134.2 123.2 122.3 103.3 95.4 86.4 72.3 65.7 59.8 67.8 66.0 60.9 72.8 59.4 64.5 67.1 81.6 479.3 549.2 488.2 463.2 171.3 100.2 64.7 47.9 48.4 52.3 318.5 294.8 251.4 217.2 193.8 -1.3 -1.7 -2.1 -4.2 -2.8 -4.6 -4.7 -5.9 -6.1 -4.0 -1.2 -1.3
-999.0 -999.0 -999.0 -999.0 -999.0 -999.0 -999.0 -999.0 -999.0 502.3 484.4 138.1 144.5 238.0 230.5 653.6 641.2 621.3 663.5 644.3 541.7 138.9 136.6 589.5 159.5 133.5 134.0 135.2 135.3 134.3 134.3 134.3 123.3 122.3 103.4 95.4 86.2 75.1 65.8 61.3 66.9 69.4 64.3 64.4 66.3 74.4 70.5 160.7 166.9 534.8 518.6 482.4 448.9 108.0 68.6 52.1 46.6 40.8 39.1 40.4 19.5 236.6 -0.4 -1.0 -0.0 -0.9 -4.2 -1.2 -4.8 -3.7 -5.0 -4.7 -3.2 -1.4 -1.3
-999.0 -999.0 -999.0 -999.0 -999.0 -999.0 -999.0 -999.0 -999.0 501.5 552.6 535.7 517.2 142.1 146.3 155.8 632.4 664.5 689.8 621.5 560.0 492.4 135.8 133.3 133.2 133.8 134.7 139.3 130.6 134.3 134.3 134.3 123.3 122.4 103.7 95.6 86.2 74.9 63.7 61.3 70.1 65.1 63.3 60.8 63.3 59.2 63.8 60.8 179.0 210.9 513.3 479.2 482.7 390.6 69.5 69.4 61.3 43.7 39.4 34.2 19.3 14.7 4.6 -1.0 -0.2 -2.6 -4.7 -2.0 -4.6 -3.8 -4.5 -3.8 -3.0 -1.3 -1.3
-999.0 -999.0 -999.0 -999.0 -999.0 -999.0 -999.0 -999.0 -999.0 -999.0 554.2 652.4 556.2 551.2 296.5 298.4 268.8 269.7 648.9 621.4 534.1 585.7 487.0 136.4 132.8 134.1 134.4 133.7 132.9 134.3 134.2 134.3 123.2 122.2 103.4 95.4 86.2 74.9 64.9 63.1 69.4 64.9 61.3 63.5 60.0 60.5 63.5 67.4 77.6 122.7 200.7 171.1 211.6 160.4 101.5 115.0 70.9 59.4 41.0 37.2 20.7 16.8 7.0 -0.8 -0.4 -2.5 -4.5 -2.1 -4.6 -4.8 -3.7 -3.6 -1.4 -1.0 -1.0
-999.0 -999.0 -999.0 -999.0 -999.0 -999.0 -999.0 -999.0 -999.0 -999.0 -999.0 652.2 551.2 560.8 343.7 333.1 342.1 735.1 746.3 680.8 685.7 705.6 592.5 527.2 519.8 475.1 498.7 476.5 136.8 132.2 134.5 137.0 123.2 122.3 103.2 95.8 86.4 75.1 66.5 63.3 69.9 65.4 64.1 62.4 60.5 58.9 63.6 60.5 67.0 76.0 106.4 163.4 161.2 160.3 132.9 101.8 370.2 341.8 48.1 38.0 20.9 16.4 7.2 -0.7 0.2 -2.7 -3.6 -2.3 -4.9 -3.8 -4.8 -4.8 -1.4 -0.9 -1.2
-999.0 -999.0 -999.0 -999.0 -999.0 -999.0 -999.0 -999.0 -999.0 -999.0 -999.0 -999.0 552.6 596.0 373.4 413.0 920.9 907.6 842.6 736.9 725.5 692.7 733.9 619.1 527.9 478.4 525.3 134.4 133.7 134.1 134.4 134.5 123.2 122.2 103.3 94.8 86.7 75.3 66.7 63.5 70.2 64.6 63.7 62.4 61.5 58.7 54.1 55.7 65.5 65.6 60.9 87.7 72.3 64.2 99.4 121.5 119.3 375.0 341.9 43.5 33.3 18.1 11.3 -0.2 0.4 -2.5 -3.7 -2.4 -4.5 -4.9 -3.8 -3.3 -1.4 -1.0 -1.0
-999.0 -999.0 -999.0 -999.0 -999.0 -999.0 -999.0 -999.0 -999.0 -999.0 -999.0 -999.0 -999.0 -999.0 687.7 388.1 993.6 963.1 930.0 860.2 803.0 720.6 643.3 619.6 661.6 601.2 498.3 476.5 133.9 136.7 133.0 134.3 123.2 122.2 103.4 95.8 86.6 75.3 66.6 63.5 70.4 66.7 61.0 62.1 61.3 55.5 55.5 47.6 58.5 62.0 68.3 70.8 66.1 66.3 73.5 107.3 144.8 412.6 373.1 43.9 36.8 17.9 11.7 -0.6 -0.1 -3.4 -3.5 -2.6 -3.6 -3.7 -5.2 -3.2 -1.3 -1.0 -0.9
-999.0 -999.0 -999.0 -999.0 -999.0 -999.0 -999.0 -999.0 -999.0 -999.0 -999.0 -999.0 -999.0 -999.0 -999.0 -999.0 874.2 921.1 930.3 1015.3 926.5 876.0 732.6 571.8 559.6 614.3 512.2 499.8 134.0 135.0 134.4 132.8 123.1 122.2 103.4 96.0 86.6 75.3 66.6 63.5 70.4 66.9 64.1 62.7 61.5 59.0 55.1 48.9 51.8 58.4 68.1 71.8 69.0 71.1 67.3 69.9 61.9 480.3 500.5 343.5 32.4 17.3 13.3 -0.8 -0.3 -3.4 -3.8 -2.6 -3.9 -3.3 -3.7 -2.2 -1.2 -0.9 -0.9
-999.0 -999.0 -999.0 -999.0 -999.0 -999.0 -999.0 -999.0 -999.0 -999.0 -999.0 -999.0 -999.0 -999.0 -999.0 -999.0 -999.0 -999.0 -999.0 -999.0 -999.0 980.3 720.1 651.7 589.5 531.3 140.8 131.5 136.0 135.0 134.5 134.7 123.8 122.7 103.6 95.6 86.6 75.3 67.0 63.6 70.4 66.8 64.1 62.9 61.7 59.0 56.2 47.9 51.8 54.7 65.6 61.5 67.0 62.1 67.4 53.6 68.6 484.0 611.0 488.0 328.6 23.6 14.4 -0.5 -0.2 -3.3 -3.7 -2.5 -4.0 -4.5 -3.5 -2.4 -1.2 -1.8 -1.0
-999.0 -999.0 -999.0 -999.0 -999.0 -999.0 -999.0 -999.0 -999.0 -999.0 -999.0 -999.0 -999.0 -999.0 -999.0 -999.0 -999.0 -999.0 -999.0 -999.0 -999.0 1009.6 922.0 818.7 643.0 534.9 509.3 483.5 132.4 134.6 134.6 134.6 123.9 122.4 103.6 95.5 86.3 75.3 66.7 63.6 70.5 66.8 64.1 62.4 61.9 58.8 56.5 47.6 51.1 48.3 54.8 65.3 56.9 65.5 52.4 61.0 65.2 105.4 497.1 500.5 57.8 21.9 17.7 -0.5 2.4 -3.6 -3.5 -2.5 -4.0 -4.5 -3.2 -0.8 -1.0 -2.1 -0.6
-999.0 -999.0 -999.0 -999.0 -999.0 -999.0 -999.0 -999.0 -999.0 -999.0 -999.0 -999.0 -999.0 -999.0 -999.0 -999.0 -999.0 -999.0 -999.0 -999.0 -999.0 -999.0 883.9 732.6 760.5 620.1 591.0 524.6 134.4 134.6 134.8 134.8 123.4 122.4 103.7 95.5 86.3 75.0 66.7 63.6 70.5 66.8 64.1 63.0 62.0 59.2 56.5 48.5 51.8 51.0 48.7 49.9 51.8 55.5 50.9 47.5 63.5 60.7 66.9 450.5 57.3 29.9 15.6 -0.4 -0.0 -3.4 -2.6 -2.4 -3.9 -4.1 -3.4 -1.0 -1.0 -0.6 -1.1
-999.0 -999.0 -999.0 -999.0 -999.0 -999.0 -999.0 -999.0 -999.0 -999.0 -999.0 -999.0 -999.0 -999.0 -999.0 -999.0 -999.0 -999.0 -999.0 -999.0 -999.0 -999.0 948.8 948.2 838.1 732.6 721.5 559.5 136.7 134.7 134.5 134.6 123.5 122.5 103.9 95.1 86.3 75.0 66.7 63.7 70.4 66.2 64.1 63.0 62.0 59.3 56.6 48.4 52.2 51.4 49.5 49.9 47.2 50.1 50.5 45.8 50.2 61.8 49.5 43.9 39.5 40.7 13.1 0.5 1.3 -2.5 -2.6 -2.3 -3.7 -3.8 -3.2 -0.8 -0.8 -0.3 -1.0
-999.0 -999.0 -999.0 -999.0 -999.0 -999.0 -999.0 -999.0 -999.0 -999.0 -999.0 -999.0 -999.0 -999.0 -999.0 -999.0 -999.0 -999.0 -999.0 -999.0 -999.0 -999.0 -999.0 1009.4 424.4 857.4 721.5 205.7 139.4 134.5 134.8 135.0 123.6 122.4 103.7 95.9 86.3 75.0 66.3 63.2 70.1 66.8 64.1 63.1 62.0 59.3 57.0 48.7 52.5 50.9 50.6 49.9 50.4 51.0 51.3 46.0 43.9 41.5 45.3 38.1 38.1 25.4 24.9 -0.4 -0.2 -3.5 -1.2 -1.7 -3.6 -3.8 -3.2 -0.6 -0.7 -0.3 -0.9
-999.0 -999.0 -999.0 -999.0 -999.0 -999.0 -999.0 -999.0 -999.0 -999.0 -999.0 -999.0 -999.0 -999.0 -999.0 -999.0 -999.0 -999.0 -999.0 -999.0 -999.0 -999.0 -999.0 -999.0 380.6 310.5 315.0 162.0 133.9 133.9 134.5 134.7 127.1 122.5 103.6 95.9 86.0 75.1 65.6 63.2 70.1 66.8 64.1 63.1 62.0 59.3 56.7 48.4 52.5 51.0 50.6 50.2 48.5 50.4 47.9 46.5 43.1 42.4 43.3 35.9 37.5 14.3 6.7 -0.6 -0.2 -3.3 -2.6 -2.6 -3.6 -3.9 -3.2 -0.7 -0.9 -0.1 -0.6
-999.0 -999.0 -999.0 -999.0 -999.0 -999.0 -999.0 -999.0 -999.0 -999.0 -999.0 -999.0 -999.0 -999.0 -999.0 -999.0 -999.0 -999.0 -999.0 -999.0 -999.0 -999.0 -999.0 -999.0 368.2 275.8 175.0 137.4 135.9 132.9 134.6 134.5 127.0 122.6 103.7 95.5 86.3 73.2 66.7 63.6 70.1 66.5 64.1 63.0 62.0 59.3 56.2 48.3 51.9 51.3 50.3 50.4 49.8 51.2 49.8 47.5 46.3 45.2 44.8 38.8 34.4 16.7 17.6 -0.4 -0.3 -3.6 -2.5 -2.7 -3.6 -2.9 -3.1 -0.9 -0.7 -0.6 -0.6
-999.0 -999.0 -999.0 -999.0 -999.0 -999.0 -999.0 -999.0 -999.0 -999.0 -999.0 -999.0 -999.0 -999.0 -999.0 -999.0 -999.0 -999.0 -999.0 -999.0 -999.0 -999.0 -999.0 -999.0 -999.0 290.1 172.3 169.2 133.2 133.0 135.3 137.0 126.0 124.9 103.3 95.7 86.5 75.0 66.6 63.3 70.3 66.5 63.7 63.1 62.1 59.3 56.6 48.3 51.9 51.0 50.3 50.7 50.3 50.9 50.1 48.2 46.3 45.4 44.2 38.3 37.9 18.2 10.8 -0.8 -0.2 -3.6 -2.7 -2.6 -3.7 -2.7 -3.1 -0.6 -2.9 -0.4 -0.8
-999.0 -999.0 -999.0 -999.0 -999.0 -999.0 -999.0 -999.0 -999.0 -999.0 -999.0 -999.0 -999.0 -999.0 -999.0 -999.0 -999.0 -999.0 -999.0 -999.0 -999.0 -999.0 -999.0 -999.0 -999.0 -999.0 -999.0 153.3 133.7 134.7 134.7 134.7 123.6 125.8 451.5 95.7 86.5 75.1 66.5 63.4 70.3 66.5 63.7 63.1 62.0 59.3 57.1 48.3 51.9 51.0 50.3 50.3 50.5 51.2 50.1 47.7 46.3 45.4 44.2 38.6 35.9 17.7 2.5 -0.7 0.1 -4.1 -2.6 -1.5 -3.7 -3.7 -3.1 -0.8 -1.2 -0.7 -0.5
-999.0 -999.0 -999.0 -999.0 -999.0 -999.0 -999.0 -999.0 -999.0 -999.0 -999.0 -999.0 -999.0 -999.0 -999.0 -999.0 -999.0 -999.0 -999.0 -999.0 -999.0 -999.0 -999.0 -999.0 -999.0 -999.0 -999.0 -999.0 -999.0 134.5 134.5 134.6 123.4 458.0 455.7 441.9 403.6 75.1 66.5 63.4 70.3 66.5 63.8 62.3 62.0 59.4 56.6 48.4 52.0 51.0 50.1 50.3 50.5 51.1 50.6 47.7 46.3 45.7 45.0 38.3 21.2 16.6 0.1 -1.1 -0.4 -1.6 -2.5 -2.4 -3.7 -3.4 -2.9 -1.3 -1.0 -0.2 -0.3
-999.0 -999.0 -999.0 -999.0 -999.0 -999.0 -999.0 -999.0 -999.0 -999.0 -999.0 -999.0 -999.0 -999.0 -999.0 -999.0 -999.0 -999.0 -999.0 -999.0 -999.0 -999.0 -999.0 -999.0 -999.0 -999.0 -999.0 -999.0 -999.0 -999.0 134.5 134.5 480.8 489.0 432.6 456.2 417.6 398.9 70.0 63.4 70.3 66.6 63.7 62.7 61.3 59.3 56.7 48.7 51.4 51.0 50.8 50.1 50.0 50.9 50.1 48.2 46.8 45.4 44.5 38.1 19.9 13.4 1.7 -0.6 -2.0 -3.6 -2.7 -2.6 -3.6 -5.1 -3.2 -0.7 -0.7 -0.1 -0.3
-999.0 -999.0 -999.0 -999.0 -999.0 -999.0 -999.0 -999.0 -999.0 -999.0 -999.0 -999.0 -999.0 -999.0 -999.0 -999.0 -999.0 -999.0 -999.0 -999.0 -999.0 -999.0 -999.0 -999.0 -999.0 -999.0 -999.0 -999.0 -999.0 -999.0 -999.0 132.8 490.7 548.4 445.9 438.1 421.6 398.9 396.0 63.2 360.2 66.4 64.0 62.9 62.0 59.1 56.7 48.3 51.5 50.9 50.6 50.7 50.5 51.2 49.9 47.7 46.3 44.2 39.6 37.6 18.8 10.8 0.3 -0.8 -2.7 -2.9 -2.4 -3.0 -3.0 -3.5 -2.9 -0.7 -0.7 -0.2 -0.2
-999.0 -999.0 -999.0 -999.0 -999.0 -999.0 -999.0 -999.0 -999.0 -999.0 -999.0 -999.0 -999.0 -999.0 -999.0 -999.0 -999.0 -999.0 -999.0 -999.0 -999.0 -999.0 -999.0 -999.0 -999.0 -999.0 -999.0 -999.0 -999.0 -999.0 -999.0 -999.0 -999.0 490.5 432.4 438.8 419.3 417.0 391.1 370.7 360.4 346.4 63.7 62.8 62.0 58.8 56.6 48.4 52.4 49.5 50.6 50.5 49.9 50.7 49.9 47.7 46.3 44.8 39.3 36.2 18.0 2.3 -0.5 -0.7 -2.8 -2.7 -2.4 -3.1 -2.9 -3.1 -2.2 -0.7 -0.6 -0.2 -0.3
-999.0 -999.0 -999.0 -999.0 -999.0 -999.0 -999.0 -999.0 -999.0 -999.0 -999.0 -999.0 -999.0 -999.0 -999.0 -999.0 -999.0 -999.0 -999.0 -999.0 -999.0 -999.0 -999.0 -999.0 -999.0 -999.0 -999.0 -999.0 -999.0 -999.0 -999.0 -999.0 -999.0 -999.0 457.5 421.6 440.9 436.4 424.2 376.2 383.6 352.6 63.7 62.7 62.0 59.3 56.9 47.9 52.0 51.1 50.1 50.2 49.9 50.8 50.1 48.2 46.3 45.1 38.9 19.2 16.5 0.1 0.4 -0.7 -3.1 -2.6 -2.2 -2.9 -2.9 -3.1 -2.2 -0.7 -0.6 -0.2 -0.3
-999.0 -999.0 -999.0 -999.0 -999.0 -999.0 -999.0 -999.0 -999.0 -999.0 -999.0 -999.0 -999.0 -999.0 -999.0 -999.0 -999.0 -999.0 -999.0 -999.0 -999.0 -999.0 -999.0 -999.0 -999.0 -999.0 -999.0 -999.0 -999.0 -999.0 -999.0 -999.0 -999.0 -999.0 459.3 456.2 418.2 426.5 409.4 393.2 378.3 378.8 350.3 62.9 61.9 59.4 57.0 48.2 51.0 50.9 50.1 50.2 49.9 51.0 49.8 47.7 44.9 38.8 39.0 19.8 13.7 1.0 0.2 -0.6 -2.5 -2.6 -1.7 -3.0 -3.0 -3.0 -2.2 -0.7 -0.7 -0.2 -0.3
-999.0 -999.0 -999.0 -999.0 -999.0 -999.0 -999.0 -999.0 -999.0 -999.0 -999.0 -999.0 -999.0 -999.0 -999.0 -999.0 -999.0 -999.0 -999.0 -999.0 -999.0 -999.0 -999.0 -999.0 -999.0 -999.0 -999.0 -999.0 -999.0 -999.0 -999.0 -999.0 -999.0 -999.0 463.1 94.1 416.1 84.8 408.2 370.6 376.6 378.8 371.7 324.1 342.5 58.7 56.7 48.0 51.8 50.7 50.0 50.1 49.8 51.1 50.4 47.5 46.7 38.9 38.5 19.1 11.5 0.0 0.1 -1.4 -2.3 -2.4 -1.8 -3.1 -3.1 -3.0 -2.2 -0.7 -0.7 -0.2 -0.3
-999.0 -999.0 -999.0 -999.0 -999.0 -999.0 -999.0 -999.0 -999.0 -999.0 -999.0 -999.0 -999.0 -999.0 -999.0 -999.0 -999.0 -999.0 -999.0 -999.0 -999.0 -999.0 -999.0 -999.0 -999.0 -999.0 -999.0 -999.0 -999.0 -999.0 -999.0 -999.0 -999.0 -999.0 487.2 97.3 85.8 72.3 62.5 71.4 405.3 378.8 362.3 366.7 342.5 335.3 56.8 48.1 51.7 51.1 50.4 50.1 50.0 50.8 50.1 47.7 45.7 39.1 37.3 18.7 10.5 0.3 0.4 -2.1 -2.3 -2.5 -1.8 -3.1 -2.9 -3.1 -0.9 -0.7 -0.7 -0.2 -0.3
-999.0 -999.0 -999.0 -999.0 -999.0 -999.0 -999.0 -999.0 -999.0 -999.0 -999.0 -999.0 -999.0 -999.0 -999.0 -999.0 -999.0 -999.0 -999.0 -999.0 -999.0 -999.0 -999.0 -999.0 -999.0 -999.0 -999.0 -999.0 -999.0 -999.0 -999.0 -999.0 -999.0 -999.0 -999.0 417.7 86.5 75.1 65.9 67.5 403.4 358.1 356.3 333.4 342.5 322.3 339.5 335.5 51.8 50.7 50.3 50.3 50.0 50.8 50.1 47.7 45.7 38.8 22.1 18.7 5.5 0.3 0.4 -2.1 -2.6 -2.6 -1.9 -3.1 -3.9 -3.0 -0.9 -0.7 -0.7 -0.2 -0.3
-999.0 -999.0 -999.0 -999.0 -999.0 -999.0 -999.0 -999.0 -999.0 -999.0 -999.0 -999.0 -999.0 -999.0 -999.0 -999.0 -999.0 -999.0 -999.0 -999.0 -999.0 -999.0 -999.0 -999.0 -999.0 -999.0 -999.0 -999.0 -999.0 -999.0 -999.0 -999.0 -999.0 -999.0 -999.0 426.1 412.4 75.2 66.6 63.4 68.0 66.2 354.9 330.7 326.2 336.3 341.1 334.3 52.0 51.0 50.0 50.2 50.0 50.8 50.1 46.5 45.2 39.0 22.1 18.7 0.1 0.3 0.3 -2.8 -1.5 -1.7 -1.9 -3.1 -4.0 -3.0 -0.9 -0.7 -0.7 -0.2 -0.3
-999.0 -999.0 -999.0 -999.0 -999.0 -999.0 -999.0 -999.0 -999.0 -999.0 -999.0 -999.0 -999.0 -999.0 -999.0 -999.0 -999.0 -999.0 -999.0 -999.0 -999.0 -999.0 -999.0 -999.0 -999.0 -999.0 -999.0 -999.0 -999.0 -999.0 -999.0 -999.0 -999.0 -999.0 -999.0 -999.0 411.9 74.5 66.5 63.6 70.4 65.8 64.1 62.8 56.7 348.7 336.5 325.9 53.3 53.5 50.2 50.1 50.0 50.8 50.1 48.3 40.0 39.0 20.8 16.9 0.1 0.4 0.3 -2.8 -1.7 -1.8 -1.9 -3.1 -4.0 -3.0 -0.9 -0.7 -0.7 -0.2 -0.3
-999.0 -999.0 -999.0 -999.0 -999.0 -999.0 -999.0 -999.0 -999.0 -999.0 -999.0 -999.0 -999.0 -999.0 -999.0 -999.0 -999.0 -999.0 -999.0 -999.0 -999.0 -999.0 -999.0 -999.0 -999.0 -999.0 -999.0 -999.0 -999.0 -999.0 -999.0 -999.0 -999.0 -999.0 -999.0 -999.0 419.9 75.3 66.7 63.4 70.4 66.6 64.2 63.1 60.3 328.9 340.1 49.9 50.3 50.2 50.5 50.2 50.0 50.8 50.0 47.1 40.0 39.0 20.8 16.8 0.1 0.4 0.3 -2.8 -1.7 -1.8 -1.9 -2.2 -4.0 -3.0 -0.9 -0.7 -0.7 -0.2 -0.3
-999.0 -999.0 -999.0 -999.0 -999.0 -999.0 -999.0 -999.0 -999.0 -999.0 -999.0 -999.0 -999.0 -999.0 -999.0 -999.0 -999.0 -999.0 -999.0 -999.0 -999.0 -999.0 -999.0 -999.0 -999.0 -999.0 -999.0 -999.0 -999.0 -999.0 -999.0 -999.0 -999.0 -999.0 -999.0 -999.0 -999.0 398.2 66.8 63.6 70.4 66.9 64.1 63.0 62.1 62.7 56.7 48.4 51.9 50.7 50.1 50.2 49.9 50.8 50.0 47.1 40.0 38.4 20.8 15.1 0.5 0.4 0.3 -2.8 -1.7 -1.8 -1.9 -2.2 -3.9 -3.1 -2.2 -0.7 -0.7 -0.2 -0.3
-999.0 -999.0 -999.0 -999.0 -999.0 -999.0 -999.0 -999.0 -999.0 -999.0 -999.0 -999.0 -999.0 -999.0 -999.0 -999.0 -999.0 -999.0 -999.0 -999.0 -999.0 -999.0 -999.0 -999.0 -999.0 -999.0 -999.0 -999.0 -999.0 -999.0 -999.0 -999.0 -999.0 -999.0 -999.0 -999.0 -999.0 -999.0 66.0 63.6 70.4 66.8 63.2 63.3 62.0 59.4 56.7 48.3 52.0 50.9 50.0 50.2 50.0 50.9 48.9 47.1 40.0 37.2 20.8 14.0 0.5 0.4 0.3 -2.8 -1.7 -1.8 -1.9 -3.1 -2.9 -3.1 -2.2 -0.7 -0.7 -0.2 -0.3
-999.0 -999.0 -999.0 -999.0 -999.0 -999.0 -999.0 -999.0 -999.0 -999.0 -999.0 -999.0 -999.0 -999.0 -999.0 -999.0 -999.0 -999.0 -999.0 -999.0 -999.0 -999.0 -999.0 -999.0 -999.0 -999.0 -999.0 -999.0 -999.0 -999.0 -999.0 -999.0 -999.0 -999.0 -999.0 -999.0 -999.0 -999.0 66.7 63.5 70.4 66.8 63.5 63.1 62.3 59.4 56.6 48.3 51.8 50.9 50.0 50.1 50.0 50.9 48.9 46.6 39.7 37.2 19.7 14.0 0.5 0.4 0.3 -2.9 -1.7 -1.8 -1.8 -3.1 -2.8 -3.1 -2.8 -0.7 -0.7 -0.2 -0.2
-999.0 -999.0 -999.0 -999.0 -999.0 -999.0 -999.0 -999.0 -999.0 -999.0 -999.0 -999.0 -999.0 -999.0 -999.0 -999.0 -999.0 -999.0 -999.0 -999.0 -999.0 -999.0 -999.0 -999.0 -999.0 -999.0 -999.0 -999.0 -999.0 -999.0 -999.0 -999.0 -999.0 -999.0 -999.0 -999.0 -999.0 -999.0 -999.0 -999.0 70.4 66.5 63.7 63.1 62.0 59.4 56.6 48.0 51.9 51.0 50.1 50.1 50.0 50.9 50.6 41.4 39.9 24.8 19.3 11.8 0.5 0.4 0.3 -2.9 -1.7 -1.8 -1.9 -2.9 -2.8 -3.2 -2.8 -0.7 -0.7 -0.2 -0.2
