GSP_annual_reports_SON_2024_v1/GIS/SON_2023_Spring_Deep.tif
NCOLS 191
NROWS  209
XLLCORNER 6295515.91401
YLLCORNER 1783415.49397
CELLSIZE 1000.0
NODATA_VALUE -999
[rows 0 to 32 of 209, columns 0 to 74 of 191]
-999.0 -999.0 -999.0 -999.0 -999.0 -999.0 -999.0 -999.0 -999.0 -999.0 -999.0 -999.0 -999.0 -999.0 -999.0 -999.0 -999.0 -999.0 -999.0 -999.0 -999.0 -999.0 -999.0 -999.0 345.8 328.8 374.2 385.2 417.9 361.9 337.4 334.7 351.9 398.4 -999.0 -999.0 -999.0 -999.0 -999.0 -999.0 -999.0 -999.0 -999.0 -999.0 -999.0 -999.0 -999.0 -999.0 -999.0 -999.0 -999.0 -999.0 -999.0 -999.0 -999.0 -999.0 -999.0 -999.0 -999.0 -999.0 -999.0 -999.0 -999.0 -999.0 -999.0 -999.0 -999.0 -999.0 -999.0 -999.0 -999.0 -999.0 -999.0 -999.0 -999.0
-999.0 -999.0 -999.0 -999.0 -999.0 -999.0 -999.0 -999.0 -999.0 -999.0 -999.0 -999.0 -999.0 -999.0 -999.0 -999.0 -999.0 -999.0 -999.0 -999.0 -999.0 -999.0 392.6 333.4 341.8 366.6 369.6 422.3 419.7 414.3 347.0 333.4 332.6 351.6 377.2 442.7 476.7 520.4 -999.0 -999.0 -999.0 -999.0 -999.0 -999.0 -999.0 -999.0 -999.0 -999.0 -999.0 -999.0 -999.0 -999.0 -999.0 -999.0 -999.0 -999.0 -999.0 -999.0 -999.0 -999.0 -999.0 -999.0 -999.0 -999.0 -999.0 -999.0 -999.0 -999.0 -999.0 -999.0 -999.0 -999.0 -999.0 -999.0 -999.0
-999.0 -999.0 -999.0 -999.0 -999.0 -999.0 -999.0 -999.0 -999.0 -999.0 -999.0 -999.0 -999.0 -999.0 -999.0 -999.0 -999.0 -999.0 -999.0 -999.0 277.6 387.0 437.8 437.7 369.1 330.1 343.7 329.6 348.2 349.2 410.3 372.1 346.1 330.9 375.1 452.9 472.8 490.3 476.0 455.7 371.4 333.9 -999.0 -999.0 -999.0 -999.0 -999.0 -999.0 -999.0 -999.0 -999.0 -999.0 -999.0 -999.0 -999.0 -999.0 -999.0 -999.0 -999.0 -999.0 -999.0 -999.0 -999.0 -999.0 -999.0 -999.0 -999.0 -999.0 -999.0 -999.0 -999.0 -999.0 -999.0 -999.0 -999.0
-999.0 -999.0 -999.0 -999.0 -999.0 -999.0 -999.0 -999.0 -999.0 -999.0 -999.0 -999.0 -999.0 -999.0 -999.0 -999.0 -999.0 -999.0 -999.0 262.1 259.5 281.1 421.6 438.8 453.4 499.8 465.2 429.0 402.5 344.3 350.2 454.7 438.0 379.4 332.6 376.4 454.2 487.6 476.0 435.9 384.5 335.4 381.0 313.1 -999.0 -999.0 -999.0 -999.0 -999.0 -999.0 -999.0 -999.0 -999.0 -999.0 -999.0 -999.0 -999.0 -999.0 -999.0 -999.0 -999.0 -999.0 -999.0 -999.0 -999.0 -999.0 -999.0 -999.0 -999.0 -999.0 -999.0 -999.0 -999.0 -999.0 -999.0
-999.0 -999.0 -999.0 -999.0 -999.0 -999.0 -999.0 -999.0 -999.0 -999.0 -999.0 -999.0 -999.0 -999.0 -999.0 -999.0 -999.0 -999.0 264.8 268.7 267.2 279.6 368.6 422.8 431.8 525.9 530.2 572.8 443.0 337.2 396.8 471.4 477.4 435.9 361.4 329.6 418.8 463.3 482.9 460.3 424.5 363.3 345.5 391.7 290.6 304.7 -999.0 -999.0 -999.0 -999.0 -999.0 -999.0 -999.0 -999.0 -999.0 -999.0 -999.0 -999.0 -999.0 -999.0 -999.0 -999.0 -999.0 -999.0 -999.0 -999.0 -999.0 -999.0 -999.0 -999.0 -999.0 -999.0 -999.0 -999.0 -999.0
-999.0 -999.0 -999.0 -999.0 -999.0 -999.0 -999.0 -999.0 -999.0 -999.0 -999.0 -999.0 -999.0 -999.0 -999.0 -999.0 -999.0 -999.0 255.5 253.6 268.3 281.4 286.3 285.7 404.2 404.8 422.7 374.1 372.8 401.6 441.8 474.1 566.7 508.5 512.0 405.5 361.9 436.1 479.7 474.6 431.5 361.3 351.5 310.4 310.4 294.4 310.5 307.1 -999.0 -999.0 -999.0 -999.0 -999.0 -999.0 -999.0 -999.0 -999.0 -999.0 -999.0 -999.0 -999.0 -999.0 -999.0 -999.0 -999.0 -999.0 -999.0 -999.0 -999.0 -999.0 -999.0 -999.0 -999.0 -999.0 -999.0
-999.0 -999.0 -999.0 -999.0 -999.0 -999.0 -999.0 -999.0 -999.0 -999.0 -999.0 -999.0 -999.0 -999.0 -999.0 -999.0 -999.0 262.3 258.7 258.7 255.8 253.5 255.6 260.7 280.3 342.6 345.8 352.9 349.0 365.3 441.1 471.3 533.7 558.3 553.2 521.5 370.0 407.0 443.8 477.3 427.2 370.8 361.4 281.6 286.1 285.4 306.6 303.0 306.1 -999.0 -999.0 -999.0 -999.0 -999.0 -999.0 -999.0 -999.0 -999.0 -999.0 -999.0 -999.0 -999.0 -999.0 -999.0 -999.0 -999.0 -999.0 -999.0 -999.0 -999.0 -999.0 -999.0 -999.0 -999.0 -999.0
-999.0 -999.0 -999.0 -999.0 -999.0 -999.0 -999.0 -999.0 -999.0 -999.0 -999.0 -999.0 -999.0 -999.0 -999.0 -999.0 270.1 270.7 262.8 263.1 272.7 259.1 259.6 253.7 250.4 343.2 371.9 414.7 417.7 380.0 436.4 527.9 571.9 607.7 520.9 451.2 398.9 355.9 359.0 440.9 456.8 385.2 366.7 295.6 295.9 301.2 285.8 308.7 316.1 380.8 -999.0 -999.0 -999.0 -999.0 -999.0 -999.0 -999.0 -999.0 -999.0 -999.0 -999.0 -999.0 -999.0 -999.0 -999.0 -999.0 -999.0 -999.0 -999.0 -999.0 -999.0 -999.0 -999.0 -999.0 -999.0
-999.0 -999.0 -999.0 -999.0 -999.0 -999.0 -999.0 -999.0 -999.0 -999.0 -999.0 -999.0 -999.0 -999.0 -999.0 271.2 271.1 268.9 270.7 270.4 260.7 262.7 262.3 262.3 255.7 326.6 336.8 435.7 471.7 435.4 418.7 426.3 488.5 624.4 529.7 475.7 449.8 360.8 352.1 361.5 434.3 369.4 346.8 313.7 303.1 310.2 396.4 386.7 299.5 309.0 -999.0 -999.0 -999.0 -999.0 -999.0 -999.0 -999.0 -999.0 560.4 594.1 598.7 606.4 592.3 523.3 514.2 445.4 472.4 425.0 426.8 -999.0 -999.0 -999.0 -999.0 -999.0 -999.0
-999.0 -999.0 -999.0 -999.0 -999.0 -999.0 -999.0 -999.0 -999.0 -999.0 -999.0 -999.0 -999.0 -999.0 -999.0 271.7 271.2 271.2 270.8 271.2 257.7 258.5 262.3 262.3 262.3 268.0 374.8 378.1 421.9 523.1 483.2 460.9 462.3 585.8 588.6 473.5 442.7 370.5 350.3 331.1 354.2 369.6 379.4 362.2 309.5 337.6 374.3 401.3 369.1 315.0 332.8 -999.0 -999.0 -999.0 -999.0 420.3 426.4 415.3 513.0 554.6 598.6 692.0 707.7 624.0 521.7 493.2 471.7 505.7 479.9 426.6 479.1 -999.0 -999.0 -999.0 -999.0
-999.0 -999.0 -999.0 -999.0 -999.0 -999.0 -999.0 -999.0 -999.0 -999.0 -999.0 -999.0 -999.0 -999.0 263.3 273.9 271.7 271.7 271.2 271.5 264.1 271.2 272.9 270.4 262.3 262.6 290.8 386.7 406.1 413.0 531.5 536.1 588.3 617.1 599.9 518.0 460.6 409.6 427.4 436.8 453.5 450.2 384.3 335.3 295.7 352.6 388.7 406.8 410.3 381.8 333.4 398.1 -999.0 412.4 416.4 409.0 411.5 455.5 422.1 583.2 598.7 611.4 682.1 684.0 609.0 478.7 475.2 555.3 518.9 452.9 469.7 483.0 -999.0 -999.0 -999.0
-999.0 -999.0 -999.0 -999.0 -999.0 -999.0 -999.0 -999.0 -999.0 -999.0 -999.0 -999.0 -999.0 -999.0 277.6 271.3 274.2 273.9 271.7 271.7 258.4 271.2 271.2 271.2 273.0 270.8 280.5 348.6 390.0 413.9 431.4 506.7 528.4 529.0 575.6 525.6 479.2 471.1 472.6 484.4 476.7 481.5 452.3 362.0 318.6 304.4 407.1 344.7 413.2 332.0 333.4 371.0 365.7 412.1 409.5 414.3 405.5 407.0 422.6 531.7 564.8 669.6 717.7 717.4 607.2 538.4 474.5 595.2 576.5 468.2 461.5 506.7 589.2 -999.0 -999.0
-999.0 -999.0 -999.0 -999.0 -999.0 -999.0 -999.0 -999.0 -999.0 -999.0 -999.0 -999.0 -999.0 -999.0 277.6 277.6 284.0 277.9 273.9 274.2 257.3 271.7 271.2 271.5 270.7 276.4 313.6 297.4 373.6 377.4 422.3 392.6 428.4 499.0 572.4 585.3 566.8 521.4 496.5 476.2 461.0 454.8 412.8 407.9 354.0 303.9 305.4 409.2 395.7 410.6 374.7 371.5 354.6 385.6 403.3 417.7 422.9 413.0 449.9 453.3 576.6 607.6 610.1 718.5 610.1 527.0 471.9 575.9 522.9 470.7 481.7 483.4 487.9 508.3 -999.0
-999.0 -999.0 -999.0 -999.0 -999.0 -999.0 -999.0 -999.0 -999.0 -999.0 -999.0 -999.0 -999.0 -999.0 398.4 277.6 280.5 277.9 277.6 277.6 266.0 273.4 271.7 269.9 258.6 268.8 279.1 283.8 289.1 327.2 364.7 389.9 412.3 402.5 369.8 367.5 548.3 497.6 472.0 479.8 480.8 479.1 451.4 374.7 358.5 288.4 300.7 383.1 347.1 388.7 345.4 343.4 383.8 377.0 388.9 405.4 418.4 434.2 436.3 479.7 478.5 583.7 618.2 664.8 618.2 613.0 529.3 571.6 585.9 556.0 468.1 453.6 475.7 475.7 477.8
-999.0 -999.0 -999.0 -999.0 -999.0 -999.0 -999.0 -999.0 -999.0 -999.0 -999.0 -999.0 -999.0 -999.0 296.0 277.9 277.6 277.9 277.6 277.6 277.6 277.6 273.9 273.9 271.2 271.5 265.6 278.0 292.8 301.1 390.6 375.6 371.9 382.0 391.4 402.1 404.2 507.1 476.0 474.4 469.7 492.8 472.7 452.0 435.2 373.8 296.3 299.7 369.6 390.2 343.0 383.7 399.9 406.8 406.0 433.2 404.8 432.0 469.9 475.1 478.2 485.2 685.2 607.6 629.6 705.2 619.6 592.2 502.0 553.1 482.4 473.6 477.7 463.8 483.4
-999.0 -999.0 -999.0 -999.0 -999.0 -999.0 -999.0 -999.0 -999.0 -999.0 -999.0 -999.0 -999.0 -999.0 277.1 277.6 277.6 277.6 277.6 271.6 276.6 277.6 277.6 277.9 273.9 274.2 269.2 266.6 291.3 301.2 339.5 331.6 375.3 370.9 358.0 351.1 368.3 413.5 473.0 446.7 464.0 466.4 454.9 395.4 446.9 451.4 424.9 293.2 336.4 339.5 331.3 408.4 378.8 404.8 400.0 416.1 412.9 411.3 409.1 440.5 476.3 523.8 514.8 718.9 749.0 712.7 623.9 594.9 585.1 590.2 489.5 463.9 469.7 461.4 488.2
-999.0 -999.0 -999.0 -999.0 -999.0 -999.0 -999.0 -999.0 -999.0 -999.0 -999.0 -999.0 -999.0 -999.0 408.1 277.2 277.6 277.6 277.9 281.7 267.1 277.0 277.6 268.5 277.6 274.4 271.9 276.0 279.1 285.6 305.0 337.6 374.0 334.1 366.9 370.6 381.8 382.6 383.3 423.9 455.9 460.9 462.3 450.5 429.1 475.5 452.3 401.2 354.6 302.2 406.9 337.6 356.8 423.7 412.5 432.4 441.6 440.4 484.3 422.1 451.6 488.4 539.1 772.5 725.8 745.5 717.4 674.9 605.3 520.2 481.6 476.1 462.8 461.4 481.8
-999.0 -999.0 -999.0 -999.0 -999.0 -999.0 -999.0 -999.0 -999.0 -999.0 -999.0 -999.0 -999.0 -999.0 404.8 398.9 277.6 277.6 277.4 270.5 277.2 281.4 277.6 277.9 277.6 277.2 279.5 271.2 292.9 298.8 289.1 342.9 306.4 378.4 370.1 346.0 340.9 362.5 387.9 432.5 440.7 455.4 479.9 479.0 471.1 469.1 454.8 374.3 301.7 368.0 413.8 396.8 397.1 390.8 405.5 411.7 413.0 421.7 433.7 487.4 480.4 529.6 536.2 560.3 827.1 756.9 726.1 714.5 618.0 519.1 487.9 484.3 474.2 485.2 468.7
-999.0 -999.0 -999.0 -999.0 -999.0 -999.0 -999.0 -999.0 -999.0 -999.0 -999.0 -999.0 -999.0 -999.0 435.9 408.5 277.6 277.1 274.1 271.0 279.4 278.0 277.1 277.6 270.8 277.9 279.8 284.7 294.4 285.1 304.1 311.4 302.3 300.6 349.4 364.0 345.5 336.9 365.4 315.5 401.1 454.2 417.7 424.9 455.6 461.6 458.2 415.8 412.6 369.3 391.4 399.7 412.5 389.4 412.2 404.6 418.8 421.3 438.7 497.3 530.0 507.3 535.8 551.9 583.9 764.3 743.4 685.8 633.4 630.8 594.8 508.1 491.0 474.6 469.8
-999.0 -999.0 -999.0 -999.0 -999.0 -999.0 -999.0 -999.0 -999.0 -999.0 -999.0 -999.0 -999.0 -999.0 430.5 413.4 277.1 277.1 271.0 275.1 271.0 274.8 277.1 277.6 277.2 277.9 296.0 290.3 294.2 292.2 283.1 285.4 298.1 288.3 324.0 326.6 328.2 360.5 319.7 297.1 290.8 378.3 407.6 429.0 457.6 461.6 464.5 390.3 404.7 369.6 386.5 423.6 408.0 409.4 406.7 405.6 415.7 418.0 464.3 502.6 497.5 489.1 517.2 535.8 579.1 758.4 786.4 724.6 689.0 634.2 674.7 601.4 542.6 492.7 484.9
-999.0 -999.0 -999.0 -999.0 -999.0 -999.0 -999.0 -999.0 -999.0 -999.0 -999.0 -999.0 -999.0 -999.0 409.0 276.4 277.1 278.0 277.1 277.1 265.5 277.5 278.3 277.1 277.9 277.9 283.6 289.2 289.2 291.8 295.2 289.1 298.3 287.0 347.3 356.4 308.4 287.6 284.9 291.2 298.4 398.7 424.4 402.3 458.3 458.2 491.3 487.2 410.9 401.0 373.4 416.5 446.2 419.5 408.7 432.6 435.8 478.9 491.5 460.8 433.0 470.9 493.0 515.7 548.0 554.2 736.2 784.1 772.4 778.9 710.1 595.2 523.3 491.6 495.3
-999.0 -999.0 -999.0 -999.0 -999.0 -999.0 -999.0 -999.0 -999.0 -999.0 -999.0 -999.0 -999.0 -999.0 435.9 294.6 277.2 277.1 275.8 277.1 271.0 271.0 276.3 277.1 277.6 277.9 278.3 278.1 279.5 289.8 280.9 287.3 291.6 290.6 284.9 284.4 293.0 276.9 312.2 348.9 297.4 368.6 406.0 362.2 358.7 382.2 479.1 470.3 492.9 419.5 401.5 419.9 435.9 415.9 413.8 436.3 480.5 469.3 473.9 441.8 489.8 507.0 514.4 483.2 484.6 522.8 487.6 714.7 773.2 723.0 712.7 606.7 563.0 523.7 488.4
-999.0 -999.0 -999.0 -999.0 -999.0 -999.0 -999.0 -999.0 -999.0 -999.0 -999.0 -999.0 -999.0 -999.0 442.6 305.1 296.6 272.7 275.8 269.9 262.4 271.0 271.1 277.1 277.6 277.6 276.5 277.2 277.5 285.0 285.8 280.8 290.5 292.9 286.6 288.2 286.3 274.5 332.0 344.4 367.0 298.5 330.1 337.9 345.6 417.9 391.3 412.2 445.8 429.8 415.2 417.7 424.4 421.6 475.7 473.4 439.5 485.2 434.1 447.8 441.9 465.4 474.9 465.4 478.1 473.2 482.1 682.0 704.8 674.0 647.5 601.9 589.6 583.7 586.6
-999.0 -999.0 -999.0 -999.0 -999.0 -999.0 -999.0 -999.0 -999.0 -999.0 -999.0 -999.0 -999.0 -999.0 433.1 432.8 304.6 277.5 278.4 275.0 275.8 273.9 264.2 275.8 277.3 281.7 285.5 276.9 277.9 283.2 285.0 281.3 279.2 284.3 277.0 280.8 272.4 280.4 296.8 378.3 382.7 385.7 328.8 330.5 340.3 386.0 415.6 437.8 451.4 434.2 466.1 474.5 431.3 466.2 464.9 436.6 413.8 455.8 436.1 457.7 425.6 428.7 440.5 435.8 461.4 434.1 448.2 640.3 630.8 660.7 617.8 716.3 716.9 716.5 585.8
-999.0 -999.0 -999.0 -999.0 -999.0 -999.0 -999.0 -999.0 -999.0 -999.0 -999.0 -999.0 -999.0 -999.0 442.0 423.0 284.4 283.4 282.2 277.6 269.9 277.6 265.1 275.0 276.4 269.4 284.1 284.4 285.0 285.0 284.2 285.0 279.1 280.1 270.6 272.5 269.7 284.0 298.3 340.6 306.7 411.6 372.4 337.1 347.3 367.8 415.1 415.3 437.9 447.2 427.3 426.2 431.2 428.1 486.3 445.3 436.6 413.4 431.7 430.4 410.8 465.5 476.9 441.5 460.6 426.0 495.2 620.0 583.6 608.4 632.6 685.7 690.3 703.4 595.8
-999.0 -999.0 -999.0 -999.0 -999.0 -999.0 -999.0 -999.0 -999.0 -999.0 -999.0 -999.0 -999.0 -999.0 416.3 420.1 270.8 281.7 281.8 277.1 274.8 278.0 275.0 275.8 267.5 276.3 284.5 278.8 279.5 278.8 278.8 277.5 279.7 277.4 269.8 267.7 264.8 276.0 289.1 296.3 300.9 381.5 414.8 354.6 357.6 392.8 382.7 393.3 398.9 411.8 422.6 536.7 536.2 535.1 542.9 444.5 442.9 431.5 453.8 418.3 433.4 445.1 418.7 437.8 423.1 416.8 443.3 522.8 521.7 574.9 575.0 633.9 718.9 725.1 708.9
-999.0 -999.0 -999.0 -999.0 -999.0 -999.0 -999.0 -999.0 -999.0 -999.0 -999.0 -999.0 -999.0 -999.0 423.6 292.4 271.0 276.7 276.1 275.0 275.8 266.3 275.8 275.8 294.6 292.5 303.2 278.8 278.2 278.8 277.4 279.1 281.3 278.6 271.0 270.5 263.7 269.5 287.2 290.2 303.3 351.1 419.7 387.2 348.5 423.6 430.1 438.6 424.2 441.4 489.1 489.3 492.1 524.4 562.0 530.6 428.2 419.8 430.4 432.9 454.5 415.4 418.7 434.6 422.2 434.0 472.2 461.3 477.3 464.2 534.7 575.1 589.5 629.2 698.8
-999.0 -999.0 -999.0 -999.0 -999.0 -999.0 -999.0 -999.0 -999.0 -999.0 -999.0 -999.0 -999.0 -999.0 444.9 412.3 284.3 278.8 275.8 274.8 271.6 275.0 267.8 275.1 306.0 305.2 289.0 278.8 277.5 278.3 277.5 277.5 275.8 271.4 272.0 270.5 260.7 270.5 273.9 283.8 294.4 304.6 360.7 431.1 329.8 334.5 411.4 429.4 431.4 427.4 441.2 453.4 496.6 521.7 513.0 546.9 515.5 475.5 419.9 419.0 436.3 415.6 427.5 406.3 432.4 400.0 459.8 458.4 564.5 546.7 517.2 510.4 535.2 577.8 700.6
-999.0 -999.0 -999.0 -999.0 -999.0 -999.0 -999.0 -999.0 -999.0 -999.0 -999.0 -999.0 -999.0 -999.0 490.5 437.0 427.7 278.8 276.4 274.3 266.1 268.0 268.2 275.8 280.9 290.5 284.1 276.5 279.5 276.6 278.4 276.4 274.4 271.6 260.4 265.0 260.9 274.2 274.2 279.9 297.8 300.6 311.1 382.3 432.2 325.0 393.3 428.9 398.0 395.0 428.7 487.9 512.0 516.9 567.2 588.1 534.9 488.7 457.1 479.3 467.7 477.0 453.1 418.2 474.5 454.9 458.6 471.5 599.7 604.5 612.7 612.9 623.2 564.0 609.4
-999.0 -999.0 -999.0 -999.0 -999.0 -999.0 -999.0 -999.0 -999.0 -999.0 -999.0 -999.0 -999.0 -999.0 484.1 440.8 429.0 278.8 278.4 274.8 265.4 268.2 277.5 275.8 296.6 292.4 299.4 277.1 276.6 278.1 278.4 278.4 272.7 271.6 263.8 260.7 265.5 264.6 276.9 281.7 280.1 295.0 294.5 310.7 393.4 318.3 358.4 357.6 357.2 431.6 474.2 450.4 517.3 540.2 568.2 584.3 540.3 574.1 516.5 454.5 453.9 475.8 461.1 450.2 452.8 445.0 454.3 534.4 487.6 523.8 623.2 619.6 617.8 617.0 545.8
-999.0 -999.0 -999.0 -999.0 -999.0 -999.0 -999.0 -999.0 -999.0 -999.0 -999.0 -999.0 -999.0 -999.0 428.2 435.8 422.0 278.8 277.9 277.0 269.8 275.4 269.9 274.8 290.4 305.3 289.0 284.9 277.6 279.5 271.0 277.5 274.7 271.2 259.1 260.9 262.9 267.7 275.6 282.1 278.1 277.2 285.7 291.4 291.7 301.1 324.2 314.6 342.3 403.6 415.1 446.7 476.5 585.1 601.0 620.0 595.7 588.8 516.3 493.9 481.4 484.8 472.1 446.8 453.3 446.2 442.2 444.5 451.9 478.3 505.4 623.6 667.4 633.0 580.6
-999.0 -999.0 -999.0 -999.0 -999.0 -999.0 -999.0 -999.0 -999.0 -999.0 -999.0 -999.0 -999.0 -999.0 464.6 423.6 431.9 278.8 271.0 273.6 268.6 269.4 269.9 269.9 303.2 303.2 285.5 278.5 277.3 278.4 277.2 278.1 274.2 271.2 262.6 261.2 265.8 266.7 280.6 279.8 279.6 278.1 275.0 290.6 290.1 427.6 431.6 426.1 427.6 441.2 404.6 461.5 461.1 479.7 484.7 588.4 579.6 601.6 612.2 507.6 505.6 597.8 577.4 552.9 502.8 493.8 523.6 472.0 467.5 499.4 459.5 507.1 607.6 639.9 594.0
-999.0 -999.0 -999.0 -999.0 -999.0 -999.0 -999.0 -999.0 -999.0 -999.0 -999.0 -999.0 -999.0 -999.0 423.4 458.8 423.4 277.9 284.0 274.8 271.2 269.9 269.9 274.8 296.3 291.0 283.9 284.5 277.9 277.9 277.9 277.9 272.0 267.7 262.6 267.6 270.3 268.7 274.5 277.4 274.5 274.2 265.1 267.6 285.1 332.4 430.8 445.9 455.6 430.9 433.1 448.6 436.0 447.4 436.8 567.5 621.6 606.3 621.0 508.2 475.1 572.5 682.5 616.3 623.1 602.9 734.6 544.2 453.5 547.1 474.1 447.1 580.3 656.1 633.7
