GSP_annual_reports_SON_2024_v1/GIS/SON_2023_Spring_Shallow.tif
NCOLS 191
NROWS  209
XLLCORNER 6295515.91401
YLLCORNER 1783415.49397
CELLSIZE 1000.0
NODATA_VALUE -999
[rows 99 to 131 of 209, columns 75 to 149 of 191]
268.3 271.9 276.0 277.2 303.0 579.5 640.6 637.6 751.2 819.6 559.4 889.0 877.6 943.5 1065.8 1046.5 1106.1 1086.9 1166.5 1161.4 1183.5 1184.3 1186.7 1205.1 1203.0 1226.0 1229.1 1206.5 1174.5 1145.9 969.2 758.1 650.5 599.0 587.7 524.3 513.1 435.8 384.5 263.3 230.1 241.3 322.5 348.5 270.7 344.3 259.1 259.3 280.9 425.0 468.8 662.2 760.4 754.7 766.6 763.0 733.1 859.8 870.7 884.2 884.1 879.8 885.9 890.2 915.8 919.9 921.4 900.2 974.7 958.5 926.4 970.9 976.1 900.3 830.9
291.1 282.5 288.2 290.0 308.6 547.7 617.9 649.2 759.8 810.9 881.2 896.7 901.3 971.7 1043.1 1112.3 1187.0 1188.6 1189.1 1188.6 1188.6 1193.2 1191.8 1200.1 1208.1 1231.0 1232.6 1238.1 1205.4 1173.7 1077.1 832.9 629.0 662.9 632.1 546.8 507.0 512.7 437.4 271.4 233.6 341.3 257.5 258.2 276.9 244.3 308.1 283.0 302.0 389.3 437.0 536.8 701.8 643.2 744.1 728.8 701.8 876.6 870.1 823.5 889.5 886.7 888.3 892.1 910.2 920.8 926.4 798.7 820.1 920.6 846.4 913.8 977.7 931.6 836.6
272.9 275.3 280.7 290.2 328.8 535.2 631.2 652.7 685.4 814.1 864.7 893.3 896.3 934.2 956.0 1037.4 1048.0 1115.6 1196.9 1159.7 1196.9 1197.7 1193.2 1206.0 1211.6 1236.9 1240.1 1250.7 1200.1 1006.5 917.9 837.8 786.5 687.4 643.6 577.5 525.5 521.3 427.4 256.1 260.3 232.5 218.1 205.6 220.0 175.0 228.9 232.3 247.2 356.2 424.6 478.2 603.0 509.9 603.5 692.8 666.0 725.7 865.3 752.8 751.4 897.7 914.3 892.3 900.3 924.8 931.1 939.3 827.1 797.6 827.5 866.0 878.0 899.4 845.1
279.8 275.1 273.3 300.2 316.1 341.7 638.2 646.5 699.9 820.7 901.6 873.8 904.6 899.7 900.6 984.1 1089.6 1127.4 1204.2 1165.1 1206.1 1203.1 1203.6 1209.8 1217.0 1240.2 1242.3 1257.5 1249.0 1098.7 885.0 912.5 800.9 793.2 662.6 574.1 524.9 460.5 446.3 328.1 256.2 198.2 198.5 198.1 222.4 168.9 161.5 228.4 239.5 264.1 363.0 413.5 409.4 415.0 665.4 545.3 532.8 645.3 693.4 722.2 711.0 879.7 890.7 898.3 854.9 912.2 938.3 936.1 814.6 808.2 779.7 805.8 809.9 830.4 811.8
279.0 273.6 273.9 280.8 369.9 329.6 376.0 656.4 689.0 689.9 744.0 857.7 892.1 894.9 943.5 997.0 1079.7 1090.0 1222.2 1202.9 1173.2 1221.5 1223.6 1231.3 1201.2 1248.6 1260.7 1273.7 1277.5 1193.0 980.9 1006.4 963.0 881.2 692.9 591.5 521.6 513.7 493.4 362.6 299.7 240.9 205.9 190.8 191.8 167.4 179.7 161.0 228.4 229.9 298.5 399.1 460.6 519.8 555.8 508.3 432.7 489.0 584.0 681.1 683.5 743.2 758.1 912.0 749.4 828.4 931.7 886.8 906.9 812.8 699.7 740.4 683.1 723.9 627.9
274.7 274.9 319.3 334.3 300.8 344.3 361.4 383.1 689.4 810.3 902.7 925.8 912.8 897.1 914.8 997.0 1068.0 1098.7 1215.4 1229.7 1214.5 1235.0 1235.0 1243.3 1255.5 1269.8 1274.2 1278.8 1285.6 1248.5 1210.7 1020.2 910.9 836.7 798.1 726.9 639.0 506.6 502.0 355.0 331.2 290.3 222.6 227.1 165.8 161.7 163.8 147.7 148.8 216.2 319.1 404.3 410.3 427.2 497.9 397.6 409.4 455.0 657.3 663.7 602.1 661.7 717.2 787.9 721.2 771.2 847.6 788.8 971.8 843.6 767.8 627.4 624.1 560.5 597.1
273.4 278.5 311.5 311.8 364.4 304.3 386.5 399.8 662.2 729.0 850.5 929.8 918.9 990.1 1062.7 1132.1 1117.3 1117.4 1161.8 1221.8 1245.1 1224.4 1241.4 1252.6 1262.0 1266.3 1285.6 1296.5 1296.5 1275.0 1266.3 1203.0 1017.0 884.8 804.1 775.9 695.9 583.1 516.2 345.0 328.3 289.3 315.2 228.8 161.7 169.2 159.1 144.5 148.2 210.1 244.8 276.0 261.8 395.9 400.3 390.4 489.5 528.4 640.3 661.7 515.3 593.6 671.3 686.5 693.6 732.2 753.8 771.8 958.7 821.2 773.5 728.4 683.9 608.3 567.4
270.3 277.4 278.5 280.6 286.3 361.6 313.5 356.7 407.8 697.4 739.6 840.6 901.1 940.3 943.5 1005.9 1113.6 1240.2 1081.0 1169.2 1247.7 1251.4 1253.6 1260.2 1269.2 1296.6 1286.0 1297.4 1304.2 1304.2 1278.7 1220.6 1147.0 962.8 805.4 767.3 700.6 563.3 529.5 372.0 342.9 260.2 222.4 204.0 158.7 175.2 137.0 145.5 138.2 207.1 208.9 324.9 394.3 393.4 400.1 397.7 434.9 571.4 636.6 584.1 482.2 514.3 497.7 538.5 673.5 718.2 663.9 751.5 783.8 808.3 797.6 866.4 798.1 759.9 776.4
268.6 275.0 280.0 285.9 290.0 298.7 312.2 332.4 383.9 409.0 702.7 702.5 830.1 903.9 943.2 948.3 984.9 1016.4 1080.7 1251.0 1250.3 1251.4 1253.6 1255.1 1250.4 1288.3 1290.6 1311.4 1302.0 1302.5 1286.8 1236.9 1150.3 990.8 896.7 839.3 667.0 581.4 512.8 482.4 305.5 266.3 216.7 187.6 160.0 164.9 131.9 126.8 132.4 156.2 210.4 331.0 378.9 382.8 394.4 389.3 440.1 502.0 583.6 678.8 565.4 417.7 464.9 549.1 584.7 604.6 772.4 721.8 749.6 823.6 844.8 861.2 836.9 805.3 859.7
256.2 261.5 270.0 279.3 284.0 291.7 315.0 585.6 361.2 408.4 686.1 718.7 757.5 872.7 895.6 952.5 941.6 998.7 1129.6 1266.6 1277.8 1274.5 1232.4 1282.7 1284.0 1300.9 1290.7 1320.6 1318.3 1325.0 1318.3 1256.2 1165.4 1147.9 982.0 901.7 743.3 612.8 507.9 430.6 322.6 258.8 255.2 200.8 150.3 130.0 114.2 117.6 135.0 140.0 174.3 227.8 349.3 361.3 366.8 364.5 453.3 477.4 521.2 670.7 504.1 412.2 422.9 512.0 512.2 628.0 772.8 760.6 720.7 827.1 1009.8 852.8 922.1 840.7 845.1
255.6 258.4 519.1 554.1 592.6 590.2 605.9 661.8 664.3 669.8 677.6 737.9 731.2 944.7 906.7 995.7 988.5 1035.5 1156.1 1279.5 1275.0 1283.7 1279.9 1296.7 1270.1 1307.0 1317.9 1323.8 1334.3 1326.0 1324.2 1258.4 1177.4 1154.1 1123.7 969.5 832.8 668.5 539.6 462.5 436.2 289.9 238.0 192.5 156.0 128.5 131.4 125.4 137.4 148.4 152.0 194.1 256.7 279.1 373.8 358.4 362.4 460.7 587.7 571.7 426.9 536.2 422.9 444.4 488.6 570.5 585.5 721.0 683.7 826.9 860.4 803.8 1020.6 828.2 846.2
252.7 501.7 518.4 598.0 592.0 615.4 660.4 658.9 674.9 720.6 717.4 752.8 824.1 943.1 947.9 966.2 998.9 999.3 1059.6 1244.6 1275.0 1279.9 1293.8 1255.1 1282.7 1319.9 1317.9 1326.0 1327.8 1326.0 1325.8 1262.2 1178.8 1158.7 1121.9 1096.6 860.7 732.9 569.5 517.9 427.1 383.3 271.9 210.5 142.4 98.2 155.2 120.1 109.5 127.8 141.2 164.8 248.9 208.0 345.4 345.6 369.8 420.6 367.9 362.4 401.2 448.3 472.6 421.5 494.3 513.8 582.3 664.3 771.2 802.4 852.8 786.8 846.6 848.7 860.9
506.1 505.4 526.5 592.6 608.7 622.2 552.7 612.0 683.4 680.7 720.8 751.9 856.9 918.9 906.2 948.2 1020.0 1064.5 1122.7 1196.4 1264.0 1295.5 1247.0 1301.7 1298.1 1321.1 1321.1 1331.6 1310.8 1310.5 1336.1 1279.0 1191.1 1164.5 1122.6 1093.7 849.3 672.0 596.5 491.3 440.4 403.6 304.6 187.5 154.0 130.6 127.5 108.1 97.3 102.9 125.8 141.3 125.7 153.4 291.6 318.0 357.4 358.0 336.1 426.0 451.0 616.6 529.7 633.5 603.2 687.9 525.2 682.9 759.3 801.3 821.0 723.3 827.9 920.5 846.6
249.2 547.4 539.8 299.9 289.1 304.6 288.0 614.8 309.2 664.1 746.6 774.6 791.5 861.2 961.4 978.3 995.4 1068.3 1120.5 1192.3 1258.4 1269.2 1308.3 1321.1 1322.6 1347.2 1323.5 1337.7 1355.4 1359.2 1328.4 1292.5 1209.1 1183.0 1142.9 1050.9 822.6 655.7 529.6 511.0 463.3 405.8 340.0 170.2 135.4 114.5 129.1 136.5 82.2 93.4 115.4 125.6 133.3 232.7 192.2 280.9 337.4 325.1 330.8 343.8 424.0 557.5 446.3 584.2 612.9 623.8 463.7 468.7 714.7 786.0 849.2 708.4 682.6 865.8 836.8
243.3 251.0 267.4 263.5 256.7 273.4 273.6 292.6 299.5 662.0 770.0 793.5 836.8 961.9 907.8 983.2 984.8 1014.6 1125.2 1139.9 1181.6 1193.0 1299.0 1313.2 1333.6 1352.5 1359.2 1352.0 1357.7 1365.8 1362.9 1305.1 1212.5 1190.2 1129.2 1077.1 873.6 685.1 592.4 540.6 448.1 377.0 251.2 155.5 145.8 132.5 127.4 130.0 79.4 93.6 100.9 117.7 118.2 140.5 165.7 215.5 314.2 305.0 309.4 348.1 433.2 394.8 394.4 506.6 557.9 492.0 445.2 502.8 563.7 753.8 819.6 613.7 613.2 845.2 855.8
241.2 257.7 250.0 249.4 256.6 271.7 272.5 270.3 572.0 660.7 722.5 770.3 803.0 872.1 893.1 966.5 980.8 1027.6 1093.2 1099.5 1156.4 1250.8 1233.5 1309.4 1364.0 1377.3 1353.7 1367.6 1391.7 1372.9 1372.9 1284.6 1223.5 1161.9 1124.7 1083.8 999.7 789.9 622.6 575.1 539.7 405.0 220.7 202.0 171.5 148.4 122.5 114.5 102.2 91.7 108.0 107.6 125.9 123.2 124.7 139.7 252.0 186.3 287.1 345.0 341.5 350.2 385.1 438.4 402.7 422.1 398.0 470.5 595.5 738.0 622.3 640.5 691.8 807.8 823.9
236.8 243.3 252.4 251.8 251.1 266.3 265.3 274.4 597.3 640.6 697.6 758.2 442.9 844.0 880.1 957.3 988.0 991.9 1020.9 1057.1 1136.8 1204.1 1230.9 1345.8 1358.5 1346.1 1377.3 1331.1 1361.9 1395.1 1372.9 1293.4 1110.4 1029.8 1033.6 1020.4 877.4 873.2 784.0 634.6 603.8 446.0 214.2 153.7 148.2 118.6 127.6 110.9 94.0 110.6 95.2 104.4 115.9 127.9 129.5 140.2 127.1 183.6 280.8 338.8 327.7 342.7 339.3 355.0 348.3 348.7 371.4 475.0 518.6 530.2 508.6 529.5 665.6 763.0 624.5
231.7 238.1 238.9 244.1 236.8 251.2 268.5 270.1 287.2 625.9 700.5 762.8 430.7 434.9 865.1 882.6 921.5 982.5 998.6 1065.2 1098.5 1193.9 1245.4 1229.4 1240.6 1392.3 1359.1 1373.0 1378.2 1390.9 1383.5 1248.5 1055.4 964.7 911.1 866.2 801.1 779.7 848.7 781.2 721.3 481.8 384.9 131.7 117.7 108.6 124.8 102.6 92.7 108.1 96.1 92.3 113.8 128.0 127.8 129.8 132.0 299.9 322.1 345.4 318.9 315.8 320.5 265.6 221.7 379.6 404.5 457.7 514.2 429.0 479.1 468.3 630.6 612.9 613.0
238.8 231.9 232.4 239.7 240.2 239.7 274.7 264.7 306.0 638.0 675.8 691.6 726.9 436.2 449.1 823.3 822.7 895.1 987.1 988.8 1080.9 1064.2 1081.5 1110.3 1267.0 1394.3 1390.8 1353.3 1330.8 1324.7 1402.6 1268.7 1054.6 928.3 901.2 752.6 663.2 633.7 627.7 679.5 590.0 446.9 422.0 124.3 110.3 100.5 113.2 101.2 94.3 102.0 98.2 100.4 99.0 121.3 125.1 128.6 125.9 275.3 309.1 335.4 311.9 288.6 199.3 188.9 231.8 360.1 368.5 407.8 440.7 370.1 442.2 463.1 600.9 527.5 524.3
240.9 229.3 239.7 230.0 251.8 235.2 258.0 248.0 296.9 374.5 686.4 688.3 711.1 733.5 770.4 436.1 464.8 478.1 951.8 984.8 1010.2 1075.8 1051.2 1051.2 1124.0 1244.9 1305.3 1382.2 1387.6 1402.5 1374.0 1307.7 1029.1 944.9 900.9 759.0 441.1 617.0 584.8 582.4 485.0 460.8 419.8 143.0 88.1 102.3 102.9 85.1 80.8 101.2 91.2 93.5 91.0 108.3 101.8 116.0 157.8 236.9 306.4 317.0 278.0 295.9 303.5 218.4 322.7 364.6 345.6 356.2 353.8 402.2 375.2 435.3 429.8 430.5 477.6
222.7 227.1 225.6 225.1 227.0 248.8 233.2 270.5 253.7 283.6 633.8 696.3 715.4 730.6 780.8 756.6 429.2 438.8 818.0 927.6 1004.0 1013.8 1033.9 1034.3 1032.8 1126.8 1233.2 1289.0 1331.8 1367.3 1353.1 1314.2 1035.5 938.9 914.5 827.2 431.0 377.8 516.7 639.0 478.4 448.7 327.7 130.9 81.3 111.5 97.2 66.7 63.5 90.0 78.1 79.4 85.8 99.7 97.1 106.2 89.5 121.8 207.7 247.1 171.4 324.4 296.5 243.3 198.5 305.1 280.4 288.7 255.8 301.0 388.2 435.2 382.2 443.8 456.9
234.6 227.0 225.3 226.0 226.0 245.1 233.6 245.7 257.1 258.1 304.3 636.5 381.1 383.1 428.6 737.5 706.7 434.0 832.3 879.4 936.0 944.2 1022.1 1011.6 1029.6 1094.3 1140.6 1149.0 1280.7 1324.4 1340.6 1304.4 1072.1 955.5 904.7 794.1 426.8 357.9 350.1 590.7 508.7 425.8 384.0 235.4 82.3 97.2 94.2 59.0 81.2 81.9 93.3 68.2 79.4 78.9 90.8 91.3 63.4 60.9 127.8 126.1 125.4 250.2 250.4 160.0 147.8 172.2 197.6 111.5 204.7 205.7 333.2 369.6 361.7 370.4 449.4
222.2 221.9 223.3 224.2 222.2 220.9 221.2 225.6 236.0 247.3 269.1 269.8 295.7 384.3 383.0 385.9 731.3 442.5 839.9 877.3 866.2 895.6 976.7 930.0 996.0 1004.2 1040.0 1141.6 1252.1 1278.5 1297.8 1287.7 1144.2 995.1 909.1 805.4 429.1 380.4 341.0 503.4 511.1 420.1 330.3 188.6 98.5 91.5 96.0 74.6 52.0 79.4 80.3 73.4 77.3 75.6 79.8 74.0 70.5 80.1 67.2 71.5 76.2 134.9 92.3 88.9 91.8 97.3 99.5 103.4 101.4 213.8 335.0 310.3 380.1 410.7 410.6
229.2 226.9 223.6 222.6 222.3 222.5 227.9 230.7 254.9 255.9 249.8 242.5 267.9 329.0 365.1 380.1 442.1 424.3 784.3 790.2 788.7 896.8 949.3 898.7 980.4 1040.9 1041.5 1115.4 1135.6 1202.4 1239.9 1228.0 1166.1 1049.4 920.7 819.6 719.6 357.3 309.2 269.6 471.9 438.4 321.9 161.4 63.3 88.6 97.2 78.1 52.9 79.5 75.3 75.1 72.2 74.5 67.4 76.1 73.8 70.4 72.3 69.9 76.7 86.3 75.7 87.6 84.3 90.3 85.3 95.3 101.5 206.5 285.8 373.3 352.2 349.5 392.2
213.3 219.9 221.4 220.7 224.7 221.1 233.7 234.5 258.8 237.5 259.6 286.5 289.7 342.7 301.5 373.3 399.7 379.4 406.3 436.0 858.2 890.9 888.3 852.3 924.2 1022.9 1055.4 1055.1 1040.4 1108.9 1127.8 1145.3 1082.6 1085.9 940.1 892.4 723.7 547.0 333.6 287.3 286.4 361.3 287.2 122.8 74.9 95.5 97.6 80.5 61.0 81.0 74.9 68.7 71.5 71.4 73.4 72.5 77.0 69.9 63.8 59.4 66.9 62.8 62.1 83.0 89.3 86.5 89.4 85.5 93.7 96.9 201.2 288.3 323.2 363.7 387.6
233.2 220.0 219.5 221.3 222.5 220.2 224.1 234.4 267.6 235.4 239.4 266.9 289.0 331.1 288.0 309.5 371.8 348.3 376.7 376.7 412.2 808.8 892.8 891.9 890.4 890.1 1031.7 1044.1 1053.1 1067.7 1052.4 1047.0 1021.2 1080.4 940.8 875.4 760.7 576.3 547.8 309.9 259.4 343.6 288.3 238.0 203.8 85.0 102.3 85.9 72.7 87.5 76.7 68.1 70.1 72.8 72.7 72.7 73.3 70.3 69.7 69.8 68.4 68.9 63.8 70.8 73.3 86.2 80.8 87.1 87.3 88.3 123.4 315.7 301.6 348.4 377.4
213.2 215.3 218.0 219.8 225.9 235.2 225.7 230.2 251.6 247.0 246.6 252.2 264.0 294.6 323.6 268.9 303.1 377.3 323.7 368.6 389.5 411.4 793.7 797.8 801.7 906.8 1010.8 1054.8 1030.5 1010.0 1002.0 1025.4 970.5 1040.3 973.7 897.3 753.6 603.8 552.2 484.5 261.8 227.4 293.5 291.2 277.4 91.8 101.3 101.8 75.5 84.4 80.3 70.6 71.2 71.0 68.7 71.8 69.4 64.6 65.5 67.4 70.7 68.5 68.8 63.1 65.9 74.0 69.3 85.2 82.2 86.1 104.3 283.2 324.0 311.1 364.7
212.2 239.5 228.4 223.4 228.9 224.6 225.4 224.3 233.6 223.8 231.6 244.3 250.7 277.9 265.6 258.0 295.7 307.1 302.5 359.8 370.0 379.3 412.9 778.8 792.4 890.2 897.5 1006.7 1053.7 1029.8 984.7 1009.9 957.3 991.0 996.8 905.9 801.0 642.5 594.9 518.8 254.8 230.4 335.5 318.0 313.4 90.6 99.5 96.1 78.0 80.4 73.2 68.9 70.1 68.3 64.8 67.1 63.4 62.1 61.4 60.0 64.3 61.6 68.4 70.6 69.1 61.6 69.3 76.6 84.3 74.4 97.2 209.7 326.7 310.2 358.4
225.7 243.8 223.1 232.0 236.5 232.4 223.1 225.7 222.6 252.6 230.6 238.5 243.9 243.0 254.8 294.7 328.5 336.8 271.3 371.0 301.8 373.0 375.9 409.4 752.1 811.0 868.8 973.6 967.4 986.9 1013.1 940.3 935.1 933.3 980.6 950.9 867.6 724.2 630.4 527.8 469.0 216.9 210.9 320.9 316.7 83.9 89.4 74.2 79.9 78.3 72.0 70.0 68.4 64.1 66.1 59.1 58.7 57.4 55.8 55.0 55.1 54.0 58.2 61.0 66.8 68.3 71.9 71.8 71.1 76.9 93.0 100.0 311.0 341.6 335.4
207.4 231.3 219.9 226.8 219.3 231.1 221.6 221.5 239.9 256.2 227.7 226.2 238.6 257.6 271.0 298.5 345.5 270.1 272.6 321.1 341.3 362.4 364.8 373.3 372.0 775.8 803.5 847.0 904.5 897.9 1010.1 982.4 928.9 908.5 967.0 977.9 876.3 766.4 645.5 537.4 461.8 357.8 182.6 185.3 279.8 71.0 77.8 76.0 71.6 62.0 64.8 67.2 63.2 57.3 54.4 53.1 52.3 49.7 51.1 48.3 53.5 51.6 47.7 48.7 51.9 57.5 61.5 67.6 71.0 73.2 75.4 89.4 127.6 320.7 346.5
205.6 208.9 209.4 212.3 211.8 211.0 213.7 213.7 218.9 250.4 231.9 225.3 227.0 234.4 229.6 300.0 272.0 247.5 335.9 339.2 280.7 372.6 358.5 361.7 375.7 747.7 765.8 805.9 818.0 869.4 892.9 954.8 915.4 853.9 904.6 962.8 897.2 848.9 680.8 611.8 482.1 374.2 170.3 160.3 239.5 68.4 74.0 71.3 58.5 57.4 63.5 61.6 58.1 50.3 47.4 45.1 47.0 45.9 46.9 48.2 45.6 46.4 46.2 45.0 45.4 44.0 42.6 49.2 57.3 65.4 69.1 76.0 106.1 206.4 345.3
202.3 202.3 203.9 203.9 207.1 209.3 208.0 210.8 218.5 230.1 220.6 220.8 219.3 222.3 223.0 249.5 272.4 255.1 322.9 336.9 269.4 324.9 321.1 321.8 333.8 372.7 381.8 781.6 811.4 803.3 928.8 862.3 880.3 800.6 866.3 891.9 890.9 867.3 735.0 566.7 493.1 409.7 307.3 122.6 139.1 70.7 67.6 67.1 56.6 55.2 56.9 56.9 55.0 46.2 45.6 41.5 40.4 41.7 42.6 41.4 39.1 39.7 41.0 38.7 41.6 42.0 41.9 41.0 47.6 52.3 55.3 69.8 76.7 107.0 230.7
198.9 198.3 205.0 200.3 202.9 203.7 205.4 207.1 212.0 214.4 224.3 216.9 216.5 217.6 215.8 216.6 227.3 257.0 302.7 294.0 257.1 295.2 251.7 322.9 318.6 326.7 348.1 699.1 764.5 781.9 801.0 811.2 798.6 790.8 694.2 752.1 828.1 768.3 701.8 539.9 513.4 446.3 358.3 266.9 83.9 81.3 69.2 65.8 54.2 53.3 55.5 54.9 50.2 45.7 42.2 41.2 40.4 36.9 35.8 34.4 35.8 36.2 37.9 38.3 36.8 38.0 36.8 37.9 41.6 40.3 44.5 63.9 65.4 79.2 105.4
