GSP_annual_reports_SON_2024_v1/GIS/SON_2022_Fall_Shallow.tif
NCOLS 191
NROWS  209
XLLCORNER 6295515.91401
YLLCORNER 1783415.49397
CELLSIZE 1000.0
NODATA_VALUE -999
[rows 66 to 98 of 209, columns 0 to 74 of 191]
-999.0 -999.0 -999.0 -999.0 -999.0 -999.0 -999.0 -999.0 -999.0 325.6 322.0 317.2 315.8 317.3 321.0 315.6 325.0 349.7 354.3 354.1 358.7 349.3 330.7 317.3 319.7 316.3 307.6 307.7 307.7 307.7 312.9 312.2 312.2 311.8 313.3 315.3 316.2 315.4 315.0 314.0 314.1 313.8 314.4 314.8 313.7 313.3 316.4 320.4 318.9 320.7 315.2 314.7 313.4 315.4 317.3 316.4 312.5 310.3 312.5 313.5 319.1 323.3 327.6 326.8 333.0 339.4 342.3 346.4 347.5 347.9 348.8 349.7 350.5 349.7 486.3
-999.0 -999.0 -999.0 -999.0 -999.0 -999.0 -999.0 -999.0 -999.0 -999.0 330.2 321.8 316.2 317.7 316.2 316.2 316.7 340.9 351.6 351.8 356.8 347.9 345.2 320.6 314.8 307.7 307.6 309.6 308.4 310.5 311.6 311.6 311.8 314.4 316.1 315.4 316.1 315.2 314.5 314.1 315.1 313.6 314.2 314.3 319.7 319.8 318.0 318.0 317.8 317.6 318.0 316.8 319.2 315.9 315.8 306.7 308.0 312.5 314.7 314.4 301.6 307.9 315.6 326.3 326.7 342.6 342.2 346.4 347.3 347.6 347.6 347.9 348.1 348.8 485.8
-999.0 -999.0 -999.0 -999.0 -999.0 -999.0 -999.0 -999.0 -999.0 -999.0 324.1 315.8 325.9 317.4 316.2 315.8 316.2 329.7 353.8 349.7 361.4 354.3 344.8 320.6 315.7 307.7 307.6 307.7 311.8 316.3 311.6 316.3 317.2 316.9 317.4 326.1 315.3 319.7 314.0 313.9 314.0 313.7 320.4 319.9 317.8 316.6 317.2 315.8 316.0 318.8 313.3 314.5 312.1 312.5 308.2 300.0 308.5 314.5 314.5 311.0 294.6 299.8 306.4 308.8 330.3 333.0 339.1 344.8 347.3 347.3 347.6 345.9 348.1 348.1 348.8
-999.0 -999.0 -999.0 -999.0 -999.0 -999.0 -999.0 -999.0 -999.0 -999.0 315.9 316.0 355.7 332.6 326.7 318.2 318.1 342.7 350.1 350.5 358.6 349.3 351.7 331.2 316.6 307.7 307.6 312.3 312.2 315.8 315.7 316.5 315.8 315.4 317.3 316.2 316.5 315.0 314.8 314.9 314.7 319.3 318.9 315.3 316.2 315.6 315.7 317.9 315.2 320.6 312.5 308.8 305.2 304.0 303.3 312.5 309.9 298.8 292.6 293.2 300.4 301.9 307.5 307.4 326.6 330.8 344.0 345.7 346.3 347.1 347.5 348.1 348.6 347.9 349.7
-999.0 -999.0 -999.0 -999.0 -999.0 -999.0 -999.0 -999.0 -999.0 -999.0 315.8 316.1 319.1 350.8 318.9 318.0 326.0 316.7 339.6 348.2 351.3 353.6 353.7 329.6 317.1 307.5 307.6 307.6 316.3 315.6 315.8 317.8 316.1 317.4 316.1 316.4 315.7 314.4 316.4 314.4 320.4 316.7 317.3 317.3 318.6 318.4 314.8 315.4 314.8 316.1 307.6 301.0 301.4 302.2 303.9 307.0 289.3 291.9 294.1 292.7 306.6 298.5 305.3 296.8 326.9 330.7 341.4 344.7 353.9 350.7 348.5 348.7 350.5 350.5 350.6
-999.0 -999.0 -999.0 -999.0 -999.0 -999.0 -999.0 -999.0 -999.0 -999.0 326.6 316.1 362.2 349.2 327.4 314.8 314.4 315.6 340.2 346.1 349.3 355.1 341.4 343.6 328.5 306.2 306.3 306.3 310.8 314.9 313.9 314.3 314.7 314.8 315.1 318.3 314.1 314.3 313.8 317.7 315.6 314.4 315.8 317.8 317.1 312.4 312.4 312.3 301.3 297.1 297.1 297.6 296.2 293.6 280.9 285.1 284.5 286.0 286.1 287.4 288.0 287.7 296.3 304.4 325.4 329.3 479.3 483.6 344.5 349.3 349.4 362.3 349.3 349.7 350.5
-999.0 -999.0 -999.0 -999.0 -999.0 -999.0 -999.0 -999.0 -999.0 -999.0 322.1 335.3 376.3 361.8 329.6 314.1 314.1 315.3 345.9 348.8 347.4 350.0 344.9 342.8 342.8 327.5 306.0 306.0 306.0 315.2 310.1 310.8 310.1 312.5 312.8 314.3 312.3 311.8 325.0 319.0 315.5 314.4 317.7 314.4 314.4 309.6 306.6 291.3 285.6 285.4 285.6 266.6 268.1 269.4 266.9 274.9 278.2 281.9 282.7 281.9 300.3 299.5 292.6 305.0 323.5 329.1 339.4 483.6 364.4 365.0 376.2 355.8 349.0 350.4 350.3
-999.0 -999.0 -999.0 -999.0 -999.0 -999.0 -999.0 -999.0 -999.0 -999.0 -999.0 337.8 354.8 359.1 339.2 313.2 313.3 313.1 339.6 343.6 353.3 341.4 340.0 344.2 334.2 322.4 310.3 309.0 308.7 309.0 309.1 310.7 312.3 313.1 311.1 310.9 312.4 317.4 312.9 312.6 313.2 315.9 313.0 310.8 306.0 298.6 291.2 282.6 280.9 272.4 266.3 265.9 265.9 270.4 269.9 275.8 278.9 278.1 279.8 283.1 282.6 279.0 286.2 295.3 320.2 328.4 339.5 481.0 488.3 574.1 576.5 429.5 352.8 349.6 349.8
-999.0 -999.0 -999.0 -999.0 -999.0 -999.0 -999.0 -999.0 -999.0 -999.0 -999.0 346.8 374.9 369.5 343.0 314.5 313.5 313.1 315.3 336.6 326.0 328.6 333.0 339.9 340.3 324.3 319.2 315.7 306.0 309.5 317.1 312.6 312.3 311.9 312.1 313.0 315.6 313.8 314.0 313.3 315.6 315.1 309.4 307.9 298.6 289.5 287.5 278.1 261.7 263.7 262.4 264.6 264.8 266.7 265.4 267.1 266.5 273.8 279.7 284.4 283.0 282.4 277.9 290.7 314.2 329.5 479.8 487.1 495.5 538.3 597.7 564.2 406.4 351.2 491.5
-999.0 -999.0 -999.0 -999.0 -999.0 -999.0 -999.0 -999.0 -999.0 -999.0 -999.0 364.0 397.3 362.8 351.0 322.3 313.2 322.3 313.2 327.9 342.1 348.3 325.2 337.9 343.6 349.0 321.4 322.3 304.4 306.3 315.9 311.7 313.7 311.1 311.5 311.0 317.0 312.4 314.8 314.7 316.2 313.6 308.1 298.1 297.6 277.2 277.3 263.1 258.4 257.3 262.4 264.5 262.5 261.4 266.2 263.8 268.3 273.3 275.6 279.9 282.1 280.6 277.6 287.1 312.5 330.9 470.1 492.2 508.3 546.9 588.0 567.4 546.6 493.6 494.8
-999.0 -999.0 -999.0 -999.0 -999.0 -999.0 -999.0 -999.0 -999.0 -999.0 -999.0 419.9 419.6 373.0 340.5 316.1 306.1 313.3 308.3 336.8 338.5 342.1 333.2 336.1 340.4 351.3 325.0 326.4 313.2 302.3 301.3 302.9 311.4 305.0 306.4 309.4 307.9 307.9 306.2 308.9 307.9 305.5 294.9 291.2 290.4 275.9 274.2 258.7 259.3 259.3 261.7 263.8 266.0 263.3 263.9 263.8 264.0 266.8 270.2 273.5 279.1 281.2 278.8 286.1 313.7 330.3 337.0 485.9 495.1 548.8 585.9 599.0 565.0 527.9 499.8
-999.0 -999.0 -999.0 -999.0 -999.0 -999.0 -999.0 -999.0 -999.0 -999.0 -999.0 -999.0 374.6 344.9 351.6 348.9 325.0 307.0 306.6 338.8 346.2 345.1 333.2 333.4 337.5 341.4 326.3 307.4 339.9 299.3 301.4 301.5 306.4 305.5 305.9 310.9 306.4 306.3 308.4 309.7 308.4 301.2 293.2 292.7 283.1 276.2 275.9 258.6 259.1 260.4 261.4 264.0 266.3 267.0 267.7 267.3 265.5 266.7 265.6 273.4 275.1 281.5 279.3 286.4 321.0 329.7 473.0 485.3 492.0 528.6 627.7 625.9 634.1 560.5 527.2
-999.0 -999.0 -999.0 -999.0 -999.0 -999.0 -999.0 -999.0 -999.0 -999.0 -999.0 -999.0 -999.0 376.6 361.8 355.0 337.6 321.1 306.6 328.6 337.6 343.3 337.5 334.6 337.5 336.4 343.7 314.3 306.5 303.0 302.1 301.9 298.9 300.6 308.1 308.9 305.7 306.3 308.4 308.3 306.3 300.5 292.2 290.2 281.3 273.0 260.8 263.4 259.8 259.7 260.7 265.8 265.7 268.5 268.4 268.9 267.3 265.7 266.3 269.0 272.2 276.9 276.9 279.1 320.9 458.3 471.8 509.7 517.4 502.5 562.3 614.1 657.8 651.0 580.8
-999.0 -999.0 -999.0 -999.0 -999.0 -999.0 -999.0 -999.0 -999.0 -999.0 -999.0 -999.0 -999.0 -999.0 409.5 373.8 341.6 323.6 306.8 307.1 335.7 341.6 332.2 332.1 332.2 336.7 337.0 309.1 305.0 306.5 302.7 299.9 301.2 300.1 308.4 307.2 305.3 305.7 307.2 307.2 306.3 299.3 294.6 290.5 281.8 272.6 274.3 259.2 260.7 262.1 258.7 262.9 264.7 267.3 264.5 266.5 267.3 267.4 264.0 268.2 265.6 273.5 272.4 278.1 312.6 457.2 480.0 547.8 567.6 583.2 563.0 588.8 668.3 740.0 642.7
-999.0 -999.0 -999.0 -999.0 -999.0 -999.0 -999.0 -999.0 -999.0 -999.0 -999.0 -999.0 -999.0 -999.0 -999.0 374.9 345.2 342.0 326.9 305.6 315.6 340.2 331.2 332.6 341.1 337.7 335.5 325.3 309.9 304.7 308.3 302.4 300.2 301.9 310.6 307.5 307.3 305.6 308.8 307.5 308.4 301.1 293.2 292.0 285.6 273.4 277.7 259.2 260.2 261.6 260.0 261.8 264.0 266.0 267.8 267.0 269.6 265.9 264.5 265.9 269.6 270.6 271.1 278.3 308.0 452.3 483.3 538.1 588.9 637.2 600.8 632.2 673.4 788.6 775.8
-999.0 -999.0 -999.0 -999.0 -999.0 -999.0 -999.0 -999.0 -999.0 -999.0 -999.0 -999.0 -999.0 -999.0 -999.0 404.8 366.3 346.9 336.6 312.2 313.3 303.9 317.9 335.7 336.2 336.1 339.6 313.4 314.1 305.1 304.5 300.5 299.0 305.4 306.1 303.6 305.1 305.7 307.3 306.7 304.9 299.3 295.5 290.2 285.0 274.6 272.7 258.4 259.1 259.1 258.9 257.9 258.8 260.6 262.8 268.0 266.8 263.4 262.0 262.5 264.9 266.5 270.6 272.8 296.4 463.3 486.7 586.6 597.6 711.6 731.1 788.3 794.1 811.0 746.6
-999.0 -999.0 -999.0 -999.0 -999.0 -999.0 -999.0 -999.0 -999.0 -999.0 -999.0 -999.0 -999.0 -999.0 -999.0 369.8 343.0 347.2 317.7 306.1 312.2 306.1 306.1 330.8 335.6 334.6 329.9 317.9 311.6 307.6 303.7 304.3 303.6 303.9 305.5 304.6 305.8 306.6 309.1 306.1 305.4 300.4 294.7 291.5 289.7 280.6 272.5 261.2 257.9 259.5 260.0 258.4 260.1 261.7 264.5 265.2 265.2 265.1 262.1 263.6 263.7 266.7 269.0 274.0 300.7 318.4 491.9 435.1 474.4 671.2 766.6 793.2 871.8 838.9 778.5
-999.0 -999.0 -999.0 -999.0 -999.0 -999.0 -999.0 -999.0 -999.0 -999.0 -999.0 -999.0 -999.0 -999.0 -999.0 336.4 340.2 328.9 315.3 358.4 350.9 336.4 307.3 327.4 331.9 332.4 336.2 335.4 310.6 309.9 303.3 311.7 305.8 305.6 303.5 304.3 305.2 307.7 310.8 308.5 308.4 304.4 295.4 294.0 291.4 284.9 278.5 274.2 258.4 258.1 260.1 259.7 259.4 262.2 261.7 261.6 265.1 265.6 263.2 264.5 264.1 265.0 265.7 289.0 300.3 316.3 337.3 432.8 479.8 699.9 770.5 868.5 906.9 884.4 848.5
-999.0 -999.0 -999.0 -999.0 -999.0 -999.0 -999.0 -999.0 -999.0 -999.0 -999.0 -999.0 -999.0 -999.0 -999.0 359.5 314.9 315.9 350.0 342.9 349.8 338.2 312.7 311.8 331.8 336.2 340.8 320.9 309.1 332.4 303.3 305.9 301.3 300.4 298.5 298.4 302.9 304.5 305.5 305.3 305.1 302.3 292.1 292.1 289.5 282.3 277.0 270.7 258.5 254.3 255.2 257.7 257.2 256.7 256.6 256.7 256.8 260.4 260.9 262.5 262.7 261.8 259.6 285.7 297.0 312.9 330.9 387.1 599.6 477.3 517.9 758.6 881.1 936.7 881.0
-999.0 -999.0 -999.0 -999.0 -999.0 -999.0 -999.0 -999.0 -999.0 -999.0 -999.0 -999.0 -999.0 -999.0 -999.0 316.1 321.1 335.9 342.0 349.0 363.2 339.4 333.1 310.1 339.5 355.2 337.4 332.2 301.4 326.9 321.9 300.6 305.9 299.9 298.1 298.2 302.3 301.7 306.1 304.8 302.1 302.5 295.1 291.4 286.8 290.0 279.3 272.5 270.3 256.7 255.1 255.4 256.0 257.6 255.6 255.9 255.3 258.1 258.1 262.7 262.5 262.6 265.3 290.4 299.3 314.3 329.3 343.8 567.9 629.6 513.2 551.2 861.3 923.3 860.7
-999.0 -999.0 -999.0 -999.0 -999.0 -999.0 -999.0 -999.0 -999.0 -999.0 -999.0 -999.0 -999.0 -999.0 -999.0 -999.0 343.0 393.4 370.9 371.7 369.3 340.9 327.1 317.6 336.6 344.4 338.5 326.5 334.9 335.6 323.7 303.0 306.9 303.4 302.2 301.7 302.7 302.3 305.2 304.4 303.2 299.4 298.3 289.1 289.7 287.9 288.2 279.2 268.0 270.9 253.1 254.1 255.0 255.7 256.6 256.0 256.2 256.2 257.9 259.7 262.4 261.4 277.9 295.4 303.4 316.8 327.1 337.5 372.4 566.0 603.4 705.0 561.7 609.9 867.7
-999.0 -999.0 -999.0 -999.0 -999.0 -999.0 -999.0 -999.0 -999.0 -999.0 -999.0 -999.0 -999.0 -999.0 -999.0 -999.0 389.6 423.3 424.4 424.0 391.0 346.5 340.4 313.1 324.7 346.2 337.3 353.1 337.3 327.4 337.8 327.4 305.4 304.4 299.8 298.5 298.6 298.9 306.1 301.0 300.3 295.9 293.6 285.5 288.9 284.0 285.2 277.8 274.9 270.1 271.4 252.5 252.9 252.6 255.5 254.3 254.4 254.4 258.5 259.4 259.4 262.6 277.3 292.4 296.7 310.5 320.0 324.0 362.4 424.0 622.2 734.1 554.4 602.4 594.6
-999.0 -999.0 -999.0 -999.0 -999.0 -999.0 -999.0 -999.0 -999.0 -999.0 -999.0 -999.0 -999.0 -999.0 -999.0 -999.0 373.7 421.8 425.5 421.9 408.6 366.5 338.6 325.8 332.7 342.2 360.7 343.3 327.5 326.5 324.4 310.3 300.8 301.0 298.2 295.2 295.9 295.5 296.4 297.3 296.7 296.6 290.8 286.3 286.4 282.7 279.9 281.9 273.2 266.4 267.3 265.1 248.7 249.4 252.3 250.3 250.0 252.6 252.0 259.2 256.2 274.7 275.3 289.3 293.7 296.4 309.3 310.0 332.4 418.5 568.0 636.3 690.9 781.8 840.7
-999.0 -999.0 -999.0 -999.0 -999.0 -999.0 -999.0 -999.0 -999.0 -999.0 -999.0 -999.0 -999.0 -999.0 -999.0 -999.0 388.7 410.7 429.8 424.2 425.8 398.0 357.6 331.1 327.4 351.9 370.8 359.5 362.6 331.6 323.0 321.2 316.1 297.4 296.0 292.0 296.5 291.7 294.4 295.6 295.1 293.6 291.6 287.9 280.2 282.8 280.5 277.4 277.9 269.7 262.6 263.3 264.7 250.9 245.7 245.7 248.2 247.7 249.1 251.7 268.3 268.4 272.2 287.4 292.1 292.8 296.5 301.9 320.8 327.3 367.7 472.3 629.4 746.7 750.6
-999.0 -999.0 -999.0 -999.0 -999.0 -999.0 -999.0 -999.0 -999.0 -999.0 -999.0 -999.0 -999.0 -999.0 -999.0 -999.0 426.1 427.1 429.0 414.5 412.3 386.0 332.6 316.9 319.1 335.5 367.4 370.2 393.9 357.5 319.6 320.1 296.1 299.6 293.8 292.6 292.5 291.7 291.7 298.9 295.4 294.2 289.9 288.2 284.1 280.9 282.3 278.8 277.9 277.9 267.1 262.7 262.1 262.6 263.1 252.1 247.5 247.3 252.9 265.8 267.9 270.0 275.9 288.7 290.5 291.4 291.5 295.0 306.8 323.0 340.5 434.2 487.3 505.4 517.5
-999.0 -999.0 -999.0 -999.0 -999.0 -999.0 -999.0 -999.0 -999.0 -999.0 -999.0 -999.0 -999.0 -999.0 -999.0 -999.0 429.4 438.1 438.1 412.7 335.6 332.6 312.9 307.7 307.7 327.8 366.4 385.4 369.4 343.1 310.8 302.3 302.3 300.9 286.7 285.6 284.7 283.0 286.3 288.1 286.3 287.9 286.1 284.3 282.3 275.7 274.2 274.2 270.4 271.3 270.0 261.6 260.1 254.8 256.1 256.1 258.9 257.0 257.9 260.4 262.4 263.1 267.6 282.0 283.8 283.6 285.8 284.1 289.9 297.1 309.1 340.5 383.8 464.9 501.3
-999.0 -999.0 -999.0 -999.0 -999.0 -999.0 -999.0 -999.0 -999.0 -999.0 -999.0 -999.0 -999.0 -999.0 -999.0 -999.0 416.3 444.3 429.9 401.9 354.3 312.5 303.5 351.3 319.6 314.7 352.4 388.2 355.5 319.0 307.5 310.1 312.0 316.7 302.0 300.5 277.9 276.9 288.7 285.0 281.7 281.4 283.0 280.2 276.5 275.7 267.0 267.0 268.3 262.1 266.4 264.6 258.6 255.1 250.6 250.0 250.2 251.7 251.5 257.4 257.2 262.5 263.5 274.1 277.4 277.2 279.2 276.5 277.5 282.0 292.2 314.5 321.8 359.9 580.7
-999.0 -999.0 -999.0 -999.0 -999.0 -999.0 -999.0 -999.0 -999.0 -999.0 -999.0 -999.0 -999.0 -999.0 -999.0 382.2 425.3 409.8 408.5 396.3 325.4 304.5 317.5 353.0 325.0 317.9 337.6 368.3 350.9 325.6 328.1 309.9 314.9 319.8 312.2 294.7 295.6 283.1 275.3 277.1 284.2 282.8 279.1 282.7 283.6 279.3 272.4 265.1 264.3 266.2 260.6 259.9 263.7 261.6 252.6 252.0 248.1 247.4 247.4 254.1 260.4 257.4 259.3 271.7 273.1 274.8 279.2 275.6 274.3 277.8 293.2 297.5 298.7 303.2 339.9
-999.0 -999.0 -999.0 -999.0 -999.0 -999.0 -999.0 -999.0 -999.0 -999.0 -999.0 -999.0 -999.0 -999.0 -999.0 386.1 422.4 406.3 389.2 392.8 340.3 302.6 387.7 397.7 358.0 320.3 336.0 357.2 347.3 294.5 319.5 317.0 306.6 311.9 305.6 302.0 292.8 291.1 271.2 272.6 272.9 275.6 275.7 290.4 292.4 277.6 273.5 270.2 260.8 261.8 262.3 252.9 252.0 252.0 252.1 245.6 243.2 243.2 245.2 255.6 252.1 251.8 253.4 255.5 266.0 266.4 269.4 274.6 270.7 273.2 280.0 276.8 290.4 294.0 297.2
-999.0 -999.0 -999.0 -999.0 -999.0 -999.0 -999.0 -999.0 -999.0 -999.0 -999.0 -999.0 -999.0 -999.0 358.2 407.5 409.3 536.5 501.6 493.5 485.3 312.6 399.4 403.6 402.9 348.7 325.4 358.8 361.2 362.3 309.2 343.9 308.0 305.0 304.2 309.2 297.2 289.0 275.7 277.6 278.4 272.1 273.3 291.6 289.7 286.3 272.0 269.5 268.0 261.2 261.3 261.0 253.6 251.0 251.0 250.6 242.1 242.4 243.6 251.0 251.5 251.0 252.2 252.4 260.6 265.0 266.9 281.1 272.0 271.4 274.0 278.0 279.5 292.4 293.7
-999.0 -999.0 -999.0 -999.0 -999.0 -999.0 -999.0 -999.0 -999.0 -999.0 -999.0 -999.0 -999.0 -999.0 463.6 446.8 426.0 617.6 567.8 497.0 583.1 301.9 414.8 411.1 416.1 415.4 381.0 380.5 384.7 377.8 368.5 373.9 305.3 302.8 304.7 290.9 290.5 282.2 273.1 271.6 262.6 264.1 266.2 264.5 265.9 265.8 266.3 266.6 262.6 261.6 255.0 254.9 255.8 248.0 244.7 244.7 246.9 244.3 245.0 244.2 244.7 245.2 244.8 246.7 253.0 255.6 260.8 267.2 265.6 263.4 265.4 270.7 268.3 273.3 285.2
-999.0 -999.0 -999.0 -999.0 -999.0 -999.0 -999.0 -999.0 -999.0 -999.0 -999.0 -999.0 -999.0 422.1 460.9 455.2 456.6 646.3 537.1 612.3 613.6 531.1 393.3 422.6 416.2 413.7 410.0 412.8 406.2 405.8 342.7 314.6 291.8 290.4 293.3 280.6 285.5 283.4 259.1 253.8 254.6 252.0 251.9 254.3 255.6 266.0 265.9 264.6 255.6 252.9 251.9 243.4 245.2 245.2 239.3 238.4 233.2 234.9 236.2 236.2 234.9 235.3 234.9 236.2 236.0 244.4 250.3 257.6 258.7 254.0 253.9 257.4 261.5 262.2 270.1
-999.0 -999.0 -999.0 -999.0 -999.0 -999.0 -999.0 -999.0 -999.0 -999.0 -999.0 -999.0 -999.0 600.2 451.3 482.5 734.3 618.8 582.0 647.4 652.5 578.5 376.3 445.5 454.7 381.5 329.3 377.4 409.2 364.0 318.5 323.0 290.4 292.2 290.1 277.6 257.8 258.4 262.1 252.4 262.1 267.6 248.3 247.5 250.1 253.0 267.7 269.3 253.8 251.1 249.6 248.9 244.6 242.3 240.8 251.4 233.1 233.6 232.7 231.3 232.7 232.3 232.1 231.7 233.3 240.1 246.3 247.7 253.7 253.8 249.3 251.9 258.9 259.6 261.1
