GSP_annual_reports_SON_2024_v1/GIS/SON_2022_Fall_Deep.tif
NCOLS 191
NROWS  209
XLLCORNER 6295515.91401
YLLCORNER 1783415.49397
CELLSIZE 1000.0
NODATA_VALUE -999
[rows 66 to 98 of 209, columns 0 to 74 of 191]
-999.0 -999.0 -999.0 -999.0 -999.0 -999.0 -999.0 -999.0 -999.0 274.4 269.6 268.1 268.7 268.6 269.2 267.3 266.6 296.6 302.0 297.7 302.7 296.1 268.7 268.3 268.5 265.6 259.8 259.4 259.4 259.4 265.3 265.1 265.1 265.2 266.2 267.7 262.8 268.2 268.3 268.2 268.3 268.3 268.9 269.5 268.4 264.0 275.4 283.1 283.2 283.1 275.9 269.4 266.8 274.7 275.1 279.1 275.1 273.8 275.1 276.0 281.8 288.6 292.4 289.5 289.2 286.7 291.4 297.1 296.6 296.6 297.4 298.3 297.3 298.3 413.7
-999.0 -999.0 -999.0 -999.0 -999.0 -999.0 -999.0 -999.0 -999.0 -999.0 274.8 269.2 268.9 263.3 268.9 268.9 268.5 284.4 299.4 298.3 302.9 297.0 287.9 269.2 259.6 259.6 259.4 261.2 254.8 261.2 264.5 265.1 265.1 266.2 262.3 268.2 262.3 267.7 267.7 268.3 268.2 268.9 268.9 275.3 284.5 283.0 286.1 287.1 287.1 282.6 281.4 276.3 274.6 275.1 278.4 268.6 273.2 275.0 280.2 269.5 253.2 266.4 269.3 288.6 289.1 299.1 286.9 297.1 297.1 297.1 297.1 296.6 297.9 297.4 414.7
-999.0 -999.0 -999.0 -999.0 -999.0 -999.0 -999.0 -999.0 -999.0 -999.0 272.8 268.9 266.8 267.1 268.9 268.9 267.7 274.7 297.7 292.7 305.6 297.7 290.4 269.2 266.8 259.4 259.4 259.4 265.5 267.6 265.1 267.7 268.2 267.8 268.9 273.4 267.7 269.2 259.6 267.7 268.8 268.6 282.3 284.7 285.0 285.9 287.0 287.5 282.2 280.9 278.3 277.8 276.2 277.8 270.6 268.3 277.5 277.9 263.7 266.4 250.6 257.8 263.3 268.2 289.7 290.1 289.4 295.6 297.5 297.5 297.1 295.5 297.1 297.9 297.9
-999.0 -999.0 -999.0 -999.0 -999.0 -999.0 -999.0 -999.0 -999.0 -999.0 266.0 268.9 294.4 268.2 274.4 268.7 268.9 287.2 296.6 298.9 306.3 288.6 296.4 268.4 260.4 259.6 259.4 264.6 265.7 268.9 267.7 268.2 268.7 268.2 268.6 268.9 268.9 268.9 269.5 269.3 275.6 287.7 287.0 285.2 287.0 289.3 288.6 283.4 280.3 283.3 281.2 266.4 271.7 271.5 268.4 275.2 271.4 253.7 247.9 250.8 254.4 254.2 264.9 262.3 285.2 289.3 292.1 297.0 296.6 296.6 296.6 297.5 297.0 290.9 298.3
-999.0 -999.0 -999.0 -999.0 -999.0 -999.0 -999.0 -999.0 -999.0 -999.0 267.6 269.3 264.0 297.3 268.3 268.9 273.4 266.9 282.9 296.8 299.4 296.6 300.5 275.1 261.0 259.8 259.4 259.4 267.7 268.9 268.2 267.6 268.9 268.1 268.9 268.9 268.1 269.5 269.5 277.5 284.0 285.9 287.0 289.3 288.2 288.5 281.1 277.8 279.1 279.8 268.3 268.7 269.8 267.9 261.9 258.1 248.9 244.6 246.6 248.3 260.4 254.9 261.8 247.4 285.9 289.3 296.7 295.5 300.0 297.5 297.0 297.4 297.3 297.3 297.3
-999.0 -999.0 -999.0 -999.0 -999.0 -999.0 -999.0 -999.0 -999.0 -999.0 269.0 266.9 310.1 297.8 272.4 267.1 267.1 265.1 282.1 294.8 297.7 298.8 283.3 277.8 274.8 258.0 257.6 257.6 263.9 265.9 265.9 265.9 265.6 266.9 267.1 266.7 266.9 266.9 274.8 282.4 283.5 285.1 287.1 285.9 286.3 271.5 266.2 267.7 254.9 254.9 256.7 256.4 249.2 247.5 236.9 240.1 237.1 237.3 235.5 236.4 236.3 235.5 249.2 261.9 284.8 287.7 407.5 414.1 294.6 295.7 290.2 297.5 295.5 297.3 297.8
-999.0 -999.0 -999.0 -999.0 -999.0 -999.0 -999.0 -999.0 -999.0 -999.0 272.3 277.1 340.8 310.2 266.9 267.2 267.2 265.1 294.7 295.5 291.8 294.6 289.9 287.2 277.8 272.6 257.7 257.9 257.7 259.3 263.6 262.8 264.0 264.2 266.0 266.5 267.1 273.2 286.9 284.2 286.5 287.4 285.5 278.9 271.3 262.1 260.2 246.0 243.6 244.7 242.9 229.2 229.3 229.4 229.2 232.2 234.8 231.7 230.3 229.2 250.5 249.8 244.8 256.6 282.4 288.5 294.0 418.0 316.8 311.8 330.6 301.6 297.1 298.3 298.8
-999.0 -999.0 -999.0 -999.0 -999.0 -999.0 -999.0 -999.0 -999.0 -999.0 -999.0 280.5 302.2 309.2 282.4 266.2 262.3 266.2 281.1 292.7 298.1 287.8 285.7 287.1 274.9 270.8 262.3 262.0 258.4 262.0 262.3 263.4 264.9 265.5 263.2 259.5 266.3 283.8 282.7 284.0 283.9 285.3 278.3 273.3 259.0 253.5 245.9 243.7 242.0 228.1 231.1 232.0 230.4 229.4 226.5 226.5 230.8 229.9 229.7 228.1 229.5 232.3 235.5 246.0 276.0 288.9 294.0 419.4 425.3 504.5 484.1 393.1 302.4 298.0 297.0
-999.0 -999.0 -999.0 -999.0 -999.0 -999.0 -999.0 -999.0 -999.0 -999.0 -999.0 291.8 338.9 320.0 290.5 265.6 266.0 266.0 258.8 280.4 265.9 268.7 279.1 285.9 283.2 266.2 263.5 259.6 256.9 262.2 265.6 264.5 265.3 265.8 266.6 266.0 280.0 279.0 283.3 286.0 285.9 278.1 274.2 262.9 254.6 246.5 241.7 239.2 223.6 227.1 227.8 228.5 228.2 225.8 226.6 225.0 223.6 229.2 232.4 231.8 229.1 232.0 231.5 239.2 265.0 283.4 408.8 433.7 431.8 481.6 522.3 481.8 369.7 298.9 419.8
-999.0 -999.0 -999.0 -999.0 -999.0 -999.0 -999.0 -999.0 -999.0 -999.0 -999.0 310.4 370.5 311.0 298.4 271.2 266.3 270.6 266.3 272.2 287.5 287.4 272.2 283.3 289.2 287.2 271.4 270.6 256.7 258.4 265.8 266.3 265.6 266.7 266.8 272.9 281.7 283.3 286.2 285.8 283.9 274.4 266.3 256.1 254.1 237.2 238.0 220.7 223.8 224.7 226.9 224.6 226.1 226.5 228.8 229.1 227.8 233.4 233.4 227.5 232.4 231.2 229.6 239.2 264.8 287.2 403.2 425.5 452.7 493.6 513.8 486.4 482.0 420.9 413.4
-999.0 -999.0 -999.0 -999.0 -999.0 -999.0 -999.0 -999.0 -999.0 -999.0 -999.0 380.9 378.2 330.8 286.8 265.5 261.0 260.1 259.8 287.2 288.3 287.4 280.6 280.4 286.4 297.2 267.2 271.3 259.2 256.6 256.5 257.9 260.0 261.2 260.9 275.2 278.8 278.5 280.3 279.6 272.4 267.2 250.3 246.4 249.2 236.4 235.4 223.1 225.5 225.6 223.4 227.5 231.9 233.2 230.4 231.4 229.6 225.8 230.5 228.5 227.5 232.5 230.0 235.8 268.7 287.0 287.4 419.7 434.3 491.0 505.1 513.0 499.0 468.2 438.5
-999.0 -999.0 -999.0 -999.0 -999.0 -999.0 -999.0 -999.0 -999.0 -999.0 -999.0 -999.0 345.2 286.0 297.4 292.9 268.1 261.2 260.8 282.5 292.5 286.0 281.2 280.8 288.3 286.6 271.5 260.0 286.6 253.0 257.0 257.0 261.1 259.3 266.6 276.3 278.5 280.7 279.5 280.1 272.4 261.3 252.4 247.0 241.1 237.2 235.2 224.3 223.8 225.6 226.8 228.1 233.8 234.8 236.0 233.8 231.7 229.4 227.4 230.5 228.8 231.1 230.3 235.2 272.2 283.6 402.5 416.7 433.2 483.7 545.6 541.4 557.5 479.7 471.2
-999.0 -999.0 -999.0 -999.0 -999.0 -999.0 -999.0 -999.0 -999.0 -999.0 -999.0 -999.0 -999.0 349.3 307.7 306.0 288.3 266.6 260.6 273.7 288.3 293.7 288.5 282.9 288.5 287.0 291.9 261.9 259.7 256.9 256.7 256.4 254.1 256.6 271.5 277.5 277.8 281.2 280.9 278.4 269.8 262.7 252.8 248.1 239.9 234.0 221.1 223.0 226.1 224.6 229.1 233.6 233.6 235.7 235.6 235.9 232.2 232.1 229.4 233.5 228.5 231.6 229.5 235.0 270.0 388.7 407.7 457.6 462.8 456.8 485.8 534.6 581.5 560.6 517.1
-999.0 -999.0 -999.0 -999.0 -999.0 -999.0 -999.0 -999.0 -999.0 -999.0 -999.0 -999.0 -999.0 -999.0 376.1 341.4 289.1 270.1 258.1 260.4 286.8 291.8 279.9 279.9 280.4 288.1 280.5 259.6 258.5 258.7 256.6 256.8 256.4 260.6 278.7 278.1 278.5 279.9 279.1 271.7 268.1 261.3 252.6 246.7 238.9 233.8 234.2 224.8 223.8 226.0 227.6 234.9 234.8 236.1 232.5 234.4 236.2 234.5 231.2 228.8 224.1 230.8 228.1 231.7 261.6 390.9 417.2 484.2 489.2 525.9 484.9 505.9 593.2 650.7 563.1
-999.0 -999.0 -999.0 -999.0 -999.0 -999.0 -999.0 -999.0 -999.0 -999.0 -999.0 -999.0 -999.0 -999.0 -999.0 344.2 294.3 289.2 267.8 259.9 265.7 290.0 272.9 280.7 289.6 289.3 286.1 267.1 261.3 260.8 260.6 258.6 257.2 263.5 275.2 277.1 278.2 280.5 278.7 272.4 268.8 262.6 253.9 248.5 243.0 232.8 237.2 223.5 225.2 224.4 227.9 233.8 236.0 236.5 233.6 233.7 237.1 234.0 231.2 226.3 225.2 227.8 230.5 233.5 258.3 384.1 418.5 480.6 503.4 565.8 517.7 547.7 591.1 705.9 689.9
-999.0 -999.0 -999.0 -999.0 -999.0 -999.0 -999.0 -999.0 -999.0 -999.0 -999.0 -999.0 -999.0 -999.0 -999.0 372.4 321.2 294.7 280.1 260.7 264.0 258.9 263.3 287.7 288.1 287.7 287.7 265.5 259.7 259.8 259.2 256.7 261.0 271.9 277.0 275.3 278.5 278.5 279.8 272.2 268.5 261.3 255.1 248.4 242.9 236.4 234.4 219.8 225.5 224.0 227.2 229.1 234.2 234.6 235.1 235.6 234.3 233.2 232.2 225.4 226.6 226.1 227.8 231.2 252.2 393.9 417.8 515.4 517.4 633.0 660.4 701.2 697.3 743.3 659.8
-999.0 -999.0 -999.0 -999.0 -999.0 -999.0 -999.0 -999.0 -999.0 -999.0 -999.0 -999.0 -999.0 -999.0 -999.0 325.6 291.0 293.9 264.8 259.8 260.7 260.3 260.3 279.7 287.9 286.0 279.7 266.0 259.5 260.5 259.8 258.9 266.9 275.5 277.0 276.8 278.9 279.2 278.8 271.6 267.9 261.1 255.4 248.3 249.2 240.2 235.2 220.8 223.2 222.3 223.5 227.1 232.9 234.5 234.2 233.4 233.5 232.7 229.0 226.8 225.7 226.2 228.8 234.1 254.3 275.9 427.5 399.3 402.8 600.7 682.0 708.9 802.2 760.7 695.1
-999.0 -999.0 -999.0 -999.0 -999.0 -999.0 -999.0 -999.0 -999.0 -999.0 -999.0 -999.0 -999.0 -999.0 -999.0 281.4 290.2 270.0 265.1 302.4 298.4 282.6 260.0 268.0 279.9 281.6 289.3 283.0 262.7 262.9 260.1 263.6 265.6 272.7 274.1 275.5 279.3 278.9 280.2 271.8 268.6 261.2 255.6 251.5 247.8 239.8 236.3 235.0 223.2 223.5 225.2 224.7 227.8 233.7 232.9 232.9 232.1 229.9 226.7 228.9 225.0 230.4 231.2 247.1 257.4 274.3 300.2 400.4 399.3 636.7 683.2 802.6 845.8 817.7 770.3
-999.0 -999.0 -999.0 -999.0 -999.0 -999.0 -999.0 -999.0 -999.0 -999.0 -999.0 -999.0 -999.0 -999.0 -999.0 295.8 261.7 263.4 297.2 295.0 298.2 286.3 262.3 261.4 278.6 285.7 283.7 270.0 258.1 278.3 255.4 262.3 266.7 269.1 270.2 271.1 274.9 274.0 274.2 267.4 264.2 260.4 251.2 247.9 243.1 236.3 232.6 229.7 215.6 218.0 219.5 219.9 221.4 222.0 223.3 222.0 221.5 220.8 221.2 223.1 220.9 225.8 224.9 242.3 254.4 269.9 291.2 354.6 526.1 407.3 448.5 677.4 822.7 874.0 811.1
-999.0 -999.0 -999.0 -999.0 -999.0 -999.0 -999.0 -999.0 -999.0 -999.0 -999.0 -999.0 -999.0 -999.0 -999.0 260.0 263.4 281.3 283.9 299.0 325.7 287.1 277.7 259.3 286.4 306.3 285.8 276.1 255.2 275.6 263.8 259.5 268.1 267.3 266.4 267.6 272.1 268.2 273.0 266.6 263.6 259.4 254.1 251.9 245.3 240.7 234.4 230.6 228.9 215.2 216.6 216.3 220.0 218.0 218.5 221.0 221.2 221.7 219.2 219.2 225.1 223.6 224.7 246.6 255.2 267.8 288.9 293.3 501.0 547.9 441.8 482.3 808.1 848.3 808.1
-999.0 -999.0 -999.0 -999.0 -999.0 -999.0 -999.0 -999.0 -999.0 -999.0 -999.0 -999.0 -999.0 -999.0 -999.0 -999.0 287.0 359.3 340.0 345.8 335.1 281.7 270.8 262.2 284.1 299.1 285.2 267.0 278.3 279.2 266.4 260.1 271.1 270.5 268.1 270.3 271.7 268.6 272.6 265.8 264.1 262.0 256.2 250.6 246.3 241.4 242.4 233.1 226.0 229.2 213.6 217.7 218.3 218.7 221.0 218.7 218.9 219.2 218.2 221.9 224.0 219.1 235.4 247.7 254.3 269.1 283.5 297.1 337.3 504.8 533.4 637.9 477.4 549.0 824.8
-999.0 -999.0 -999.0 -999.0 -999.0 -999.0 -999.0 -999.0 -999.0 -999.0 -999.0 -999.0 -999.0 -999.0 -999.0 -999.0 358.8 382.0 382.1 376.2 366.9 292.0 284.1 258.0 268.6 297.2 278.8 293.9 279.7 275.1 284.3 269.2 265.8 268.9 265.6 263.0 264.3 261.9 269.7 258.1 259.1 254.8 249.7 244.0 244.8 238.1 235.4 229.4 224.3 226.8 223.7 207.0 209.9 211.7 213.0 209.6 208.8 208.8 214.9 214.1 217.8 218.7 230.8 241.2 249.7 258.9 272.1 276.2 302.4 376.0 560.2 669.2 484.1 524.9 530.7
-999.0 -999.0 -999.0 -999.0 -999.0 -999.0 -999.0 -999.0 -999.0 -999.0 -999.0 -999.0 -999.0 -999.0 -999.0 -999.0 347.9 376.8 375.6 376.0 366.0 318.4 284.3 266.1 271.4 292.0 325.4 295.3 272.0 271.3 264.1 258.9 263.4 264.8 263.5 260.2 261.1 259.2 257.9 255.5 255.5 252.3 247.3 244.9 240.3 237.1 235.0 231.6 223.1 219.9 222.3 219.8 202.7 206.4 207.8 207.8 207.6 210.7 209.6 215.3 212.5 226.2 230.7 238.1 248.3 252.5 262.1 263.7 277.1 361.1 487.4 570.3 620.4 693.4 799.6
-999.0 -999.0 -999.0 -999.0 -999.0 -999.0 -999.0 -999.0 -999.0 -999.0 -999.0 -999.0 -999.0 -999.0 -999.0 -999.0 351.0 351.5 373.8 374.0 376.3 359.0 307.6 270.1 265.2 310.8 341.2 319.9 331.2 269.5 268.5 263.8 268.3 259.1 257.5 254.6 258.6 252.1 254.0 254.4 251.2 248.1 247.6 243.3 237.6 238.1 232.9 227.6 226.8 217.9 214.9 216.6 216.0 198.8 197.2 201.3 204.4 203.5 202.5 204.8 220.8 223.3 225.8 236.5 243.7 249.7 250.9 258.6 271.7 263.7 337.1 379.3 557.0 681.5 676.3
-999.0 -999.0 -999.0 -999.0 -999.0 -999.0 -999.0 -999.0 -999.0 -999.0 -999.0 -999.0 -999.0 -999.0 -999.0 -999.0 365.8 376.0 371.1 363.4 357.1 351.9 274.6 255.7 260.4 283.4 333.2 348.6 359.2 324.7 263.4 266.2 257.3 260.8 257.0 254.3 255.5 257.1 252.4 258.1 251.1 249.8 248.2 242.3 241.8 238.2 237.1 232.3 225.9 226.5 217.6 214.1 214.3 215.9 215.6 200.0 198.5 198.0 201.1 220.0 219.0 221.6 225.3 238.2 242.8 249.2 259.4 252.8 260.4 267.6 286.2 352.2 363.7 381.7 432.3
-999.0 -999.0 -999.0 -999.0 -999.0 -999.0 -999.0 -999.0 -999.0 -999.0 -999.0 -999.0 -999.0 -999.0 -999.0 -999.0 361.5 380.4 380.4 365.4 282.0 279.9 257.6 252.2 251.8 272.8 346.7 356.9 351.9 309.8 258.2 260.2 265.3 259.1 254.2 250.9 253.4 251.1 248.2 251.1 245.5 246.5 244.4 242.3 237.8 236.1 233.1 233.1 223.4 221.1 221.4 212.3 208.1 209.4 210.5 209.2 210.1 210.1 210.1 214.0 216.3 215.8 217.4 231.4 236.3 242.8 245.8 253.4 251.8 257.3 259.2 285.0 351.6 352.7 425.6
-999.0 -999.0 -999.0 -999.0 -999.0 -999.0 -999.0 -999.0 -999.0 -999.0 -999.0 -999.0 -999.0 -999.0 -999.0 -999.0 358.9 375.1 360.6 360.1 328.8 258.3 249.7 320.8 266.6 261.2 321.8 356.7 331.8 266.9 251.7 256.9 262.1 273.0 257.6 258.4 247.7 245.4 247.8 249.1 243.9 240.4 240.1 238.5 235.6 232.9 228.1 228.1 226.7 218.7 216.1 215.2 208.6 207.2 206.4 206.7 206.5 207.0 206.8 214.3 211.7 213.5 213.1 222.4 227.9 233.8 240.6 245.3 245.6 246.5 243.3 262.1 269.0 325.5 500.3
-999.0 -999.0 -999.0 -999.0 -999.0 -999.0 -999.0 -999.0 -999.0 -999.0 -999.0 -999.0 -999.0 -999.0 -999.0 348.0 366.8 365.4 356.7 354.0 270.8 252.4 262.6 326.3 272.5 264.4 298.9 341.8 328.7 273.6 269.1 260.1 257.8 271.7 266.1 252.4 253.6 246.2 243.9 239.8 247.8 246.1 236.6 237.3 234.5 233.7 229.2 224.7 223.5 223.9 214.9 212.8 211.6 213.1 203.0 202.1 202.2 200.5 201.8 209.4 206.8 208.4 209.7 220.3 223.5 230.8 238.6 244.7 241.9 243.1 251.8 242.5 245.1 252.8 306.4
-999.0 -999.0 -999.0 -999.0 -999.0 -999.0 -999.0 -999.0 -999.0 -999.0 -999.0 -999.0 -999.0 -999.0 -999.0 340.5 370.6 358.8 347.2 356.2 298.3 246.9 343.0 352.9 331.1 265.2 297.8 331.1 318.0 243.0 264.8 263.4 256.0 270.3 264.3 253.5 247.5 247.7 241.9 243.8 239.9 241.6 239.6 258.9 257.2 238.0 230.9 228.9 222.6 223.3 223.9 212.8 206.7 206.1 207.3 197.3 196.7 196.7 197.2 202.7 207.3 207.2 207.7 210.8 214.5 222.9 231.4 240.6 242.4 241.9 242.4 235.3 238.1 240.8 243.1
-999.0 -999.0 -999.0 -999.0 -999.0 -999.0 -999.0 -999.0 -999.0 -999.0 -999.0 -999.0 -999.0 -999.0 324.2 358.7 358.7 488.5 444.4 434.1 424.0 250.1 348.2 356.2 360.1 318.2 272.5 324.9 328.5 331.8 246.8 308.3 251.4 250.9 255.4 257.5 248.3 238.5 234.2 233.5 235.0 233.1 234.9 254.7 252.1 247.7 226.5 225.6 222.6 215.8 216.0 215.2 204.9 200.9 198.4 198.4 189.2 189.3 191.5 199.7 200.1 198.8 199.5 201.0 206.2 213.3 219.4 240.7 237.2 235.3 236.9 240.0 221.5 233.3 234.9
-999.0 -999.0 -999.0 -999.0 -999.0 -999.0 -999.0 -999.0 -999.0 -999.0 -999.0 -999.0 -999.0 -999.0 382.5 376.1 361.7 556.0 515.8 434.1 519.5 232.9 358.1 363.2 369.9 366.6 332.9 333.5 338.4 340.4 334.1 337.8 238.6 241.4 248.1 235.1 234.8 228.3 224.1 227.1 221.4 222.8 220.3 219.1 218.6 218.7 218.5 214.9 214.3 210.2 205.2 203.7 204.6 192.7 189.0 187.2 188.1 187.0 188.5 188.4 188.4 187.7 187.5 187.4 193.2 200.0 206.8 220.2 219.6 220.9 221.1 221.7 214.3 207.7 219.6
-999.0 -999.0 -999.0 -999.0 -999.0 -999.0 -999.0 -999.0 -999.0 -999.0 -999.0 -999.0 -999.0 350.5 385.8 381.1 382.3 578.9 479.4 531.3 544.6 471.0 333.1 350.8 357.8 349.7 347.4 354.5 346.7 343.7 304.2 267.1 220.9 222.7 227.3 223.1 226.8 223.4 209.2 206.9 208.7 208.8 207.0 205.7 204.7 213.0 207.4 207.4 200.4 199.7 198.7 191.8 191.5 191.3 179.7 179.6 176.7 175.8 176.7 176.7 177.9 176.3 177.1 176.9 176.9 183.3 189.3 204.0 206.8 209.0 205.7 208.5 212.3 194.5 202.0
-999.0 -999.0 -999.0 -999.0 -999.0 -999.0 -999.0 -999.0 -999.0 -999.0 -999.0 -999.0 -999.0 535.7 375.4 402.6 658.1 554.9 518.4 591.6 595.2 515.2 319.3 368.6 381.3 325.4 274.9 323.8 351.4 322.1 259.2 276.5 214.6 215.7 214.6 211.0 204.9 204.1 210.2 206.1 207.9 209.8 204.8 202.5 200.7 199.7 206.2 203.4 198.3 195.3 193.8 192.8 190.6 185.3 185.5 190.6 175.8 175.8 171.5 173.1 171.4 171.2 171.2 171.6 172.5 177.8 184.0 188.2 199.3 200.7 203.5 200.8 204.5 195.8 191.2
