GSP_annual_reports_SON_2024_v1/GIS/SON_2022_Fall_Shallow.tif
NCOLS 191
NROWS  209
XLLCORNER 6295515.91401
YLLCORNER 1783415.49397
CELLSIZE 1000.0
NODATA_VALUE -999
[rows 0 to 32 of 209, columns 0 to 74 of 191]
-999.0 -999.0 -999.0 -999.0 -999.0 -999.0 -999.0 -999.0 -999.0 -999.0 -999.0 -999.0 -999.0 -999.0 -999.0 -999.0 -999.0 -999.0 -999.0 -999.0 -999.0 -999.0 -999.0 -999.0 405.0 389.4 421.8 426.3 456.1 406.5 377.3 385.7 396.1 424.8 -999.0 -999.0 -999.0 -999.0 -999.0 -999.0 -999.0 -999.0 -999.0 -999.0 -999.0 -999.0 -999.0 -999.0 -999.0 -999.0 -999.0 -999.0 -999.0 -999.0 -999.0 -999.0 -999.0 -999.0 -999.0 -999.0 -999.0 -999.0 -999.0 -999.0 -999.0 -999.0 -999.0 -999.0 -999.0 -999.0 -999.0 -999.0 -999.0 -999.0 -999.0
-999.0 -999.0 -999.0 -999.0 -999.0 -999.0 -999.0 -999.0 -999.0 -999.0 -999.0 -999.0 -999.0 -999.0 -999.0 -999.0 -999.0 -999.0 -999.0 -999.0 -999.0 -999.0 439.5 388.6 398.3 416.9 421.0 462.6 453.7 460.5 395.0 384.9 386.3 397.7 409.6 470.0 510.2 559.4 -999.0 -999.0 -999.0 -999.0 -999.0 -999.0 -999.0 -999.0 -999.0 -999.0 -999.0 -999.0 -999.0 -999.0 -999.0 -999.0 -999.0 -999.0 -999.0 -999.0 -999.0 -999.0 -999.0 -999.0 -999.0 -999.0 -999.0 -999.0 -999.0 -999.0 -999.0 -999.0 -999.0 -999.0 -999.0 -999.0 -999.0
-999.0 -999.0 -999.0 -999.0 -999.0 -999.0 -999.0 -999.0 -999.0 -999.0 -999.0 -999.0 -999.0 -999.0 -999.0 -999.0 -999.0 -999.0 -999.0 -999.0 317.6 441.9 481.1 471.9 423.0 384.4 397.2 387.1 401.5 406.5 448.5 412.1 398.7 386.2 410.1 482.2 506.5 537.9 508.1 474.5 398.1 377.4 -999.0 -999.0 -999.0 -999.0 -999.0 -999.0 -999.0 -999.0 -999.0 -999.0 -999.0 -999.0 -999.0 -999.0 -999.0 -999.0 -999.0 -999.0 -999.0 -999.0 -999.0 -999.0 -999.0 -999.0 -999.0 -999.0 -999.0 -999.0 -999.0 -999.0 -999.0 -999.0 -999.0
-999.0 -999.0 -999.0 -999.0 -999.0 -999.0 -999.0 -999.0 -999.0 -999.0 -999.0 -999.0 -999.0 -999.0 -999.0 -999.0 -999.0 -999.0 -999.0 299.6 303.1 318.1 478.7 495.0 516.6 554.5 524.3 467.9 445.3 397.3 407.4 503.7 470.5 418.9 385.6 416.1 484.5 529.9 509.9 455.2 411.7 381.1 406.2 339.5 -999.0 -999.0 -999.0 -999.0 -999.0 -999.0 -999.0 -999.0 -999.0 -999.0 -999.0 -999.0 -999.0 -999.0 -999.0 -999.0 -999.0 -999.0 -999.0 -999.0 -999.0 -999.0 -999.0 -999.0 -999.0 -999.0 -999.0 -999.0 -999.0 -999.0 -999.0
-999.0 -999.0 -999.0 -999.0 -999.0 -999.0 -999.0 -999.0 -999.0 -999.0 -999.0 -999.0 -999.0 -999.0 -999.0 -999.0 -999.0 -999.0 284.8 304.2 295.8 318.4 429.5 469.3 509.2 592.4 595.6 627.8 498.6 386.1 444.4 523.8 525.9 472.3 404.3 387.7 448.9 502.1 523.9 498.8 445.5 395.5 387.3 378.9 317.3 330.8 -999.0 -999.0 -999.0 -999.0 -999.0 -999.0 -999.0 -999.0 -999.0 -999.0 -999.0 -999.0 -999.0 -999.0 -999.0 -999.0 -999.0 -999.0 -999.0 -999.0 -999.0 -999.0 -999.0 -999.0 -999.0 -999.0 -999.0 -999.0 -999.0
-999.0 -999.0 -999.0 -999.0 -999.0 -999.0 -999.0 -999.0 -999.0 -999.0 -999.0 -999.0 -999.0 -999.0 -999.0 -999.0 -999.0 -999.0 288.2 284.6 294.2 314.4 314.8 323.9 444.1 449.4 487.5 433.6 426.0 447.9 495.9 526.8 619.7 557.7 560.7 440.7 411.9 462.8 526.5 509.6 451.1 403.3 389.4 335.3 335.5 322.4 334.3 332.3 -999.0 -999.0 -999.0 -999.0 -999.0 -999.0 -999.0 -999.0 -999.0 -999.0 -999.0 -999.0 -999.0 -999.0 -999.0 -999.0 -999.0 -999.0 -999.0 -999.0 -999.0 -999.0 -999.0 -999.0 -999.0 -999.0 -999.0
-999.0 -999.0 -999.0 -999.0 -999.0 -999.0 -999.0 -999.0 -999.0 -999.0 -999.0 -999.0 -999.0 -999.0 -999.0 -999.0 -999.0 302.9 296.9 296.9 288.1 282.8 284.2 285.0 316.9 391.6 401.7 408.8 408.0 423.9 496.0 526.9 591.1 614.2 608.1 572.4 415.5 437.0 477.8 531.4 449.4 408.1 398.1 303.7 312.6 314.8 329.8 328.7 332.4 -999.0 -999.0 -999.0 -999.0 -999.0 -999.0 -999.0 -999.0 -999.0 -999.0 -999.0 -999.0 -999.0 -999.0 -999.0 -999.0 -999.0 -999.0 -999.0 -999.0 -999.0 -999.0 -999.0 -999.0 -999.0 -999.0
-999.0 -999.0 -999.0 -999.0 -999.0 -999.0 -999.0 -999.0 -999.0 -999.0 -999.0 -999.0 -999.0 -999.0 -999.0 -999.0 312.6 311.5 303.3 303.7 320.2 298.1 297.5 282.9 283.4 395.7 426.4 447.0 456.8 440.4 509.7 589.1 627.8 680.3 571.9 499.2 442.3 405.1 403.2 467.1 493.2 420.9 406.4 324.4 322.4 321.9 315.2 330.7 340.3 374.1 -999.0 -999.0 -999.0 -999.0 -999.0 -999.0 -999.0 -999.0 -999.0 -999.0 -999.0 -999.0 -999.0 -999.0 -999.0 -999.0 -999.0 -999.0 -999.0 -999.0 -999.0 -999.0 -999.0 -999.0 -999.0
-999.0 -999.0 -999.0 -999.0 -999.0 -999.0 -999.0 -999.0 -999.0 -999.0 -999.0 -999.0 -999.0 -999.0 -999.0 312.4 318.6 313.7 313.4 311.1 309.4 303.3 302.9 314.5 305.3 362.5 357.2 478.2 522.1 501.7 495.2 498.0 547.4 693.2 584.0 526.8 489.7 417.0 406.9 402.9 460.0 411.6 404.6 339.2 329.9 329.3 389.8 378.6 325.5 332.7 -999.0 -999.0 -999.0 -999.0 -999.0 -999.0 -999.0 -999.0 621.4 668.5 679.6 685.3 671.6 581.5 575.7 500.7 523.6 467.9 463.1 -999.0 -999.0 -999.0 -999.0 -999.0 -999.0
-999.0 -999.0 -999.0 -999.0 -999.0 -999.0 -999.0 -999.0 -999.0 -999.0 -999.0 -999.0 -999.0 -999.0 -999.0 312.4 312.4 312.4 313.3 312.4 308.3 310.0 302.9 302.9 302.9 317.2 405.1 409.1 449.7 587.4 545.9 523.7 527.6 653.0 669.0 531.0 480.8 420.5 403.5 390.4 407.1 412.3 419.0 401.2 333.5 359.1 365.9 402.5 367.2 334.2 357.9 -999.0 -999.0 -999.0 -999.0 419.6 438.2 439.3 559.1 606.8 675.8 757.2 772.0 696.5 587.1 550.7 527.1 554.4 532.2 479.6 521.8 -999.0 -999.0 -999.0 -999.0
-999.0 -999.0 -999.0 -999.0 -999.0 -999.0 -999.0 -999.0 -999.0 -999.0 -999.0 -999.0 -999.0 -999.0 313.7 315.0 312.4 312.4 312.4 313.9 309.1 312.4 312.8 311.1 302.9 303.3 350.6 415.6 454.8 444.5 595.5 603.9 671.0 691.9 662.4 571.6 515.3 454.8 459.8 473.4 485.8 484.8 425.5 395.8 325.7 358.6 388.5 411.5 404.4 389.3 354.8 404.0 -999.0 411.3 423.2 415.7 417.9 470.1 456.2 652.3 669.0 691.2 748.5 750.9 686.3 531.8 527.6 621.2 574.2 498.1 507.3 521.6 -999.0 -999.0 -999.0
-999.0 -999.0 -999.0 -999.0 -999.0 -999.0 -999.0 -999.0 -999.0 -999.0 -999.0 -999.0 -999.0 -999.0 315.8 315.3 316.5 315.0 312.4 312.4 310.9 312.4 312.4 312.4 312.8 312.6 329.9 379.2 426.1 452.8 471.1 571.2 588.5 592.5 650.7 586.7 535.2 525.6 526.5 540.7 528.2 524.7 485.5 404.0 341.4 334.2 401.9 354.2 403.2 353.7 359.4 373.2 370.4 419.6 412.2 430.9 420.7 434.3 442.9 583.4 629.5 736.7 785.8 785.2 686.3 600.6 528.8 691.5 647.2 504.8 500.0 551.2 659.2 -999.0 -999.0
-999.0 -999.0 -999.0 -999.0 -999.0 -999.0 -999.0 -999.0 -999.0 -999.0 -999.0 -999.0 -999.0 -999.0 315.8 315.8 328.0 316.2 315.0 315.4 308.1 312.4 312.4 314.0 311.6 332.4 353.8 347.3 388.4 440.3 459.0 454.6 457.7 560.5 640.6 649.7 619.5 580.4 559.4 534.3 511.1 494.0 451.2 440.0 403.3 333.7 328.6 412.1 398.9 415.2 369.3 374.1 358.0 391.5 414.6 439.3 455.5 446.5 478.5 479.1 647.0 688.5 693.5 806.7 693.5 595.6 529.5 669.9 584.0 514.5 530.4 516.0 528.6 543.0 -999.0
-999.0 -999.0 -999.0 -999.0 -999.0 -999.0 -999.0 -999.0 -999.0 -999.0 -999.0 -999.0 -999.0 -999.0 463.2 315.8 325.2 315.7 315.8 315.8 314.6 315.0 312.4 316.6 309.6 325.2 332.4 334.3 339.6 372.4 402.4 424.2 443.3 438.4 444.6 448.2 616.1 550.4 529.0 534.4 546.3 527.8 495.5 418.1 402.0 320.0 327.8 385.7 355.2 385.7 359.0 359.2 386.8 386.2 398.2 420.7 441.5 475.7 477.7 531.5 514.0 660.4 698.3 732.0 698.3 690.0 588.4 660.6 658.1 625.6 502.2 491.5 507.2 516.9 513.3
-999.0 -999.0 -999.0 -999.0 -999.0 -999.0 -999.0 -999.0 -999.0 -999.0 -999.0 -999.0 -999.0 -999.0 345.0 316.2 315.8 316.2 315.8 315.8 315.8 316.5 315.0 315.3 313.6 314.0 324.0 326.9 339.5 350.0 423.2 426.7 436.6 402.9 410.0 435.6 438.6 572.1 524.7 527.8 519.0 561.6 517.6 484.8 464.1 414.3 323.8 325.2 364.0 390.0 354.5 383.1 420.5 434.6 406.1 435.2 413.6 470.4 496.7 531.4 528.8 530.0 755.9 688.5 705.6 773.1 696.2 674.2 547.3 608.5 515.9 508.7 506.9 505.7 509.4
-999.0 -999.0 -999.0 -999.0 -999.0 -999.0 -999.0 -999.0 -999.0 -999.0 -999.0 -999.0 -999.0 -999.0 316.6 315.8 315.8 315.8 315.8 317.3 328.9 317.3 315.8 317.3 315.3 315.7 315.4 325.0 339.9 344.5 378.1 372.9 417.6 385.3 382.7 383.7 443.1 442.6 523.9 485.5 512.5 518.1 494.8 438.1 474.0 479.7 454.0 322.7 357.0 353.4 352.1 403.4 384.8 420.3 417.3 442.5 414.1 442.7 444.4 459.1 523.1 565.6 561.3 785.8 816.4 780.8 703.8 672.2 649.0 658.1 529.9 501.6 506.2 501.4 517.9
-999.0 -999.0 -999.0 -999.0 -999.0 -999.0 -999.0 -999.0 -999.0 -999.0 -999.0 -999.0 -999.0 -999.0 474.0 316.9 315.8 315.8 316.2 326.1 314.8 317.0 315.8 315.9 316.0 314.8 327.9 328.0 332.7 341.7 348.9 377.3 418.5 365.4 429.0 446.1 417.6 410.2 397.6 455.6 497.5 491.6 501.0 483.3 459.2 513.5 483.0 435.3 367.0 332.2 403.1 357.3 362.7 430.7 441.5 459.0 477.3 476.6 523.2 461.0 491.0 532.5 574.0 833.5 793.9 825.6 785.0 733.8 684.4 572.8 515.6 505.6 493.6 501.9 510.2
-999.0 -999.0 -999.0 -999.0 -999.0 -999.0 -999.0 -999.0 -999.0 -999.0 -999.0 -999.0 -999.0 -999.0 474.8 466.1 315.8 315.8 315.8 316.7 317.5 325.3 315.8 316.2 315.8 316.9 317.5 327.9 339.8 344.5 338.4 375.9 362.0 438.2 437.3 421.2 388.7 410.1 397.1 459.3 469.8 481.8 526.0 521.2 512.6 505.6 487.4 405.4 333.9 373.4 442.0 418.2 419.3 395.8 434.8 443.4 446.3 456.8 477.4 530.8 532.9 570.3 573.5 601.2 890.2 818.9 795.5 777.1 685.0 567.6 526.9 522.3 505.0 510.3 493.2
-999.0 -999.0 -999.0 -999.0 -999.0 -999.0 -999.0 -999.0 -999.0 -999.0 -999.0 -999.0 -999.0 -999.0 501.4 475.8 315.8 315.8 311.6 309.8 325.3 320.6 315.5 315.7 317.0 317.6 325.4 332.6 344.1 332.3 353.4 355.3 351.0 345.7 374.5 390.3 408.2 375.5 391.4 345.9 437.1 478.4 436.9 426.4 481.2 493.8 484.4 440.8 435.8 363.8 396.4 422.0 441.2 396.1 441.5 420.4 442.6 445.1 473.9 545.6 570.3 557.8 571.9 595.1 613.3 840.2 807.6 751.2 698.2 692.0 649.0 546.4 515.7 510.6 506.6
-999.0 -999.0 -999.0 -999.0 -999.0 -999.0 -999.0 -999.0 -999.0 -999.0 -999.0 -999.0 -999.0 -999.0 492.1 483.6 315.8 315.8 309.7 315.9 309.8 315.7 315.8 316.2 317.5 316.2 349.7 340.9 342.6 344.8 334.5 339.6 345.0 341.0 362.2 351.5 347.6 383.1 349.9 328.3 327.4 388.4 411.5 433.8 480.5 496.4 501.4 390.4 414.7 363.6 399.8 441.8 424.2 441.1 406.8 424.2 426.2 443.9 514.7 551.4 547.7 531.5 560.3 569.8 636.9 823.0 850.9 792.7 746.3 695.4 726.2 667.2 574.2 515.2 522.0
-999.0 -999.0 -999.0 -999.0 -999.0 -999.0 -999.0 -999.0 -999.0 -999.0 -999.0 -999.0 -999.0 -999.0 475.8 316.0 315.0 319.7 315.5 315.8 310.5 328.7 320.6 315.0 316.2 316.2 329.3 336.4 335.2 339.9 344.6 338.5 341.9 340.9 375.6 371.2 337.0 327.4 317.3 331.1 336.1 398.9 431.2 413.4 490.1 499.1 540.0 530.4 410.0 424.5 383.7 441.8 457.1 442.1 418.5 440.6 477.3 521.9 525.6 518.0 478.5 530.5 534.1 567.5 586.0 588.7 804.0 847.4 829.6 832.7 762.6 663.5 569.8 517.9 523.4
-999.0 -999.0 -999.0 -999.0 -999.0 -999.0 -999.0 -999.0 -999.0 -999.0 -999.0 -999.0 -999.0 -999.0 500.9 350.6 316.9 315.0 315.0 315.0 309.7 309.7 319.6 315.0 315.8 318.1 322.0 315.6 317.5 340.1 334.4 338.7 339.8 339.4 334.3 331.8 324.9 318.4 349.7 357.0 334.7 375.4 406.7 367.8 363.5 389.8 518.9 510.0 531.1 417.8 409.2 441.8 450.8 442.2 445.0 476.8 523.1 523.2 523.6 454.7 540.9 557.6 565.0 538.4 533.3 574.6 542.0 790.9 854.4 784.2 764.1 672.8 642.0 565.0 516.8
-999.0 -999.0 -999.0 -999.0 -999.0 -999.0 -999.0 -999.0 -999.0 -999.0 -999.0 -999.0 -999.0 -999.0 502.5 350.5 345.1 320.2 315.0 307.6 308.3 309.7 315.4 315.0 315.9 315.8 328.8 318.2 316.2 323.8 328.5 329.9 334.9 339.2 331.0 335.7 319.3 313.4 356.0 354.2 371.1 331.2 353.1 357.5 361.1 409.7 388.5 406.6 440.5 438.8 437.6 440.7 442.3 444.2 519.7 524.2 467.7 522.8 476.5 489.2 489.5 521.6 532.8 522.2 533.4 535.8 530.2 743.6 765.8 739.4 732.0 671.3 649.3 641.7 670.7
-999.0 -999.0 -999.0 -999.0 -999.0 -999.0 -999.0 -999.0 -999.0 -999.0 -999.0 -999.0 -999.0 -999.0 499.4 493.4 346.4 319.3 322.1 317.0 315.4 315.6 308.4 315.0 316.6 326.1 335.5 316.0 319.8 324.9 323.8 328.3 325.7 330.6 322.7 327.3 311.5 317.4 333.9 384.7 391.9 395.4 355.5 358.3 361.5 384.7 420.8 431.9 443.2 439.0 475.1 513.4 458.8 512.9 512.9 476.2 445.3 505.6 436.2 505.7 441.3 462.6 452.6 465.8 509.9 473.4 497.1 712.5 718.7 733.7 711.3 775.8 775.2 774.2 645.6
-999.0 -999.0 -999.0 -999.0 -999.0 -999.0 -999.0 -999.0 -999.0 -999.0 -999.0 -999.0 -999.0 -999.0 506.4 493.9 324.7 325.6 327.0 315.4 307.4 316.5 311.5 316.1 315.7 318.6 330.8 324.7 323.8 323.8 330.3 323.8 324.5 327.6 317.5 315.3 314.2 322.5 328.4 355.3 335.9 406.8 374.7 358.2 364.4 374.2 411.7 418.4 441.6 444.7 442.1 441.7 440.3 440.7 521.1 476.0 477.1 445.8 438.4 455.5 446.7 505.8 528.6 483.1 485.6 440.9 553.9 694.5 646.5 673.1 705.7 745.7 778.2 760.6 668.3
-999.0 -999.0 -999.0 -999.0 -999.0 -999.0 -999.0 -999.0 -999.0 -999.0 -999.0 -999.0 -999.0 -999.0 483.5 490.6 320.6 326.1 328.9 315.0 316.3 319.7 312.9 315.0 316.6 329.4 330.2 317.5 317.5 317.5 320.3 322.7 321.0 323.3 317.3 311.6 298.6 313.7 321.3 324.5 326.4 383.1 420.5 366.1 368.8 383.6 386.6 398.9 401.5 414.6 428.4 573.3 565.5 565.3 577.1 476.1 452.0 432.8 502.3 441.1 480.5 491.3 441.4 477.0 436.5 443.4 462.3 584.0 578.6 641.4 642.2 708.9 779.2 788.4 766.8
-999.0 -999.0 -999.0 -999.0 -999.0 -999.0 -999.0 -999.0 -999.0 -999.0 -999.0 -999.0 -999.0 -999.0 495.7 341.7 317.1 316.6 320.3 317.3 314.9 314.7 315.4 315.0 343.2 341.5 350.0 319.6 319.0 318.4 318.1 317.5 323.5 322.8 316.4 312.8 298.3 302.5 319.7 315.7 325.7 353.0 418.2 386.9 366.1 413.3 424.2 429.0 425.0 443.7 521.7 522.8 523.3 556.0 601.3 565.7 431.6 435.8 432.6 435.4 471.9 440.7 440.7 436.1 442.5 463.0 530.4 525.4 541.6 524.3 598.5 643.0 655.8 707.1 760.1
-999.0 -999.0 -999.0 -999.0 -999.0 -999.0 -999.0 -999.0 -999.0 -999.0 -999.0 -999.0 -999.0 -999.0 507.3 485.1 330.9 317.5 315.0 315.7 318.4 317.0 316.2 315.8 347.6 347.1 339.4 318.4 316.2 319.0 316.2 317.1 316.7 316.8 312.0 309.9 294.9 298.8 306.1 309.3 315.5 325.4 372.0 414.7 355.2 357.4 403.0 404.4 426.2 412.1 441.8 494.8 528.6 556.1 540.3 587.1 544.6 511.6 439.1 437.4 438.8 444.5 433.0 448.4 470.0 451.8 514.3 518.4 621.2 606.5 582.1 574.5 599.0 652.3 765.4
-999.0 -999.0 -999.0 -999.0 -999.0 -999.0 -999.0 -999.0 -999.0 -999.0 -999.0 -999.0 -999.0 -999.0 539.4 500.7 495.4 317.5 316.7 315.2 313.0 307.9 307.4 315.0 328.7 341.0 330.3 317.1 317.5 317.4 317.6 316.3 314.8 311.9 309.1 301.3 287.9 295.6 304.0 302.0 318.1 322.4 332.9 374.9 418.2 342.1 389.3 413.5 387.3 387.7 414.1 523.1 538.7 549.2 606.5 649.2 571.1 535.4 491.5 516.1 511.1 529.6 514.3 431.9 530.5 505.7 525.3 537.5 680.5 698.4 694.4 675.5 692.5 624.0 695.7
-999.0 -999.0 -999.0 -999.0 -999.0 -999.0 -999.0 -999.0 -999.0 -999.0 -999.0 -999.0 -999.0 -999.0 541.5 499.9 495.7 318.4 316.5 315.3 311.2 307.4 320.4 315.0 345.5 341.7 346.5 317.6 316.9 315.6 316.5 315.6 315.5 311.4 304.1 296.4 285.3 291.4 298.1 298.2 305.1 320.8 322.6 335.1 393.2 338.3 380.9 377.3 376.3 414.0 448.2 442.5 540.2 578.4 617.4 641.9 596.2 623.2 549.2 491.3 490.0 520.4 512.5 499.3 498.6 504.8 525.3 597.3 554.7 595.2 692.5 702.0 696.8 686.9 616.8
-999.0 -999.0 -999.0 -999.0 -999.0 -999.0 -999.0 -999.0 -999.0 -999.0 -999.0 -999.0 -999.0 -999.0 490.5 496.7 492.3 319.3 317.6 316.6 316.1 315.7 307.3 315.3 343.0 350.5 339.4 329.7 316.1 317.5 317.7 317.6 315.7 314.0 308.5 298.7 286.8 288.3 296.7 296.5 305.4 307.1 315.3 323.2 327.6 332.9 345.9 341.0 365.6 396.9 404.0 435.9 466.7 624.7 658.0 683.0 650.6 633.1 549.8 529.5 527.5 533.4 527.7 498.7 504.4 505.1 507.5 505.7 523.1 541.1 569.2 706.8 733.2 717.8 659.4
-999.0 -999.0 -999.0 -999.0 -999.0 -999.0 -999.0 -999.0 -999.0 -999.0 -999.0 -999.0 -999.0 -999.0 521.1 495.7 499.5 319.3 317.5 313.7 316.7 308.0 307.3 307.3 350.0 350.0 334.9 326.8 317.6 317.6 317.9 316.1 314.9 312.0 302.3 303.0 286.0 289.7 297.7 297.1 303.0 307.6 309.4 322.2 322.1 410.2 418.7 411.3 411.9 428.4 404.7 446.3 445.3 490.3 510.5 649.6 646.8 663.3 671.6 541.7 553.7 664.8 640.8 613.5 563.6 558.4 592.4 534.3 535.9 567.5 527.7 571.3 689.9 714.0 677.4
-999.0 -999.0 -999.0 -999.0 -999.0 -999.0 -999.0 -999.0 -999.0 -999.0 -999.0 -999.0 -999.0 -999.0 495.2 512.3 495.2 316.2 328.0 315.2 310.8 307.3 307.3 315.3 347.3 341.7 329.7 330.2 316.2 317.6 317.5 317.6 313.1 312.9 303.1 298.2 284.4 284.8 294.0 297.2 297.6 307.0 300.2 301.4 322.1 352.8 419.8 440.6 444.2 418.2 416.6 437.7 426.0 439.3 440.8 609.9 683.0 683.9 699.5 546.4 527.3 637.3 747.8 691.6 698.5 680.7 811.5 609.6 523.0 611.7 541.3 519.8 652.7 726.6 713.4
