GSP_annual_reports_SON_2024_v1/GIS/SON_2022_Spring_Shallow.tif
NCOLS 191
NROWS  209
XLLCORNER 6295515.91401
YLLCORNER 1783415.49397
CELLSIZE 1000.0
NODATA_VALUE -999
[rows 165 to 197 of 209, columns 75 to 149 of 191]
-999.0 -999.0 -999.0 -999.0 -999.0 -999.0 -999.0 -999.0 557.9 527.9 194.2 254.0 335.3 668.9 622.2 583.5 580.4 566.0 566.0 561.2 581.9 196.7 211.3 593.4 595.6 213.1 181.6 173.8 173.8 173.8 173.8 173.8 159.6 159.8 137.8 132.5 125.4 115.9 110.0 111.1 131.1 139.5 133.8 156.3 140.0 138.7 135.3 186.4 531.2 564.6 520.9 491.2 220.7 184.8 133.5 100.6 93.5 112.0 322.6 285.5 239.4 205.8 175.4 3.8 3.4 2.9 2.5 1.9 -0.7 -2.0 -2.3 -1.5 -2.5 -2.2 -2.3
-999.0 -999.0 -999.0 -999.0 -999.0 -999.0 -999.0 -999.0 -999.0 543.7 528.6 195.8 212.3 304.1 299.1 681.8 676.0 652.3 699.3 678.5 579.5 195.6 207.6 618.3 232.4 193.8 173.9 185.9 181.6 173.8 173.8 174.2 159.8 159.6 137.5 132.7 125.2 116.7 109.3 122.4 121.3 126.5 124.6 128.3 145.5 149.8 163.8 238.1 251.1 546.3 541.2 510.8 478.8 186.4 134.9 105.0 77.6 80.3 95.2 57.2 24.5 225.5 4.2 4.0 3.5 3.0 2.5 2.1 -1.1 -2.1 -2.2 -1.7 -2.3 -2.4 -2.5
-999.0 -999.0 -999.0 -999.0 -999.0 -999.0 -999.0 -999.0 -999.0 544.7 583.9 574.4 556.6 210.0 219.8 236.2 665.8 692.3 714.7 648.4 591.1 535.5 192.2 183.9 178.2 174.4 173.8 196.6 178.4 173.8 173.6 173.8 159.6 159.8 137.6 132.6 125.2 116.6 112.1 121.3 126.6 107.8 123.3 131.4 120.8 129.9 142.4 133.9 246.7 294.4 534.0 515.5 516.3 407.0 133.2 162.2 124.3 95.7 51.7 49.9 23.1 25.3 21.0 4.1 3.4 2.9 2.6 1.8 -1.4 -2.1 -2.2 -1.8 -2.2 -2.4 -2.3
-999.0 -999.0 -999.0 -999.0 -999.0 -999.0 -999.0 -999.0 -999.0 -999.0 584.6 683.3 590.7 581.9 372.8 381.3 335.3 331.5 679.1 655.2 569.2 615.7 531.4 192.5 176.9 173.2 174.0 188.7 192.6 173.6 173.9 173.8 160.1 159.7 137.8 132.7 125.2 116.6 108.7 106.2 105.7 118.5 123.0 119.6 122.3 131.7 136.3 148.2 171.5 204.2 276.6 256.1 274.4 225.7 190.8 185.7 153.5 116.3 99.5 44.2 27.9 20.3 5.8 4.0 3.1 2.3 2.7 1.9 -1.0 -1.7 -2.3 -1.8 -2.1 -2.2 -2.3
-999.0 -999.0 -999.0 -999.0 -999.0 -999.0 -999.0 -999.0 -999.0 -999.0 -999.0 688.3 583.0 591.1 428.5 404.2 426.1 764.7 772.9 716.1 714.2 736.7 622.4 565.9 553.8 515.4 533.3 515.1 204.6 193.6 174.2 177.6 159.8 159.8 137.7 132.3 125.3 116.7 109.0 107.3 107.0 108.7 103.8 105.6 105.2 117.0 131.1 131.9 137.0 162.9 193.7 232.5 232.4 225.4 193.8 177.8 378.7 351.0 96.1 54.4 27.7 19.7 6.0 4.4 2.7 2.8 2.6 1.7 -1.2 -2.0 -2.2 -2.2 -2.2 -2.2 -2.2
-999.0 -999.0 -999.0 -999.0 -999.0 -999.0 -999.0 -999.0 -999.0 -999.0 -999.0 -999.0 586.3 620.4 453.5 485.0 950.0 930.8 862.0 767.1 752.7 719.7 752.9 647.3 566.0 522.3 561.7 182.9 193.3 189.7 173.7 173.8 159.8 159.8 137.4 136.2 125.8 117.0 110.1 107.6 105.7 102.0 101.4 101.8 102.0 96.3 95.9 125.7 136.5 129.6 132.6 190.5 163.9 140.7 190.3 201.3 193.5 377.1 347.9 71.5 41.5 20.2 10.0 4.4 3.4 2.8 2.6 1.7 -1.2 -2.0 -2.3 -1.9 -2.1 -2.3 -2.0
-999.0 -999.0 -999.0 -999.0 -999.0 -999.0 -999.0 -999.0 -999.0 -999.0 -999.0 -999.0 -999.0 -999.0 721.6 466.6 1008.9 978.8 958.2 876.2 823.2 746.4 678.7 655.2 692.8 633.6 532.8 515.1 173.4 178.0 172.8 173.8 159.7 159.8 137.8 133.0 125.5 117.0 110.1 107.4 105.8 102.3 103.6 97.1 98.1 94.2 93.5 101.1 125.7 122.3 132.3 162.6 125.8 141.1 158.9 186.1 209.4 427.7 373.2 96.9 42.7 21.4 12.1 4.4 3.4 2.8 2.5 1.4 -1.2 -2.0 -1.9 -1.6 -2.1 -2.3 -1.9
-999.0 -999.0 -999.0 -999.0 -999.0 -999.0 -999.0 -999.0 -999.0 -999.0 -999.0 -999.0 -999.0 -999.0 -999.0 -999.0 901.4 950.1 957.2 1030.6 955.0 900.1 763.9 604.6 593.0 644.6 549.9 532.6 173.7 182.0 174.0 172.7 159.8 159.7 137.8 132.8 125.5 117.0 110.1 107.4 105.9 102.4 100.5 97.2 94.3 88.0 91.2 85.4 110.4 118.3 132.9 149.2 130.4 134.5 142.4 136.6 151.2 520.6 514.4 343.5 64.8 23.6 13.8 4.4 3.5 2.8 2.5 1.4 -1.2 -1.6 -2.1 -1.7 -1.8 -2.0 -2.0
-999.0 -999.0 -999.0 -999.0 -999.0 -999.0 -999.0 -999.0 -999.0 -999.0 -999.0 -999.0 -999.0 -999.0 -999.0 -999.0 -999.0 -999.0 -999.0 -999.0 -999.0 990.2 750.3 685.0 618.3 568.0 203.4 185.6 179.3 174.0 173.8 173.9 159.8 160.1 138.0 132.8 125.6 117.0 110.2 107.6 105.9 102.4 100.4 97.7 94.7 88.0 88.2 81.4 87.4 107.3 125.9 130.4 126.1 129.1 129.5 115.8 132.2 517.6 603.0 521.3 330.7 79.0 15.5 4.4 3.4 2.8 2.4 1.1 -1.1 -1.6 -1.3 -1.5 -1.6 -1.8 -1.8
-999.0 -999.0 -999.0 -999.0 -999.0 -999.0 -999.0 -999.0 -999.0 -999.0 -999.0 -999.0 -999.0 -999.0 -999.0 -999.0 -999.0 -999.0 -999.0 -999.0 -999.0 1017.3 944.9 842.5 679.8 570.7 550.1 527.2 172.5 174.1 174.1 173.8 159.9 160.2 137.0 132.7 125.2 116.9 110.1 107.6 105.9 102.4 100.6 97.3 94.4 87.7 85.5 75.7 78.9 84.2 102.9 124.9 123.2 127.3 99.7 124.3 156.9 184.1 531.0 517.4 131.2 84.2 20.1 4.6 7.8 2.3 2.5 1.1 -1.1 -1.7 -1.2 -1.3 -1.4 -0.2 -1.5
-999.0 -999.0 -999.0 -999.0 -999.0 -999.0 -999.0 -999.0 -999.0 -999.0 -999.0 -999.0 -999.0 -999.0 -999.0 -999.0 -999.0 -999.0 -999.0 -999.0 -999.0 -999.0 909.3 763.9 787.9 649.3 618.3 561.0 174.2 174.1 174.3 173.9 160.0 160.0 138.1 132.7 125.3 116.6 110.0 107.5 106.2 102.4 100.6 97.9 95.2 88.4 85.1 76.5 78.8 76.6 86.4 87.3 113.9 99.4 95.5 103.1 124.7 150.9 138.0 468.0 120.9 50.8 20.8 4.1 3.2 2.8 2.5 1.2 -1.1 -2.0 -1.4 -1.4 -1.4 -1.5 -1.8
-999.0 -999.0 -999.0 -999.0 -999.0 -999.0 -999.0 -999.0 -999.0 -999.0 -999.0 -999.0 -999.0 -999.0 -999.0 -999.0 -999.0 -999.0 -999.0 -999.0 -999.0 -999.0 977.2 977.7 859.5 763.9 744.3 591.1 178.0 173.9 174.1 174.3 160.0 160.0 137.8 139.9 125.2 116.7 110.2 107.5 105.7 102.8 100.6 97.9 95.5 88.5 85.2 76.3 78.8 76.1 72.9 75.0 93.1 86.4 77.4 76.7 98.6 119.8 110.2 97.9 87.3 88.3 63.1 5.4 3.9 2.2 2.5 1.2 -1.1 -1.7 -1.3 -1.3 -1.2 -1.1 -1.6
-999.0 -999.0 -999.0 -999.0 -999.0 -999.0 -999.0 -999.0 -999.0 -999.0 -999.0 -999.0 -999.0 -999.0 -999.0 -999.0 -999.0 -999.0 -999.0 -999.0 -999.0 -999.0 -999.0 1024.5 495.6 873.4 750.5 282.3 208.2 173.8 173.2 173.9 159.8 159.9 137.9 132.8 125.3 116.6 109.8 110.8 106.0 102.3 100.6 97.9 95.2 88.5 85.3 76.3 78.8 76.3 73.7 71.7 71.8 71.4 74.5 73.2 74.1 78.8 75.0 69.6 87.8 88.0 42.8 4.9 3.8 2.8 2.3 1.2 -1.0 -1.7 -1.3 -1.2 -1.2 -1.2 -1.7
-999.0 -999.0 -999.0 -999.0 -999.0 -999.0 -999.0 -999.0 -999.0 -999.0 -999.0 -999.0 -999.0 -999.0 -999.0 -999.0 -999.0 -999.0 -999.0 -999.0 -999.0 -999.0 -999.0 -999.0 463.4 386.9 397.6 250.3 192.0 173.2 174.1 174.0 168.0 160.0 137.9 133.1 125.3 120.2 112.5 107.2 105.4 102.4 100.5 97.9 95.0 88.5 85.2 76.3 78.8 76.2 73.5 71.9 77.9 73.0 70.9 63.5 58.2 62.5 59.5 54.2 56.7 40.0 52.6 4.4 3.5 2.3 2.0 1.0 -1.0 -1.8 -1.2 -1.2 -1.1 -0.9 -1.5
-999.0 -999.0 -999.0 -999.0 -999.0 -999.0 -999.0 -999.0 -999.0 -999.0 -999.0 -999.0 -999.0 -999.0 -999.0 -999.0 -999.0 -999.0 -999.0 -999.0 -999.0 -999.0 -999.0 -999.0 436.9 346.3 260.1 212.5 181.5 173.6 174.1 174.1 164.0 160.1 138.1 132.7 125.2 120.0 109.9 107.6 105.6 102.0 100.6 97.8 95.2 88.5 84.5 76.2 79.0 76.8 73.8 72.3 70.5 70.0 69.5 63.5 59.1 58.7 58.6 46.8 47.7 27.7 34.0 4.7 3.4 3.0 2.4 0.9 -1.1 -1.8 -1.2 -1.3 -1.1 -1.3 -1.4
-999.0 -999.0 -999.0 -999.0 -999.0 -999.0 -999.0 -999.0 -999.0 -999.0 -999.0 -999.0 -999.0 -999.0 -999.0 -999.0 -999.0 -999.0 -999.0 -999.0 -999.0 -999.0 -999.0 -999.0 -999.0 377.6 254.0 243.7 175.7 172.9 188.4 177.7 163.7 163.6 137.8 132.9 125.4 116.7 109.8 107.5 105.6 102.1 100.3 97.9 95.2 88.5 85.3 76.0 78.7 76.4 73.9 72.4 70.7 69.9 69.7 63.9 59.2 58.9 57.6 47.0 44.7 34.1 10.9 4.5 3.4 3.0 2.5 0.7 -1.3 -1.8 -1.2 -1.1 -0.7 -1.3 -1.5
-999.0 -999.0 -999.0 -999.0 -999.0 -999.0 -999.0 -999.0 -999.0 -999.0 -999.0 -999.0 -999.0 -999.0 -999.0 -999.0 -999.0 -999.0 -999.0 -999.0 -999.0 -999.0 -999.0 -999.0 -999.0 -999.0 -999.0 225.7 173.7 174.0 174.0 174.1 160.1 164.1 466.4 132.9 125.4 116.9 109.8 107.7 106.1 102.1 100.3 97.9 95.0 88.3 85.1 76.2 79.0 76.5 73.6 72.3 70.5 70.0 69.7 63.7 59.3 58.8 57.7 46.6 40.4 20.8 3.9 4.0 2.8 3.3 2.4 0.8 -1.1 -1.6 -1.2 -1.2 -1.5 -1.4 -1.3
-999.0 -999.0 -999.0 -999.0 -999.0 -999.0 -999.0 -999.0 -999.0 -999.0 -999.0 -999.0 -999.0 -999.0 -999.0 -999.0 -999.0 -999.0 -999.0 -999.0 -999.0 -999.0 -999.0 -999.0 -999.0 -999.0 -999.0 -999.0 -999.0 174.1 174.1 174.3 160.0 482.1 477.4 470.1 424.8 116.7 110.0 107.4 106.0 102.1 105.3 97.9 95.4 87.9 85.0 76.3 79.0 76.5 74.0 72.1 70.5 69.8 69.6 63.7 59.2 59.2 55.0 46.3 28.9 19.3 4.3 4.0 3.0 3.0 2.2 0.5 -1.1 -1.4 -1.1 -1.5 -1.2 -1.1 -1.1
-999.0 -999.0 -999.0 -999.0 -999.0 -999.0 -999.0 -999.0 -999.0 -999.0 -999.0 -999.0 -999.0 -999.0 -999.0 -999.0 -999.0 -999.0 -999.0 -999.0 -999.0 -999.0 -999.0 -999.0 -999.0 -999.0 -999.0 -999.0 -999.0 -999.0 174.1 174.1 510.8 510.9 448.1 494.9 461.9 438.6 135.7 107.4 105.5 102.3 100.3 97.6 104.5 88.5 85.3 76.5 79.2 76.4 73.7 72.4 70.6 70.0 69.7 63.9 59.0 58.8 54.4 44.5 25.2 14.2 4.8 3.3 2.8 2.5 2.0 0.2 -1.1 -0.2 -1.4 -1.1 -1.1 -1.1 -1.2
-999.0 -999.0 -999.0 -999.0 -999.0 -999.0 -999.0 -999.0 -999.0 -999.0 -999.0 -999.0 -999.0 -999.0 -999.0 -999.0 -999.0 -999.0 -999.0 -999.0 -999.0 -999.0 -999.0 -999.0 -999.0 -999.0 -999.0 -999.0 -999.0 -999.0 -999.0 172.8 513.2 568.8 464.7 472.4 467.0 441.4 438.3 107.2 381.9 102.4 100.3 97.6 94.9 92.1 85.3 76.2 82.1 76.2 73.9 72.4 70.4 70.1 69.3 63.7 59.2 57.9 48.9 42.8 23.4 9.9 3.5 3.6 3.0 2.4 1.6 -0.0 -1.3 -1.6 -1.1 -1.1 -1.1 -1.1 -1.2
-999.0 -999.0 -999.0 -999.0 -999.0 -999.0 -999.0 -999.0 -999.0 -999.0 -999.0 -999.0 -999.0 -999.0 -999.0 -999.0 -999.0 -999.0 -999.0 -999.0 -999.0 -999.0 -999.0 -999.0 -999.0 -999.0 -999.0 -999.0 -999.0 -999.0 -999.0 -999.0 -999.0 515.1 448.5 476.1 465.4 460.2 438.6 408.7 385.3 368.0 100.2 97.7 95.2 94.4 85.2 76.3 78.8 84.5 73.9 72.3 70.3 69.6 69.3 63.6 59.3 58.5 48.5 40.8 21.4 2.7 3.5 3.5 3.1 2.3 1.8 -0.2 -1.1 -1.2 -1.1 -1.1 -1.0 -1.1 -1.2
-999.0 -999.0 -999.0 -999.0 -999.0 -999.0 -999.0 -999.0 -999.0 -999.0 -999.0 -999.0 -999.0 -999.0 -999.0 -999.0 -999.0 -999.0 -999.0 -999.0 -999.0 -999.0 -999.0 -999.0 -999.0 -999.0 -999.0 -999.0 -999.0 -999.0 -999.0 -999.0 -999.0 -999.0 473.8 453.8 479.0 473.9 461.8 421.2 432.4 397.5 100.3 97.6 95.2 88.2 85.1 75.4 78.4 76.3 73.5 72.0 70.3 69.6 69.1 63.6 59.3 57.3 46.8 37.0 18.1 3.0 3.5 3.1 3.1 2.5 1.8 0.0 -1.2 -1.2 -1.1 -1.1 -1.1 -1.1 -1.2
-999.0 -999.0 -999.0 -999.0 -999.0 -999.0 -999.0 -999.0 -999.0 -999.0 -999.0 -999.0 -999.0 -999.0 -999.0 -999.0 -999.0 -999.0 -999.0 -999.0 -999.0 -999.0 -999.0 -999.0 -999.0 -999.0 -999.0 -999.0 -999.0 -999.0 -999.0 -999.0 -999.0 -999.0 483.9 493.5 458.6 465.0 459.4 444.1 424.1 427.9 396.2 97.6 94.9 88.5 85.4 76.0 88.5 76.2 73.5 72.0 70.3 69.4 69.2 63.6 57.5 51.5 46.2 24.4 13.8 3.8 3.2 3.2 3.6 2.4 2.0 -0.0 -1.1 -1.0 -1.0 -1.1 -1.1 -1.1 -1.2
-999.0 -999.0 -999.0 -999.0 -999.0 -999.0 -999.0 -999.0 -999.0 -999.0 -999.0 -999.0 -999.0 -999.0 -999.0 -999.0 -999.0 -999.0 -999.0 -999.0 -999.0 -999.0 -999.0 -999.0 -999.0 -999.0 -999.0 -999.0 -999.0 -999.0 -999.0 -999.0 -999.0 -999.0 490.0 136.9 458.2 169.8 455.7 413.7 421.9 431.0 427.2 353.0 392.6 97.9 85.2 75.9 78.7 76.1 73.5 71.9 70.0 69.8 69.3 63.5 58.1 51.3 44.9 23.8 12.2 3.8 3.4 3.6 3.8 2.8 1.8 -0.0 -1.3 -1.0 -1.0 -1.1 -1.1 -1.1 -1.2
-999.0 -999.0 -999.0 -999.0 -999.0 -999.0 -999.0 -999.0 -999.0 -999.0 -999.0 -999.0 -999.0 -999.0 -999.0 -999.0 -999.0 -999.0 -999.0 -999.0 -999.0 -999.0 -999.0 -999.0 -999.0 -999.0 -999.0 -999.0 -999.0 -999.0 -999.0 -999.0 -999.0 -999.0 508.9 170.0 124.4 116.4 124.8 153.7 448.6 432.3 404.8 416.3 388.9 367.1 84.8 76.0 78.8 76.3 73.8 72.2 70.6 69.9 69.7 63.7 58.3 49.0 43.2 22.3 10.3 4.0 3.6 3.5 3.8 2.6 1.7 -0.1 -1.3 -1.0 -1.0 -1.1 -1.1 -1.1 -1.2
-999.0 -999.0 -999.0 -999.0 -999.0 -999.0 -999.0 -999.0 -999.0 -999.0 -999.0 -999.0 -999.0 -999.0 -999.0 -999.0 -999.0 -999.0 -999.0 -999.0 -999.0 -999.0 -999.0 -999.0 -999.0 -999.0 -999.0 -999.0 -999.0 -999.0 -999.0 -999.0 -999.0 -999.0 -999.0 445.2 125.4 116.9 109.1 146.8 445.5 411.7 410.0 381.0 388.9 344.2 368.2 365.2 78.7 75.9 73.7 72.2 70.6 69.9 69.7 63.7 57.7 47.5 30.9 22.3 4.8 3.9 3.6 3.5 3.7 2.4 1.8 -0.2 -1.3 -1.0 -1.0 -1.0 -1.1 -1.1 -1.2
-999.0 -999.0 -999.0 -999.0 -999.0 -999.0 -999.0 -999.0 -999.0 -999.0 -999.0 -999.0 -999.0 -999.0 -999.0 -999.0 -999.0 -999.0 -999.0 -999.0 -999.0 -999.0 -999.0 -999.0 -999.0 -999.0 -999.0 -999.0 -999.0 -999.0 -999.0 -999.0 -999.0 -999.0 -999.0 453.8 446.2 116.8 110.0 107.4 122.3 102.1 404.6 372.9 345.2 367.6 369.5 364.3 78.6 76.4 73.4 72.2 70.6 69.9 69.7 62.8 57.7 47.5 30.9 22.3 3.8 3.7 3.4 3.6 3.7 2.3 1.8 -0.2 -1.4 -1.0 -1.0 -1.1 -1.1 -1.1 -1.2
-999.0 -999.0 -999.0 -999.0 -999.0 -999.0 -999.0 -999.0 -999.0 -999.0 -999.0 -999.0 -999.0 -999.0 -999.0 -999.0 -999.0 -999.0 -999.0 -999.0 -999.0 -999.0 -999.0 -999.0 -999.0 -999.0 -999.0 -999.0 -999.0 -999.0 -999.0 -999.0 -999.0 -999.0 -999.0 -999.0 448.0 116.7 110.0 107.5 105.8 106.3 100.5 97.7 111.4 379.4 367.6 354.0 101.0 96.3 73.6 72.2 70.6 69.9 69.7 62.8 52.5 47.5 27.4 18.9 3.8 3.7 3.4 3.8 3.7 2.2 1.8 -0.2 -1.4 -1.0 -1.0 -1.1 -1.1 -1.1 -1.2
-999.0 -999.0 -999.0 -999.0 -999.0 -999.0 -999.0 -999.0 -999.0 -999.0 -999.0 -999.0 -999.0 -999.0 -999.0 -999.0 -999.0 -999.0 -999.0 -999.0 -999.0 -999.0 -999.0 -999.0 -999.0 -999.0 -999.0 -999.0 -999.0 -999.0 -999.0 -999.0 -999.0 -999.0 -999.0 -999.0 465.4 116.9 110.1 107.4 105.8 102.0 100.5 97.9 101.0 358.5 372.2 98.3 88.8 96.7 73.5 72.1 70.6 69.9 69.6 63.4 51.9 47.5 27.4 17.3 3.8 3.7 3.4 3.8 3.7 2.2 1.8 -0.1 -1.4 -1.0 -1.0 -1.1 -1.1 -1.1 -1.2
-999.0 -999.0 -999.0 -999.0 -999.0 -999.0 -999.0 -999.0 -999.0 -999.0 -999.0 -999.0 -999.0 -999.0 -999.0 -999.0 -999.0 -999.0 -999.0 -999.0 -999.0 -999.0 -999.0 -999.0 -999.0 -999.0 -999.0 -999.0 -999.0 -999.0 -999.0 -999.0 -999.0 -999.0 -999.0 -999.0 -999.0 427.4 109.2 107.5 105.8 102.4 100.3 97.8 95.1 118.0 85.3 76.2 78.9 76.1 73.5 71.9 70.5 69.9 69.6 62.8 51.9 45.9 27.4 15.7 3.7 3.7 3.4 3.8 3.7 2.3 1.8 -0.0 -1.3 -1.0 -1.0 -1.1 -1.1 -1.1 -1.2
-999.0 -999.0 -999.0 -999.0 -999.0 -999.0 -999.0 -999.0 -999.0 -999.0 -999.0 -999.0 -999.0 -999.0 -999.0 -999.0 -999.0 -999.0 -999.0 -999.0 -999.0 -999.0 -999.0 -999.0 -999.0 -999.0 -999.0 -999.0 -999.0 -999.0 -999.0 -999.0 -999.0 -999.0 -999.0 -999.0 -999.0 -999.0 109.9 107.5 105.6 102.3 100.9 97.8 95.2 88.5 85.3 76.2 79.0 76.1 73.5 71.8 70.6 70.0 68.8 62.2 49.4 44.1 27.4 14.2 3.7 3.7 3.4 3.8 3.7 2.3 1.8 -0.1 -1.2 -1.1 -1.0 -1.1 -1.1 -1.1 -1.2
-999.0 -999.0 -999.0 -999.0 -999.0 -999.0 -999.0 -999.0 -999.0 -999.0 -999.0 -999.0 -999.0 -999.0 -999.0 -999.0 -999.0 -999.0 -999.0 -999.0 -999.0 -999.0 -999.0 -999.0 -999.0 -999.0 -999.0 -999.0 -999.0 -999.0 -999.0 -999.0 -999.0 -999.0 -999.0 -999.0 -999.0 -999.0 110.1 107.7 105.8 102.3 101.1 97.9 95.2 88.5 85.2 76.2 78.7 76.1 73.5 71.6 70.7 70.0 68.8 62.2 47.9 44.1 25.9 14.2 3.6 3.8 3.4 3.8 3.7 2.3 1.7 -0.0 -1.0 -1.2 -1.0 -1.1 -1.1 -1.1 -1.2
-999.0 -999.0 -999.0 -999.0 -999.0 -999.0 -999.0 -999.0 -999.0 -999.0 -999.0 -999.0 -999.0 -999.0 -999.0 -999.0 -999.0 -999.0 -999.0 -999.0 -999.0 -999.0 -999.0 -999.0 -999.0 -999.0 -999.0 -999.0 -999.0 -999.0 -999.0 -999.0 -999.0 -999.0 -999.0 -999.0 -999.0 -999.0 -999.0 -999.0 105.8 102.1 100.2 97.9 95.2 87.8 85.2 75.7 78.9 76.5 79.7 71.6 70.6 70.0 68.8 57.0 47.9 33.4 24.3 12.6 3.7 3.8 3.4 3.9 3.7 2.3 1.7 -0.0 -1.0 -1.2 -1.0 -1.1 -1.1 -1.1 -1.2
