GSP_annual_reports_SON_2024_v1/GIS/SON_2023_Spring_Shallow.tif
NCOLS 191
NROWS  209
XLLCORNER 6295515.91401
YLLCORNER 1783415.49397
CELLSIZE 1000.0
NODATA_VALUE -999
[rows 66 to 98 of 209, columns 0 to 74 of 191]
-999.0 -999.0 -999.0 -999.0 -999.0 -999.0 -999.0 -999.0 -999.0 332.6 328.9 323.9 322.4 324.2 328.2 321.8 331.3 356.5 360.7 360.9 366.0 356.3 337.9 324.2 327.0 323.7 314.3 314.4 314.4 314.4 320.0 318.9 318.9 318.7 320.1 322.0 322.5 321.7 321.4 320.2 320.4 320.1 321.0 321.2 320.3 319.7 323.1 326.6 324.6 326.6 321.4 321.3 320.3 321.2 323.0 322.1 318.6 317.3 319.7 320.3 326.6 330.8 335.1 334.1 339.8 346.7 348.9 353.0 354.2 354.6 355.5 356.3 357.1 356.3 492.6
-999.0 -999.0 -999.0 -999.0 -999.0 -999.0 -999.0 -999.0 -999.0 -999.0 337.2 328.9 322.7 324.2 322.7 322.7 324.3 347.1 358.4 358.7 363.9 354.5 352.0 327.7 321.1 314.3 314.4 316.2 314.8 317.2 318.2 318.4 318.6 321.5 322.6 321.7 322.6 321.8 321.0 320.4 321.9 320.1 320.8 320.9 326.1 326.6 323.9 323.9 323.7 323.4 323.7 323.8 325.2 322.8 321.5 313.3 314.6 319.6 322.6 322.7 310.1 317.4 324.2 334.8 334.1 349.3 349.0 353.0 354.0 354.5 354.5 354.6 354.8 355.5 492.2
-999.0 -999.0 -999.0 -999.0 -999.0 -999.0 -999.0 -999.0 -999.0 -999.0 331.7 322.4 332.9 324.4 322.7 322.4 323.6 337.3 360.8 357.1 368.4 361.1 351.3 327.9 323.2 314.4 314.4 314.4 318.7 323.3 318.2 323.3 324.0 323.8 324.0 333.1 322.0 326.9 320.1 320.6 320.4 320.3 326.6 325.8 323.9 323.2 323.8 321.9 322.8 325.9 319.7 321.2 318.3 318.6 315.1 306.4 315.5 322.9 324.2 320.8 302.9 308.6 316.0 319.0 338.5 340.0 346.3 351.6 354.0 354.0 354.4 353.3 354.8 354.8 355.4
-999.0 -999.0 -999.0 -999.0 -999.0 -999.0 -999.0 -999.0 -999.0 -999.0 323.5 322.3 361.7 339.2 333.9 324.5 325.0 349.3 356.9 357.3 365.2 356.7 359.0 338.6 323.0 314.3 314.4 319.0 319.0 322.4 322.3 323.2 322.4 321.7 324.2 322.7 323.2 321.4 321.3 321.4 321.2 325.1 325.2 321.5 322.4 321.8 322.3 325.7 323.2 328.6 319.4 315.9 312.2 310.4 310.7 321.9 319.6 308.1 301.4 302.0 310.9 311.5 316.9 316.8 335.4 337.7 350.3 352.4 352.8 353.8 354.2 354.8 355.2 354.4 356.3
-999.0 -999.0 -999.0 -999.0 -999.0 -999.0 -999.0 -999.0 -999.0 -999.0 323.5 322.5 326.2 357.8 326.1 325.0 333.1 324.0 345.9 355.1 358.4 360.8 360.8 337.2 324.3 314.3 314.4 314.4 323.3 322.2 322.1 324.5 322.7 324.5 322.7 323.2 322.8 321.0 323.2 321.0 326.6 322.9 323.9 323.9 325.8 325.8 323.9 324.7 323.0 325.1 316.0 310.1 309.3 310.7 312.6 316.4 297.4 301.8 304.4 301.2 316.1 307.3 314.9 306.2 336.6 337.7 348.1 351.4 360.7 358.0 355.2 355.5 357.1 357.1 357.4
-999.0 -999.0 -999.0 -999.0 -999.0 -999.0 -999.0 -999.0 -999.0 -999.0 333.2 321.1 368.4 355.6 334.3 320.3 320.0 321.6 346.1 351.8 355.0 360.9 347.9 349.3 334.8 311.9 312.0 312.0 316.5 320.9 319.5 319.9 320.4 320.3 320.8 324.5 320.0 320.4 320.0 322.4 321.1 319.7 321.7 324.8 323.7 321.0 321.2 321.1 310.4 305.7 304.8 306.4 304.9 302.1 289.7 292.1 291.5 295.5 293.7 296.1 296.3 295.2 305.4 312.6 333.6 335.9 486.4 490.4 350.0 355.6 356.6 367.7 354.8 355.1 356.3
-999.0 -999.0 -999.0 -999.0 -999.0 -999.0 -999.0 -999.0 -999.0 -999.0 327.1 341.3 383.3 367.5 334.5 319.5 319.5 321.2 351.7 354.2 353.0 355.8 350.4 348.9 348.4 333.6 311.5 311.6 311.5 321.3 315.8 317.0 315.8 318.5 318.1 319.7 317.5 317.1 329.6 324.2 320.2 319.7 324.4 321.1 321.1 317.7 314.8 299.1 293.0 292.2 291.1 272.4 275.8 274.8 273.4 280.4 284.0 288.1 289.0 288.2 307.9 306.1 299.3 312.9 331.4 335.5 345.2 490.4 371.5 371.1 383.0 360.8 354.7 356.0 355.9
-999.0 -999.0 -999.0 -999.0 -999.0 -999.0 -999.0 -999.0 -999.0 -999.0 -999.0 343.1 361.2 364.9 344.5 318.8 319.6 318.6 345.6 349.9 359.3 346.9 345.6 350.0 340.1 328.5 316.3 314.6 314.1 314.5 314.8 316.5 317.6 318.6 317.6 316.9 317.8 323.0 317.2 317.1 318.9 322.1 319.3 317.6 313.9 306.0 299.1 289.8 287.9 280.7 273.2 272.2 272.1 278.3 276.9 283.0 284.7 285.0 285.7 292.0 288.9 285.2 292.4 303.0 327.8 335.0 345.5 489.4 496.0 582.2 585.3 440.3 358.7 355.3 355.5
-999.0 -999.0 -999.0 -999.0 -999.0 -999.0 -999.0 -999.0 -999.0 -999.0 -999.0 352.4 382.6 376.3 349.1 320.2 318.9 318.6 320.5 342.2 332.2 334.5 338.7 345.4 346.2 330.2 325.3 321.9 311.8 315.1 322.8 318.3 317.6 317.2 317.6 318.8 320.4 319.5 318.9 318.8 321.7 320.9 315.3 314.1 304.6 295.5 294.5 284.9 270.6 272.3 270.1 273.1 273.4 274.4 273.3 274.3 274.4 281.0 286.7 293.8 290.6 291.5 284.5 298.5 321.3 336.2 486.4 494.6 503.8 546.8 605.3 572.8 414.7 356.8 499.8
-999.0 -999.0 -999.0 -999.0 -999.0 -999.0 -999.0 -999.0 -999.0 -999.0 -999.0 369.5 406.5 368.9 356.8 327.9 318.1 327.8 318.1 333.6 347.2 353.7 330.3 343.3 348.8 354.3 326.4 327.8 309.8 311.6 321.6 316.8 318.8 316.4 316.5 316.3 321.4 317.1 320.0 320.4 322.2 319.6 314.2 304.1 304.4 284.6 284.0 270.9 266.6 265.9 271.0 272.6 269.7 268.5 274.9 271.1 276.5 280.4 282.9 288.6 289.1 289.1 284.2 294.9 319.4 337.6 477.7 498.1 517.0 555.5 595.9 576.3 555.4 500.4 500.9
-999.0 -999.0 -999.0 -999.0 -999.0 -999.0 -999.0 -999.0 -999.0 -999.0 -999.0 430.1 429.4 380.2 346.2 321.4 310.8 318.6 313.4 342.4 343.6 348.5 338.1 341.3 345.5 356.4 330.6 331.6 319.2 307.7 306.1 307.8 317.2 310.1 311.6 313.8 312.4 312.8 311.3 314.5 313.2 311.5 301.4 296.8 296.8 282.4 280.5 266.1 266.9 266.1 268.2 271.1 273.1 271.1 271.3 271.5 271.2 274.9 277.3 280.9 287.1 290.0 285.2 292.8 320.5 336.6 342.6 491.6 503.6 557.6 593.3 606.5 574.5 536.2 507.9
-999.0 -999.0 -999.0 -999.0 -999.0 -999.0 -999.0 -999.0 -999.0 -999.0 -999.0 -999.0 382.1 350.7 356.2 353.9 329.8 311.2 311.0 344.5 351.0 350.9 337.9 337.9 342.2 347.2 331.1 312.7 344.6 303.7 306.1 305.9 311.2 310.5 310.9 314.9 310.5 310.6 313.5 314.9 313.3 306.3 298.4 299.6 289.9 282.6 282.7 265.6 265.9 267.8 267.7 270.7 273.6 274.4 275.6 274.5 272.8 274.4 272.8 280.7 281.3 289.0 285.3 293.4 327.9 335.5 479.9 490.9 500.2 537.6 635.3 633.3 641.5 570.2 535.0
-999.0 -999.0 -999.0 -999.0 -999.0 -999.0 -999.0 -999.0 -999.0 -999.0 -999.0 -999.0 -999.0 383.7 366.9 360.1 342.4 325.3 311.0 333.7 342.5 348.3 342.2 339.6 342.2 340.8 349.5 318.8 311.4 307.6 307.4 306.7 303.4 305.1 312.4 312.6 310.0 310.6 313.5 312.8 311.4 305.6 297.6 296.3 287.4 279.7 267.3 270.3 266.8 266.8 268.4 273.7 274.1 276.5 275.8 276.7 274.6 272.2 273.1 276.5 278.4 282.9 283.0 284.2 326.5 466.4 479.8 517.6 527.1 511.5 571.3 621.5 665.3 658.5 589.5
-999.0 -999.0 -999.0 -999.0 -999.0 -999.0 -999.0 -999.0 -999.0 -999.0 -999.0 -999.0 -999.0 -999.0 417.5 380.5 346.2 328.6 312.1 311.8 340.7 346.4 336.8 336.8 337.3 341.7 342.3 314.3 310.0 311.1 307.5 305.0 306.0 304.8 312.4 311.3 309.8 310.0 312.3 312.4 310.9 303.8 299.5 295.5 287.5 278.3 279.8 265.3 266.6 268.7 265.9 269.2 272.1 274.7 271.7 273.6 274.7 274.2 269.7 275.4 270.9 279.0 277.7 283.0 318.1 466.1 489.3 555.6 576.0 591.1 571.4 596.2 675.9 748.8 650.1
-999.0 -999.0 -999.0 -999.0 -999.0 -999.0 -999.0 -999.0 -999.0 -999.0 -999.0 -999.0 -999.0 -999.0 -999.0 381.5 349.4 346.7 332.6 310.0 320.6 345.1 335.3 337.2 345.7 342.7 340.3 329.9 314.5 309.3 313.1 307.2 304.8 307.0 314.8 311.9 311.0 309.3 313.6 312.1 313.6 305.8 297.7 297.2 291.2 279.3 283.7 264.7 265.7 268.2 267.1 268.4 270.4 272.8 274.1 273.3 277.0 272.5 270.0 272.6 275.3 277.3 276.3 283.4 313.7 461.3 492.4 545.7 595.6 644.8 607.9 639.3 680.9 795.5 784.5
-999.0 -999.0 -999.0 -999.0 -999.0 -999.0 -999.0 -999.0 -999.0 -999.0 -999.0 -999.0 -999.0 -999.0 -999.0 411.9 372.4 351.1 342.1 316.9 318.6 308.0 323.3 340.4 341.2 340.9 345.0 318.3 319.3 309.6 309.4 305.4 304.0 309.4 310.3 308.0 309.4 309.7 312.1 311.4 309.8 303.7 301.0 294.6 290.6 280.1 278.3 264.4 265.0 264.9 265.6 264.8 266.1 267.0 269.6 274.5 273.8 269.4 267.6 269.1 270.6 271.5 276.7 278.8 300.9 471.1 495.2 593.5 604.9 719.6 739.2 797.3 803.4 817.3 755.6
-999.0 -999.0 -999.0 -999.0 -999.0 -999.0 -999.0 -999.0 -999.0 -999.0 -999.0 -999.0 -999.0 -999.0 -999.0 375.2 346.7 351.4 322.2 310.2 316.9 310.2 310.2 334.9 339.7 338.4 333.9 322.3 316.9 312.6 308.5 308.9 308.7 308.0 309.8 308.5 309.5 311.3 314.3 310.6 310.0 305.2 300.2 297.2 294.9 286.1 278.0 266.7 263.3 264.7 266.9 265.1 266.8 268.3 271.5 272.1 271.6 270.0 267.8 269.6 269.4 271.6 274.7 279.1 306.7 324.3 499.9 441.4 480.1 678.0 775.5 800.1 878.1 845.4 786.2
-999.0 -999.0 -999.0 -999.0 -999.0 -999.0 -999.0 -999.0 -999.0 -999.0 -999.0 -999.0 -999.0 -999.0 -999.0 339.5 343.5 331.9 319.8 361.9 353.9 339.5 310.9 331.4 335.2 335.6 339.5 337.9 314.4 313.9 307.3 315.7 309.7 309.4 306.7 308.1 308.4 311.1 314.8 312.7 313.3 310.2 299.7 299.0 296.0 291.4 284.7 279.6 264.1 263.4 265.9 266.6 266.0 268.1 268.8 268.8 270.4 270.5 268.0 270.9 269.4 270.4 270.2 293.8 304.6 321.1 340.3 439.0 483.9 706.8 778.4 873.7 912.4 889.8 854.1
-999.0 -999.0 -999.0 -999.0 -999.0 -999.0 -999.0 -999.0 -999.0 -999.0 -999.0 -999.0 -999.0 -999.0 -999.0 363.2 318.9 320.0 354.1 346.0 353.5 341.2 317.1 316.3 334.6 339.3 343.9 324.4 312.9 335.8 307.5 310.0 305.0 304.2 301.8 302.4 306.6 308.2 309.5 309.2 310.0 307.2 296.3 297.0 294.7 287.6 282.8 276.0 263.8 260.0 260.4 262.9 263.1 262.6 262.6 262.0 261.4 265.2 265.9 267.7 268.5 266.9 263.8 290.6 301.2 317.8 333.8 391.1 605.5 482.9 523.8 764.9 886.8 942.2 886.3
-999.0 -999.0 -999.0 -999.0 -999.0 -999.0 -999.0 -999.0 -999.0 -999.0 -999.0 -999.0 -999.0 -999.0 -999.0 319.7 325.3 339.1 345.9 353.1 367.8 342.8 335.8 313.9 343.4 359.1 340.7 335.7 305.4 330.0 325.9 304.8 309.4 303.5 302.0 302.2 306.0 306.0 310.5 309.0 305.9 307.9 299.4 295.9 291.6 295.2 284.6 278.0 275.2 262.6 260.1 260.3 261.6 262.6 260.8 260.8 261.0 263.3 263.4 268.9 267.4 267.0 269.5 295.4 303.3 318.7 332.2 346.9 574.0 635.9 518.9 558.0 866.9 927.4 866.4
-999.0 -999.0 -999.0 -999.0 -999.0 -999.0 -999.0 -999.0 -999.0 -999.0 -999.0 -999.0 -999.0 -999.0 -999.0 -999.0 347.2 398.5 376.5 376.3 374.2 344.9 330.2 322.4 340.1 347.9 341.7 329.4 338.3 339.4 326.7 307.0 310.5 306.8 305.9 305.5 306.4 306.4 309.3 308.7 307.1 303.7 303.8 293.5 294.6 292.4 293.2 284.9 273.2 276.1 259.0 260.0 260.2 260.9 262.1 261.5 261.5 261.9 264.0 265.1 267.4 265.8 282.0 300.2 307.6 322.1 330.3 340.3 377.3 573.6 609.7 712.1 566.5 614.4 873.5
-999.0 -999.0 -999.0 -999.0 -999.0 -999.0 -999.0 -999.0 -999.0 -999.0 -999.0 -999.0 -999.0 -999.0 -999.0 -999.0 395.4 430.9 432.3 430.3 397.1 350.7 343.9 317.4 327.8 349.5 341.1 356.8 341.1 330.9 341.6 330.9 308.8 308.4 303.1 302.5 302.7 303.0 310.3 305.7 304.6 300.3 298.1 289.2 293.7 289.0 290.8 283.2 280.7 275.7 277.0 258.3 258.4 258.0 261.4 260.2 260.3 260.3 264.8 265.9 264.3 267.4 281.3 297.4 301.0 316.1 323.6 326.8 364.7 430.7 628.9 742.0 560.3 607.1 600.8
-999.0 -999.0 -999.0 -999.0 -999.0 -999.0 -999.0 -999.0 -999.0 -999.0 -999.0 -999.0 -999.0 -999.0 -999.0 -999.0 379.6 429.8 433.6 429.5 414.7 372.1 342.3 329.1 336.8 345.2 365.0 347.0 331.1 329.9 327.9 315.3 304.2 304.9 302.6 299.2 299.6 299.5 301.3 301.7 300.7 301.3 295.3 290.7 292.2 286.7 284.1 286.6 278.6 272.0 272.9 270.3 254.6 255.3 258.8 255.8 255.8 258.5 258.0 265.8 260.9 280.4 279.7 294.4 298.3 300.4 314.5 314.0 335.2 423.7 575.5 642.5 697.9 787.8 846.7
-999.0 -999.0 -999.0 -999.0 -999.0 -999.0 -999.0 -999.0 -999.0 -999.0 -999.0 -999.0 -999.0 -999.0 -999.0 -999.0 395.2 416.4 437.9 432.2 434.4 404.4 362.1 334.4 331.3 356.5 376.1 364.6 367.9 335.4 327.1 323.8 319.1 301.2 299.6 295.6 299.7 296.0 298.6 300.0 299.3 297.8 296.4 292.2 283.8 287.0 285.3 282.2 282.3 275.5 267.9 268.5 269.8 256.7 251.2 251.0 253.8 253.8 254.6 256.3 272.0 272.6 276.4 292.6 296.4 297.5 300.6 306.0 323.6 331.1 373.3 478.7 636.1 753.4 758.1
-999.0 -999.0 -999.0 -999.0 -999.0 -999.0 -999.0 -999.0 -999.0 -999.0 -999.0 -999.0 -999.0 -999.0 -999.0 -999.0 433.9 434.9 436.5 422.3 419.7 392.3 335.9 320.4 322.1 338.1 372.3 375.9 400.5 362.2 323.7 323.0 299.0 303.0 297.7 296.7 295.8 294.9 296.2 302.9 300.0 298.0 294.2 292.7 288.0 284.8 287.6 282.8 282.3 282.3 272.2 267.7 267.5 267.8 268.1 257.5 252.8 253.0 258.1 271.0 273.5 274.1 280.2 293.8 295.1 295.5 294.8 298.8 310.6 325.0 346.1 439.8 492.4 510.2 523.4
-999.0 -999.0 -999.0 -999.0 -999.0 -999.0 -999.0 -999.0 -999.0 -999.0 -999.0 -999.0 -999.0 -999.0 -999.0 -999.0 435.6 445.0 445.0 420.2 339.3 336.2 314.8 310.5 310.5 330.2 372.0 391.6 375.3 347.2 314.8 305.7 305.4 304.5 290.3 289.1 288.2 286.2 290.2 292.2 290.6 292.3 290.2 289.0 287.2 279.5 278.0 278.0 274.7 276.1 274.5 266.7 265.4 260.1 261.0 261.5 264.2 261.7 262.2 265.2 266.9 267.2 271.9 286.9 288.3 288.0 289.8 287.3 293.5 300.3 311.4 343.6 388.9 469.3 507.3
-999.0 -999.0 -999.0 -999.0 -999.0 -999.0 -999.0 -999.0 -999.0 -999.0 -999.0 -999.0 -999.0 -999.0 -999.0 -999.0 422.8 451.1 435.5 409.3 359.0 315.1 305.9 357.0 322.9 317.7 357.7 395.2 361.9 322.3 310.2 313.5 313.6 319.0 304.7 303.8 281.5 280.6 292.4 289.3 285.9 285.7 287.9 284.5 280.7 280.4 270.6 270.6 272.4 266.1 271.4 269.0 264.0 260.1 255.5 255.1 255.6 256.4 256.4 261.6 261.2 266.8 268.3 279.2 282.5 281.8 283.7 280.1 280.7 285.4 296.4 317.7 324.7 364.6 589.7
-999.0 -999.0 -999.0 -999.0 -999.0 -999.0 -999.0 -999.0 -999.0 -999.0 -999.0 -999.0 -999.0 -999.0 -999.0 388.6 432.1 416.5 415.9 404.0 328.3 307.4 321.0 357.8 328.5 321.2 342.8 374.3 355.8 328.8 332.1 313.1 317.6 322.4 314.2 297.7 298.8 286.1 278.9 281.2 288.4 286.6 283.4 286.9 289.1 283.4 276.5 268.6 268.4 270.3 265.2 263.8 269.3 266.5 257.8 256.9 253.2 252.3 252.4 258.3 265.0 261.9 263.8 276.4 277.9 279.0 283.9 279.1 277.3 281.0 296.7 300.2 301.6 307.0 345.1
-999.0 -999.0 -999.0 -999.0 -999.0 -999.0 -999.0 -999.0 -999.0 -999.0 -999.0 -999.0 -999.0 -999.0 -999.0 392.9 429.9 413.5 396.5 400.7 345.4 305.4 394.6 405.2 364.6 323.6 340.3 363.0 352.4 297.7 323.1 320.1 309.7 314.0 308.9 304.7 295.0 294.2 274.6 276.5 276.6 279.6 279.7 295.6 297.4 282.2 279.1 275.6 264.9 267.1 266.5 257.1 256.5 256.5 257.3 251.9 248.4 248.4 251.0 261.1 256.5 256.6 257.8 260.1 271.6 271.0 274.3 278.9 273.8 276.1 283.2 280.2 293.3 297.4 301.0
-999.0 -999.0 -999.0 -999.0 -999.0 -999.0 -999.0 -999.0 -999.0 -999.0 -999.0 -999.0 -999.0 -999.0 364.3 414.2 416.1 546.0 510.8 502.8 493.6 315.4 406.9 410.4 410.9 354.5 329.0 364.6 366.7 368.4 312.2 349.0 311.2 307.8 307.3 311.4 299.6 291.6 279.2 281.8 281.7 275.7 277.0 296.3 294.7 291.3 276.4 273.6 272.3 265.6 265.3 265.6 257.9 255.3 255.3 255.1 247.2 247.2 247.8 255.3 256.2 255.3 256.9 256.6 265.5 270.4 271.8 285.1 275.6 274.3 277.4 280.3 283.5 294.8 297.4
-999.0 -999.0 -999.0 -999.0 -999.0 -999.0 -999.0 -999.0 -999.0 -999.0 -999.0 -999.0 -999.0 -999.0 468.9 452.9 432.8 627.3 578.1 505.1 591.4 305.2 422.1 417.7 422.6 423.3 387.1 386.8 390.8 383.9 374.1 379.2 308.2 305.9 306.7 293.2 292.7 284.9 276.5 275.1 265.9 268.0 270.9 268.1 270.1 269.2 269.7 271.1 266.7 266.2 259.0 259.3 259.8 252.7 249.0 249.0 252.2 248.7 249.9 248.9 249.0 249.3 248.9 252.0 258.8 260.8 265.7 271.8 270.0 266.4 268.9 273.9 271.3 277.2 288.0
-999.0 -999.0 -999.0 -999.0 -999.0 -999.0 -999.0 -999.0 -999.0 -999.0 -999.0 -999.0 -999.0 427.9 468.7 461.8 463.5 654.8 545.9 621.6 623.3 539.9 399.9 428.8 423.3 421.0 417.4 420.5 414.0 413.6 347.3 318.5 294.6 293.0 296.0 282.4 287.7 285.2 262.4 257.3 258.1 255.1 254.9 258.5 258.7 269.9 270.3 268.3 259.7 256.7 255.9 247.2 248.9 248.9 244.3 243.5 236.8 238.9 241.4 241.4 238.9 239.2 238.8 240.7 240.3 249.3 254.5 261.8 262.0 257.0 256.1 259.4 263.4 265.4 273.1
-999.0 -999.0 -999.0 -999.0 -999.0 -999.0 -999.0 -999.0 -999.0 -999.0 -999.0 -999.0 -999.0 608.6 457.5 490.4 742.2 627.9 591.1 656.3 660.6 587.4 382.5 452.0 461.7 386.7 334.9 383.7 416.0 369.7 322.9 327.2 293.7 295.8 293.1 280.1 261.0 261.9 265.2 255.9 265.5 271.5 251.4 250.8 254.5 257.7 271.9 274.4 257.8 255.5 254.5 253.4 248.6 247.9 245.3 256.1 236.8 237.2 236.6 235.6 236.6 236.3 236.1 236.4 237.7 245.4 251.2 252.5 257.7 257.5 252.3 254.3 261.1 263.1 264.9
