GSP_annual_reports_SON_2024_v1/GIS/SON_2023_Fall_Shallow.tif
NCOLS 191
NROWS  209
XLLCORNER 6295515.91401
YLLCORNER 1783415.49397
CELLSIZE 1000.0
NODATA_VALUE -999
[rows 99 to 131 of 209, columns 0 to 74 of 191]
-999.0 -999.0 -999.0 -999.0 -999.0 -999.0 -999.0 -999.0 -999.0 -999.0 -999.0 -999.0 -999.0 592.3 621.1 467.4 707.4 618.5 621.3 695.3 673.8 388.9 422.7 453.5 440.5 404.0 330.1 350.4 391.2 357.8 315.8 326.6 296.4 286.3 274.3 273.0 267.0 250.0 260.2 276.7 270.2 259.9 248.8 249.2 247.5 245.3 262.5 261.4 256.9 250.3 252.1 249.4 249.4 248.3 238.6 238.3 240.1 238.6 231.6 232.9 232.9 229.6 228.9 230.9 231.1 235.0 242.9 244.6 253.0 252.6 247.9 248.8 253.0 260.9 258.8
-999.0 -999.0 -999.0 -999.0 -999.0 -999.0 -999.0 -999.0 -999.0 -999.0 -999.0 -999.0 -999.0 652.9 673.0 660.9 771.7 652.9 714.6 717.7 628.2 381.1 459.7 461.0 431.2 314.7 287.3 297.4 333.6 388.0 328.9 294.3 306.9 291.0 294.7 262.1 272.3 261.6 287.6 289.8 305.6 275.2 262.1 261.5 259.8 260.6 278.7 283.2 262.5 264.6 274.5 264.0 264.1 262.1 265.2 256.3 250.5 250.5 251.3 252.7 253.3 246.2 244.4 246.1 246.3 246.3 253.7 255.6 263.4 264.7 269.9 260.4 270.9 274.6 271.9
-999.0 -999.0 -999.0 -999.0 -999.0 -999.0 -999.0 -999.0 -999.0 -999.0 -999.0 -999.0 -999.0 736.4 754.9 822.3 830.2 793.5 787.1 787.7 684.4 445.8 458.5 463.6 427.6 418.6 390.8 282.2 272.5 305.1 287.1 282.8 281.6 278.0 255.3 254.4 284.8 270.8 268.1 280.8 282.2 279.3 293.2 265.3 255.3 253.6 253.4 279.7 264.4 258.4 252.6 255.1 253.6 251.6 264.0 250.1 253.0 253.1 245.6 245.7 244.7 244.5 243.6 244.4 239.8 239.8 241.0 246.8 253.2 255.2 255.9 254.4 254.4 260.3 267.9
-999.0 -999.0 -999.0 -999.0 -999.0 -999.0 -999.0 -999.0 -999.0 -999.0 -999.0 -999.0 -999.0 627.4 748.1 702.9 755.8 895.6 874.1 726.0 657.1 468.4 456.9 467.0 454.6 413.0 384.0 371.6 308.2 297.4 257.6 255.8 254.1 256.0 278.0 285.3 301.3 287.5 280.2 278.8 287.4 270.2 273.9 270.1 258.1 257.5 262.4 266.1 279.1 265.5 248.2 249.4 252.1 251.6 253.1 253.1 258.6 251.2 252.7 252.4 249.2 245.9 244.1 244.9 244.1 244.1 239.3 245.3 253.3 253.4 254.8 252.5 253.1 257.1 268.2
-999.0 -999.0 -999.0 -999.0 -999.0 -999.0 -999.0 -999.0 -999.0 -999.0 -999.0 -999.0 -999.0 596.1 676.2 637.7 731.5 881.8 864.7 897.1 887.0 809.7 792.5 471.8 472.6 448.6 451.1 398.3 367.8 304.2 261.6 329.0 271.2 256.1 296.0 326.4 322.8 302.7 288.4 281.9 291.7 282.5 284.4 278.5 263.8 256.0 258.1 256.8 281.9 300.6 277.8 263.8 246.7 249.7 249.4 252.8 252.3 252.0 251.5 249.4 251.8 252.3 249.6 243.6 244.4 243.5 243.4 246.3 252.7 248.5 251.5 255.3 250.9 259.1 265.1
-999.0 -999.0 -999.0 -999.0 -999.0 -999.0 -999.0 -999.0 -999.0 -999.0 -999.0 -999.0 -999.0 310.0 365.7 591.5 697.8 800.5 858.4 898.5 891.1 801.3 673.4 660.7 684.0 435.5 444.5 408.1 360.5 304.5 270.1 313.2 359.9 254.6 284.2 295.2 306.8 333.4 300.8 294.6 291.7 280.5 262.0 295.9 296.4 280.8 263.8 268.8 255.9 280.0 278.2 284.9 251.1 251.4 245.8 249.5 247.5 251.4 250.1 250.6 251.2 247.9 247.7 249.4 249.0 243.0 241.0 241.8 250.0 251.7 251.8 253.6 254.4 257.5 287.9
-999.0 -999.0 -999.0 -999.0 -999.0 -999.0 -999.0 -999.0 -999.0 -999.0 -999.0 -999.0 -999.0 291.6 289.8 315.6 558.7 638.1 676.2 699.9 811.6 692.7 622.2 566.5 585.8 604.5 403.4 395.4 324.4 394.0 291.2 308.6 348.4 315.7 261.9 287.9 278.9 296.0 301.5 311.4 303.9 306.6 284.6 285.9 292.1 287.5 289.9 281.0 269.4 273.7 270.5 272.5 275.3 261.3 246.6 247.3 247.0 243.0 247.9 249.4 250.0 248.9 248.8 245.9 248.7 246.9 247.5 249.1 249.4 245.5 248.4 247.7 267.2 264.4 269.5
-999.0 -999.0 -999.0 -999.0 -999.0 -999.0 -999.0 -999.0 -999.0 -999.0 -999.0 -999.0 -999.0 279.1 271.9 311.6 372.1 301.6 530.4 555.8 637.7 674.7 634.4 534.9 309.9 343.9 408.3 378.7 352.8 355.9 335.2 289.6 378.2 340.9 309.8 279.2 299.0 342.2 309.0 334.3 286.5 284.0 281.8 285.0 288.2 281.8 273.7 284.3 273.3 271.7 280.0 274.1 253.1 249.3 247.9 247.0 244.6 243.6 241.8 240.0 242.7 242.7 243.6 243.5 242.4 241.2 243.8 243.6 244.1 243.1 244.9 245.7 259.6 255.0 262.7
-999.0 -999.0 -999.0 -999.0 -999.0 -999.0 -999.0 -999.0 -999.0 -999.0 -999.0 -999.0 -999.0 -999.0 287.4 303.0 394.2 318.1 273.1 287.7 502.9 553.5 581.3 529.1 334.6 324.5 383.7 407.1 448.8 341.7 392.1 288.4 321.7 386.9 306.6 267.1 303.5 308.6 393.2 337.3 317.8 286.1 287.6 298.1 273.6 264.5 272.3 268.7 254.5 261.4 268.2 277.2 261.1 265.0 241.8 244.1 247.1 244.7 244.4 242.1 240.3 238.4 239.3 241.3 241.9 240.2 242.1 241.1 241.1 239.5 243.9 240.9 250.6 256.5 256.9
-999.0 -999.0 -999.0 -999.0 -999.0 -999.0 -999.0 -999.0 -999.0 -999.0 -999.0 -999.0 -999.0 -999.0 282.8 350.5 370.1 310.3 249.9 296.2 361.0 301.6 503.9 540.7 360.3 289.3 348.2 391.5 413.1 403.4 338.5 388.4 300.0 320.4 321.4 285.8 289.7 307.6 389.4 383.9 362.7 332.1 301.5 319.9 269.3 290.5 251.4 250.9 486.1 536.3 521.8 502.3 240.4 234.5 235.9 235.9 261.6 234.5 239.4 238.5 244.5 234.7 230.4 226.6 229.2 229.1 232.2 230.7 229.1 228.3 231.0 237.0 240.1 245.7 247.2
-999.0 -999.0 -999.0 -999.0 -999.0 -999.0 -999.0 -999.0 -999.0 -999.0 -999.0 -999.0 -999.0 -999.0 -999.0 311.6 295.7 261.2 271.5 312.3 385.8 351.9 317.6 234.8 266.3 266.8 271.6 295.9 392.1 384.9 415.0 412.7 412.6 339.4 340.3 300.6 305.2 317.6 390.3 400.5 388.7 342.2 380.7 377.5 297.1 290.2 293.2 246.7 530.4 566.5 537.0 585.9 544.2 525.6 482.7 501.0 271.6 235.3 242.1 233.9 252.8 258.9 234.7 232.7 231.7 229.4 229.8 231.0 231.2 230.2 231.8 237.2 239.3 240.9 248.2
-999.0 -999.0 -999.0 -999.0 -999.0 -999.0 -999.0 -999.0 -999.0 -999.0 -999.0 -999.0 -999.0 -999.0 -999.0 -999.0 289.1 254.0 261.1 294.9 393.5 385.5 296.9 260.5 231.0 233.4 240.6 256.8 279.5 283.2 310.7 441.8 444.4 406.5 380.4 374.5 288.8 289.2 314.2 376.8 385.9 386.0 385.5 368.3 371.7 354.5 278.0 259.7 279.4 591.8 562.6 595.0 589.0 550.1 517.7 509.8 519.4 551.6 243.1 255.0 258.3 230.2 236.9 236.4 232.1 230.1 227.6 228.0 225.7 225.6 228.9 229.2 233.6 235.9 245.9
-999.0 -999.0 -999.0 -999.0 -999.0 -999.0 -999.0 -999.0 -999.0 -999.0 -999.0 -999.0 -999.0 -999.0 -999.0 -999.0 -999.0 229.9 259.2 276.2 275.3 293.5 266.3 228.4 229.6 264.6 259.6 228.5 243.7 258.9 309.9 342.1 452.8 406.7 346.4 278.2 238.2 242.8 272.0 277.9 301.5 312.7 374.6 365.3 326.6 290.5 282.4 252.9 265.1 536.8 635.6 590.8 581.5 525.6 516.8 489.0 504.0 513.7 509.3 250.4 256.1 246.6 229.1 230.9 235.3 234.6 231.2 230.2 229.3 237.5 242.3 232.2 230.4 237.1 243.3
-999.0 -999.0 -999.0 -999.0 -999.0 -999.0 -999.0 -999.0 -999.0 -999.0 -999.0 -999.0 -999.0 -999.0 -999.0 -999.0 -999.0 -999.0 237.8 278.7 283.7 254.7 239.7 232.7 260.6 290.8 285.6 237.8 295.8 268.2 328.8 355.8 356.0 351.1 275.4 255.3 301.5 296.3 290.7 300.7 287.9 291.3 327.1 298.8 292.7 275.0 262.5 254.6 267.0 285.6 324.9 365.8 368.9 596.2 563.1 522.9 556.7 548.9 570.0 262.5 246.4 256.5 236.4 238.1 256.1 238.2 238.7 243.4 236.8 233.6 237.3 233.0 234.7 238.5 238.6
-999.0 -999.0 -999.0 -999.0 -999.0 -999.0 -999.0 -999.0 -999.0 -999.0 -999.0 -999.0 -999.0 -999.0 -999.0 -999.0 -999.0 -999.0 -999.0 -999.0 270.2 245.5 225.5 240.9 248.4 281.3 302.9 272.8 281.1 293.6 303.1 279.1 572.9 574.7 233.2 308.0 358.3 438.6 365.2 668.2 644.4 650.4 591.8 593.9 579.4 275.6 271.6 274.7 263.7 271.4 279.8 318.3 298.6 278.9 267.0 537.3 327.8 302.6 280.4 557.2 537.7 238.2 264.2 249.7 249.1 234.7 234.6 235.4 232.9 239.5 238.5 233.0 234.4 233.3 233.7
-999.0 -999.0 -999.0 -999.0 -999.0 -999.0 -999.0 -999.0 -999.0 -999.0 -999.0 -999.0 -999.0 -999.0 -999.0 -999.0 -999.0 -999.0 -999.0 -999.0 240.2 229.7 221.9 235.7 260.1 296.5 361.2 319.7 263.7 265.4 237.8 250.4 578.2 553.1 565.9 316.5 375.8 420.2 754.0 759.8 744.1 686.3 732.6 712.0 671.8 619.9 296.1 278.3 280.4 293.6 282.6 275.4 285.3 270.6 260.6 271.8 285.0 323.3 292.6 291.7 303.0 251.3 286.3 261.2 261.1 252.4 235.1 245.6 232.4 232.4 249.5 232.4 235.4 237.2 236.2
-999.0 -999.0 -999.0 -999.0 -999.0 -999.0 -999.0 -999.0 -999.0 -999.0 -999.0 -999.0 -999.0 -999.0 -999.0 -999.0 -999.0 -999.0 -999.0 -999.0 -999.0 230.3 245.9 251.2 271.8 289.8 304.8 383.6 306.4 240.8 231.7 232.2 246.2 530.1 592.2 313.9 363.6 427.6 447.9 461.5 769.6 746.8 765.5 748.1 741.8 744.2 671.8 597.7 273.7 345.5 335.6 291.2 261.8 265.1 253.0 267.9 286.7 361.7 327.0 293.1 271.8 273.6 278.1 268.3 254.0 239.8 233.5 231.1 231.1 229.6 231.1 231.8 233.4 230.0 233.0
-999.0 -999.0 -999.0 -999.0 -999.0 -999.0 -999.0 -999.0 -999.0 -999.0 -999.0 -999.0 -999.0 -999.0 -999.0 -999.0 -999.0 -999.0 -999.0 -999.0 -999.0 -999.0 240.4 250.2 245.3 233.4 261.3 275.8 276.9 227.7 226.2 226.5 226.5 238.2 589.1 369.8 418.7 432.3 434.4 396.3 369.2 371.8 364.2 660.0 704.9 707.6 749.5 687.8 641.1 350.7 371.0 287.8 267.2 254.2 251.8 253.3 262.2 278.4 370.6 317.3 279.6 266.7 318.8 287.5 273.7 230.5 231.0 228.9 227.1 227.1 227.1 227.2 226.2 229.0 228.2
-999.0 -999.0 -999.0 -999.0 -999.0 -999.0 -999.0 -999.0 -999.0 -999.0 -999.0 -999.0 -999.0 -999.0 -999.0 -999.0 -999.0 -999.0 -999.0 -999.0 -999.0 -999.0 -999.0 -999.0 226.3 223.4 231.9 238.7 243.2 222.6 223.4 236.4 253.6 265.7 239.3 610.2 358.7 437.6 434.2 759.0 624.8 349.2 379.3 343.8 379.9 622.3 695.4 770.4 702.8 690.1 401.4 331.8 315.8 290.2 254.8 264.5 252.6 262.1 343.8 379.5 335.2 299.5 322.3 272.1 232.5 264.8 256.3 233.1 225.6 226.1 226.2 224.8 240.3 226.1 227.7
-999.0 -999.0 -999.0 -999.0 -999.0 -999.0 -999.0 -999.0 -999.0 -999.0 -999.0 -999.0 -999.0 -999.0 -999.0 -999.0 -999.0 -999.0 -999.0 -999.0 -999.0 -999.0 -999.0 -999.0 -999.0 -999.0 225.2 219.9 219.4 223.4 264.1 257.5 293.4 355.7 307.3 275.2 620.0 715.8 644.5 698.1 651.5 693.1 678.3 657.1 328.7 301.1 357.1 745.9 757.1 752.0 764.1 376.4 337.8 292.8 260.5 296.3 284.2 248.1 283.2 314.4 349.4 302.1 267.9 241.6 267.1 292.4 278.8 247.1 238.5 226.2 228.5 225.7 227.0 226.8 241.2
-999.0 -999.0 -999.0 -999.0 -999.0 -999.0 -999.0 -999.0 -999.0 -999.0 -999.0 -999.0 -999.0 -999.0 -999.0 -999.0 -999.0 -999.0 -999.0 -999.0 -999.0 -999.0 -999.0 -999.0 -999.0 -999.0 -999.0 217.0 216.9 233.7 282.0 327.9 350.9 369.7 274.3 376.9 364.4 606.1 702.0 579.0 616.5 564.5 554.7 569.9 553.9 280.6 329.7 397.0 755.0 725.9 697.6 698.7 630.0 644.0 262.3 289.8 261.4 251.1 245.8 252.7 268.6 273.5 569.9 574.4 339.0 318.8 271.8 265.6 234.0 221.3 223.5 220.1 229.0 231.9 227.7
-999.0 -999.0 -999.0 -999.0 -999.0 -999.0 -999.0 -999.0 -999.0 -999.0 -999.0 -999.0 -999.0 -999.0 -999.0 -999.0 -999.0 -999.0 -999.0 -999.0 -999.0 -999.0 -999.0 -999.0 -999.0 -999.0 -999.0 -999.0 -999.0 226.9 238.0 257.5 315.1 301.3 258.4 280.0 371.2 271.4 571.9 584.2 594.0 685.1 702.0 647.7 379.4 342.0 355.5 378.0 400.6 686.3 756.7 643.0 648.7 637.6 626.1 571.5 293.8 271.5 243.6 236.6 240.4 236.5 270.9 603.3 636.2 643.9 269.5 253.9 244.4 223.3 223.1 219.7 234.0 231.5 222.0
-999.0 -999.0 -999.0 -999.0 -999.0 -999.0 -999.0 -999.0 -999.0 -999.0 -999.0 -999.0 -999.0 -999.0 -999.0 -999.0 -999.0 -999.0 -999.0 -999.0 -999.0 -999.0 -999.0 -999.0 -999.0 -999.0 -999.0 -999.0 -999.0 -999.0 -999.0 -999.0 247.7 254.1 233.8 252.7 320.6 270.7 231.4 222.6 618.8 689.9 768.1 749.7 701.8 367.2 301.2 374.6 293.6 369.2 612.8 596.4 312.9 283.5 313.0 279.6 261.4 245.9 226.2 241.4 234.3 224.3 244.4 243.0 594.1 704.2 647.5 292.6 270.7 223.8 221.3 228.5 228.9 239.1 214.8
-999.0 -999.0 -999.0 -999.0 -999.0 -999.0 -999.0 -999.0 -999.0 -999.0 -999.0 -999.0 -999.0 -999.0 -999.0 -999.0 -999.0 -999.0 -999.0 -999.0 -999.0 -999.0 -999.0 -999.0 -999.0 -999.0 -999.0 -999.0 -999.0 -999.0 -999.0 -999.0 -999.0 258.1 220.1 220.1 259.2 251.0 228.8 217.6 263.6 265.8 621.3 758.9 752.3 649.3 288.6 342.0 297.4 252.2 257.1 296.8 256.3 255.9 232.5 220.3 217.6 229.4 249.7 256.3 252.2 240.3 224.2 224.2 231.9 314.6 630.0 580.5 295.1 251.1 241.3 224.1 223.4 218.7 237.7
-999.0 -999.0 -999.0 -999.0 -999.0 -999.0 -999.0 -999.0 -999.0 -999.0 -999.0 -999.0 -999.0 -999.0 -999.0 -999.0 -999.0 -999.0 -999.0 -999.0 -999.0 -999.0 -999.0 -999.0 -999.0 -999.0 -999.0 -999.0 -999.0 -999.0 -999.0 -999.0 -999.0 -999.0 265.1 219.3 261.9 244.7 217.6 219.3 219.2 257.3 300.2 374.6 621.0 632.9 557.1 297.1 289.1 241.5 249.9 247.5 229.3 218.9 219.0 218.5 229.6 257.7 271.4 276.4 243.3 226.4 217.6 219.7 218.3 238.4 576.0 679.1 636.7 272.8 251.0 222.9 222.9 217.6 217.6
-999.0 -999.0 -999.0 -999.0 -999.0 -999.0 -999.0 -999.0 -999.0 -999.0 -999.0 -999.0 -999.0 -999.0 -999.0 -999.0 -999.0 -999.0 -999.0 -999.0 -999.0 -999.0 -999.0 -999.0 -999.0 -999.0 -999.0 -999.0 -999.0 -999.0 -999.0 -999.0 -999.0 -999.0 -999.0 -999.0 232.2 231.5 219.5 242.9 273.1 265.2 345.9 376.3 278.2 256.7 538.2 576.5 585.1 561.5 555.4 553.3 227.4 219.7 219.5 220.5 234.4 250.5 291.1 268.4 258.5 243.1 221.0 220.7 216.6 223.9 225.4 234.4 618.9 314.1 245.8 227.6 229.0 220.5 218.2
-999.0 -999.0 -999.0 -999.0 -999.0 -999.0 -999.0 -999.0 -999.0 -999.0 -999.0 -999.0 -999.0 -999.0 -999.0 -999.0 -999.0 -999.0 -999.0 -999.0 -999.0 -999.0 -999.0 -999.0 -999.0 -999.0 -999.0 -999.0 -999.0 -999.0 -999.0 -999.0 -999.0 -999.0 -999.0 -999.0 -999.0 -999.0 -999.0 269.3 310.6 349.1 641.8 618.9 367.8 596.3 539.3 565.5 578.4 573.1 568.1 539.0 539.0 220.6 220.6 220.4 220.4 242.2 252.7 247.5 228.8 233.8 220.3 225.2 221.4 213.0 213.8 216.0 226.5 233.9 243.5 232.9 228.8 238.5 225.1
-999.0 -999.0 -999.0 -999.0 -999.0 -999.0 -999.0 -999.0 -999.0 -999.0 -999.0 -999.0 -999.0 -999.0 -999.0 -999.0 -999.0 -999.0 -999.0 -999.0 -999.0 -999.0 -999.0 -999.0 -999.0 -999.0 -999.0 -999.0 -999.0 -999.0 -999.0 -999.0 -999.0 -999.0 -999.0 -999.0 -999.0 -999.0 -999.0 -999.0 -999.0 -999.0 644.5 592.4 655.6 588.2 545.0 551.0 548.9 551.0 591.6 623.0 579.0 224.4 220.7 218.0 226.4 245.9 235.5 229.3 226.4 219.6 219.7 218.2 212.3 209.7 208.6 207.9 208.5 211.6 227.4 217.7 230.5 218.9 222.4
-999.0 -999.0 -999.0 -999.0 -999.0 -999.0 -999.0 -999.0 -999.0 -999.0 -999.0 -999.0 -999.0 -999.0 -999.0 -999.0 -999.0 -999.0 -999.0 -999.0 -999.0 -999.0 -999.0 -999.0 -999.0 -999.0 -999.0 -999.0 -999.0 -999.0 -999.0 -999.0 -999.0 -999.0 -999.0 -999.0 -999.0 -999.0 -999.0 -999.0 -999.0 -999.0 -999.0 -999.0 596.2 576.0 227.8 215.9 217.9 219.4 233.2 236.5 249.8 241.0 218.9 237.6 231.0 253.9 244.9 262.2 244.9 223.4 224.9 216.5 215.0 209.9 208.4 206.3 203.4 207.2 208.1 206.8 206.9 218.3 208.1
-999.0 -999.0 -999.0 -999.0 -999.0 -999.0 -999.0 -999.0 -999.0 -999.0 -999.0 -999.0 -999.0 -999.0 -999.0 -999.0 -999.0 -999.0 -999.0 -999.0 -999.0 -999.0 -999.0 -999.0 -999.0 -999.0 -999.0 -999.0 -999.0 -999.0 -999.0 -999.0 -999.0 -999.0 -999.0 -999.0 -999.0 -999.0 -999.0 -999.0 -999.0 -999.0 -999.0 -999.0 -999.0 573.9 214.6 216.7 216.6 221.9 253.0 292.9 255.1 224.3 220.6 266.4 303.0 254.3 254.4 237.9 260.4 245.7 217.8 222.7 216.7 212.6 204.9 202.9 202.8 201.7 200.2 205.8 202.6 205.4 205.4
-999.0 -999.0 -999.0 -999.0 -999.0 -999.0 -999.0 -999.0 -999.0 -999.0 -999.0 -999.0 -999.0 -999.0 -999.0 -999.0 -999.0 -999.0 -999.0 -999.0 -999.0 -999.0 -999.0 -999.0 -999.0 -999.0 -999.0 -999.0 -999.0 -999.0 -999.0 -999.0 -999.0 -999.0 -999.0 -999.0 -999.0 -999.0 -999.0 -999.0 -999.0 -999.0 -999.0 -999.0 -999.0 214.0 214.0 213.0 215.1 226.5 274.3 316.9 257.9 215.7 266.9 268.2 271.1 320.3 246.6 228.4 229.1 252.6 241.2 227.7 214.8 214.0 210.0 202.1 200.6 199.4 200.1 198.0 204.1 204.6 201.9
-999.0 -999.0 -999.0 -999.0 -999.0 -999.0 -999.0 -999.0 -999.0 -999.0 -999.0 -999.0 -999.0 -999.0 -999.0 -999.0 -999.0 -999.0 -999.0 -999.0 -999.0 -999.0 -999.0 -999.0 -999.0 -999.0 -999.0 -999.0 -999.0 -999.0 -999.0 -999.0 -999.0 -999.0 -999.0 -999.0 -999.0 -999.0 -999.0 -999.0 -999.0 -999.0 -999.0 -999.0 212.5 213.7 219.1 232.4 238.2 228.1 284.6 288.3 258.3 276.8 266.4 317.2 355.3 266.9 248.9 287.6 227.7 215.4 241.6 239.9 212.3 213.0 210.2 206.4 199.3 198.2 206.4 230.4 198.1 199.6 204.9
-999.0 -999.0 -999.0 -999.0 -999.0 -999.0 -999.0 -999.0 -999.0 -999.0 -999.0 -999.0 -999.0 -999.0 -999.0 -999.0 -999.0 -999.0 -999.0 -999.0 -999.0 -999.0 -999.0 -999.0 -999.0 -999.0 -999.0 -999.0 -999.0 -999.0 -999.0 -999.0 -999.0 -999.0 -999.0 -999.0 -999.0 -999.0 -999.0 -999.0 -999.0 -999.0 -999.0 -999.0 208.3 226.6 252.8 287.6 289.3 314.0 324.7 288.4 317.7 332.8 269.5 360.9 311.2 241.9 250.6 235.0 234.0 248.3 215.0 211.1 210.1 218.4 202.1 201.0 195.6 195.6 201.4 225.4 204.5 192.9 195.6
