GSP_annual_reports_SON_2024_v1/GIS/SON_2023_Spring_Shallow.tif
NCOLS 191
NROWS  209
XLLCORNER 6295515.91401
YLLCORNER 1783415.49397
CELLSIZE 1000.0
NODATA_VALUE -999
[rows 132 to 164 of 209, columns 75 to 149 of 191]
202.0 197.7 197.8 200.3 197.7 203.3 205.5 206.1 209.8 212.3 216.3 217.4 218.2 221.7 217.6 239.9 219.0 218.1 256.0 238.6 262.3 283.1 274.5 294.5 293.1 328.6 265.4 319.8 725.6 727.4 778.7 771.7 745.0 737.9 766.5 680.6 678.8 669.9 637.4 575.6 499.4 442.4 399.8 369.4 98.4 84.4 72.3 67.0 60.3 51.5 51.3 52.6 48.5 44.3 40.7 37.7 36.4 32.2 31.1 30.4 30.4 30.6 33.5 33.3 35.5 32.8 30.0 32.5 30.1 31.8 38.4 57.8 65.0 73.2 81.2
197.5 198.2 197.2 197.9 198.8 198.8 203.8 203.4 207.2 212.5 214.6 218.2 217.6 217.6 217.4 217.9 217.4 217.1 215.3 217.4 226.4 280.4 264.2 270.7 259.2 305.9 266.8 311.8 319.3 366.3 748.6 770.7 706.1 764.3 768.6 753.7 678.5 602.7 661.8 602.5 506.2 451.7 436.4 350.9 278.3 116.6 76.9 58.2 63.6 54.0 55.3 53.8 46.6 43.0 40.9 39.3 36.3 33.0 31.1 30.5 26.8 24.6 24.6 27.2 30.9 27.9 32.1 31.8 25.6 29.7 38.1 49.4 67.2 73.7 81.2
189.0 191.1 189.1 189.1 189.6 191.3 193.2 195.9 199.1 200.4 203.4 206.6 207.9 211.3 214.8 210.9 209.2 211.6 211.4 211.0 211.4 233.6 255.0 256.9 232.4 247.9 246.8 286.9 247.2 324.6 335.2 706.3 649.8 741.0 700.5 739.8 740.2 665.4 604.3 588.3 520.5 416.9 377.3 315.6 295.2 138.1 116.4 80.6 62.7 54.0 53.7 48.3 48.0 44.0 41.1 38.1 35.6 33.8 29.4 29.7 24.7 22.3 22.4 21.7 22.4 22.2 27.3 24.7 33.0 70.8 46.0 51.2 74.4 74.4 78.7
210.8 212.7 209.6 187.7 199.4 188.6 190.3 192.1 194.6 196.5 198.8 201.9 208.1 208.7 210.7 210.4 211.3 210.3 211.7 211.3 211.3 211.4 215.9 224.5 236.2 246.6 245.3 250.9 248.4 290.1 275.3 271.7 337.6 343.2 713.4 632.9 641.3 671.4 703.0 683.0 545.5 433.9 404.9 302.0 270.9 252.1 163.7 72.9 63.8 55.8 53.2 47.7 43.8 41.3 39.9 35.5 31.0 31.1 26.9 25.9 23.7 21.8 21.7 20.2 19.9 20.1 19.9 21.3 26.1 69.5 36.2 53.8 76.6 74.2 86.0
220.4 209.7 233.6 187.3 188.0 201.3 188.9 190.8 192.5 195.6 197.2 198.4 199.3 203.5 203.7 207.8 207.9 211.2 214.2 210.5 212.4 213.2 214.3 219.2 219.2 217.4 216.5 223.3 220.2 248.6 259.4 265.5 281.6 271.8 318.2 603.8 598.3 605.7 618.0 601.7 593.1 469.3 395.7 301.0 329.0 273.6 153.3 95.4 61.1 55.0 49.5 46.7 40.4 41.1 39.3 37.4 28.1 28.2 26.1 23.6 21.1 19.6 19.8 19.4 17.7 19.3 17.3 15.4 17.8 27.6 51.9 69.0 74.8 74.7 77.3
220.8 234.7 223.9 216.4 188.4 185.3 187.5 187.5 188.8 190.1 190.0 194.8 198.1 198.1 206.0 201.4 205.1 204.7 207.3 207.3 210.1 212.7 212.3 226.9 213.3 210.7 210.7 210.1 219.0 219.7 248.6 252.6 245.4 241.1 277.4 324.6 609.4 563.0 589.2 577.5 598.2 523.6 472.4 328.7 299.8 331.2 259.2 78.1 59.3 57.4 47.2 42.4 39.5 35.6 34.5 29.7 27.3 24.9 24.9 22.3 19.6 18.0 16.8 16.5 16.8 15.9 17.2 14.1 14.1 14.2 28.5 66.9 61.3 72.3 76.3
214.3 215.5 215.4 192.7 202.0 215.3 187.1 184.9 188.1 187.9 188.4 190.2 190.2 194.0 195.4 196.9 202.0 201.8 201.1 205.8 208.2 208.8 209.7 212.7 211.0 213.1 213.2 219.9 211.9 209.7 229.7 244.3 233.2 228.6 243.3 249.3 265.6 535.4 503.4 516.3 544.5 552.5 514.7 447.1 294.4 326.3 254.4 78.8 60.4 53.9 45.5 40.8 37.5 37.1 29.5 29.0 25.6 24.6 21.3 21.6 19.3 18.4 15.9 16.9 16.5 15.2 14.5 11.0 13.3 12.0 18.0 27.1 69.7 68.5 77.8
209.7 209.7 212.7 223.8 206.6 187.9 186.3 184.1 193.6 187.0 188.0 188.2 189.1 190.0 189.0 194.5 196.6 197.4 200.1 199.3 205.0 207.4 218.6 208.5 210.3 210.8 208.8 231.4 234.4 244.3 243.2 219.9 220.4 217.5 214.4 201.2 185.8 199.6 204.7 456.1 523.0 527.7 533.4 450.9 359.0 257.0 271.1 196.4 55.4 56.7 46.9 39.9 36.2 34.7 34.0 26.9 21.8 21.6 19.8 18.6 18.1 18.1 17.4 15.4 15.8 15.8 12.9 8.8 8.7 9.9 10.1 16.2 44.5 64.5 70.2
213.0 223.4 222.7 198.2 205.8 184.2 182.1 180.3 181.8 182.1 183.6 185.2 184.3 185.5 185.4 187.5 187.6 193.6 193.7 195.3 197.9 199.1 205.6 204.9 205.6 205.6 248.7 232.9 231.8 221.9 224.2 226.0 202.7 226.6 176.8 175.6 181.7 180.5 176.8 448.8 446.3 432.9 504.5 449.6 343.3 263.2 241.6 197.8 185.8 55.6 46.9 39.2 33.2 32.1 31.3 27.4 17.9 23.7 22.3 20.2 15.5 15.9 13.9 14.9 15.0 14.6 11.6 7.4 7.9 8.8 8.7 10.2 24.8 55.5 69.1
215.4 232.5 231.5 235.1 193.3 199.2 180.0 179.9 179.7 180.7 180.4 180.5 180.9 182.7 183.1 183.7 184.6 186.1 189.9 192.0 205.6 195.8 196.1 196.5 196.7 195.9 215.0 222.3 215.1 225.9 238.4 241.8 231.1 223.9 203.1 172.3 171.9 185.8 188.9 198.4 460.2 444.0 470.0 481.2 385.2 278.2 258.4 256.7 190.3 73.2 52.7 39.3 33.4 31.9 28.4 24.8 18.9 20.3 18.3 18.1 13.6 14.3 13.5 9.7 9.3 11.0 6.6 3.1 3.5 6.1 6.3 8.0 18.0 37.6 58.1
232.0 260.0 238.5 204.8 208.5 213.5 179.5 179.9 179.6 179.7 179.6 179.7 179.9 180.0 180.6 181.2 183.8 184.3 185.4 190.2 191.2 193.3 193.4 193.3 192.6 545.2 216.0 245.6 243.7 231.1 224.7 247.5 262.6 238.7 211.5 191.8 169.3 186.7 196.1 191.3 196.2 453.7 450.6 487.3 415.1 324.8 367.4 358.2 227.0 190.1 82.2 51.1 34.7 32.6 29.2 21.6 16.2 16.9 15.4 12.7 14.4 13.0 10.0 8.1 6.4 13.0 3.7 0.6 0.7 1.9 5.6 8.4 14.0 35.9 51.5
240.9 229.3 234.6 227.6 538.7 202.0 227.2 178.4 178.9 178.6 179.3 178.7 179.3 180.5 178.2 179.7 180.5 183.5 183.2 183.0 186.2 188.8 192.1 192.1 192.1 539.7 541.5 230.1 221.8 246.5 279.0 244.0 265.6 229.0 228.3 227.3 204.7 169.3 179.8 166.3 227.0 221.5 460.9 406.2 448.8 377.7 437.4 451.1 383.3 285.7 189.2 84.0 48.1 40.5 30.8 26.2 13.8 11.3 11.2 10.9 9.3 8.6 10.8 8.3 5.2 4.5 4.4 -0.3 -1.5 -0.3 2.7 4.8 7.8 22.6 53.8
209.4 530.7 531.3 546.4 557.1 527.9 183.9 193.7 183.4 190.6 178.2 178.4 178.1 178.9 179.0 178.8 179.6 179.6 180.1 197.4 184.5 186.0 184.7 184.8 184.9 534.2 560.3 541.3 215.4 233.8 250.3 254.0 253.9 270.7 245.4 239.2 213.3 195.2 186.4 204.5 217.5 259.6 470.6 416.9 404.7 408.9 468.2 493.4 465.3 409.4 267.3 192.7 57.3 50.4 38.4 26.8 14.6 12.2 7.8 6.4 7.5 7.0 10.2 8.3 5.1 3.3 6.0 2.5 -3.7 -3.8 1.3 2.9 5.2 17.6 32.1
533.9 566.3 529.8 528.2 536.7 519.3 515.0 182.2 176.0 176.1 184.9 182.9 177.3 177.4 176.5 176.5 176.1 177.1 185.7 176.1 178.6 178.8 180.7 180.5 180.7 181.3 214.1 192.3 547.5 222.7 236.3 248.8 239.8 250.7 243.3 250.6 208.5 192.5 177.2 227.0 273.7 255.9 264.0 260.1 456.9 450.6 532.4 575.9 529.4 398.9 255.8 285.8 191.7 63.6 39.9 25.6 12.9 7.3 4.6 4.4 2.4 8.4 6.1 4.9 4.9 1.9 1.0 2.1 -3.8 -2.6 -2.7 1.0 2.0 7.4 9.6
564.6 556.4 567.2 540.4 527.1 525.7 515.4 180.9 177.9 514.0 175.7 176.1 176.5 175.8 513.5 176.4 175.7 175.9 175.7 175.2 176.8 177.4 177.0 178.0 177.9 179.8 181.1 186.7 549.7 565.2 275.6 236.0 234.1 223.3 227.2 262.4 298.6 224.2 176.7 189.2 213.9 274.0 297.3 285.7 493.5 440.0 472.7 532.3 615.1 465.0 441.0 386.1 308.5 202.4 52.8 29.1 20.6 12.0 4.9 3.5 1.9 2.8 3.1 3.9 3.3 1.7 0.4 -1.3 -3.8 -1.8 -0.3 -1.3 -0.3 2.2 5.7
580.0 573.1 577.5 584.2 556.7 535.6 523.6 516.2 515.0 538.2 534.8 524.7 514.8 516.2 547.7 179.7 175.4 175.4 175.4 175.4 175.6 175.0 176.0 176.1 176.2 176.4 176.9 180.0 216.3 579.9 562.2 236.0 276.4 314.0 275.3 250.3 273.4 270.4 225.9 188.7 234.7 296.7 259.2 220.2 216.3 468.1 488.6 538.3 574.0 567.0 463.0 376.4 437.0 371.6 210.9 36.5 25.7 16.5 7.9 2.1 1.3 2.0 2.5 4.5 3.5 1.9 0.2 -0.6 -3.2 -2.3 -1.4 -1.5 -1.5 -0.5 0.8
558.4 584.3 648.0 647.1 585.8 546.9 524.2 521.7 519.0 538.6 542.3 546.9 544.5 580.1 559.5 548.2 174.6 174.7 174.7 174.8 175.2 174.9 174.8 184.9 175.1 175.5 176.5 175.5 180.6 218.1 584.3 568.4 308.3 328.6 333.8 288.5 201.9 199.4 170.7 168.4 220.6 229.0 247.4 210.6 265.2 506.9 495.7 503.5 541.0 597.8 561.0 458.0 425.5 390.2 251.8 71.5 36.3 22.9 9.2 2.6 0.2 2.1 2.9 5.0 4.5 4.4 1.1 -1.2 -2.8 -3.0 -2.1 -1.6 -1.0 -1.9 -1.9
623.0 655.3 586.4 580.3 579.7 552.4 538.0 574.4 562.4 543.8 526.3 529.3 561.2 607.0 602.5 561.2 514.1 175.1 175.1 188.7 175.0 175.1 175.0 174.9 174.8 175.5 175.5 175.7 176.9 182.2 524.5 583.7 556.6 233.0 216.6 207.4 211.0 184.5 171.3 167.2 178.0 187.4 215.3 250.2 208.7 506.6 541.8 516.5 545.4 637.8 662.3 494.2 420.8 265.3 211.0 210.4 45.4 23.5 11.8 3.1 1.3 3.1 3.2 3.5 3.7 2.7 1.5 -0.5 -2.7 -2.9 -1.7 -0.5 -0.7 -1.0 -2.1
738.3 724.1 697.7 631.8 580.1 546.3 583.0 580.1 531.3 526.8 557.9 545.7 559.5 640.5 595.1 584.2 564.6 513.6 175.4 175.1 175.2 175.1 174.9 175.1 175.2 174.9 175.5 175.0 175.3 179.4 541.7 573.4 536.4 536.2 562.9 293.6 280.7 263.5 258.9 201.1 165.1 201.8 183.4 246.0 189.5 493.8 539.7 588.3 531.6 550.3 633.6 638.2 496.7 454.8 294.0 202.4 185.5 23.0 12.1 3.4 1.9 2.9 3.3 3.4 3.6 3.2 1.9 -0.0 -1.7 -2.8 -2.2 -1.4 -0.8 -2.0 -0.4
715.1 741.3 721.6 629.1 617.8 577.8 551.1 605.3 528.3 528.9 564.4 557.6 584.0 588.9 587.1 641.1 581.4 557.3 530.5 175.2 175.3 175.3 175.0 175.2 175.3 179.5 175.2 175.4 174.6 175.1 541.1 522.0 512.5 519.8 504.5 499.4 275.6 303.1 291.9 273.6 233.5 160.9 171.5 212.9 206.5 235.0 531.3 593.0 597.2 600.7 661.4 692.4 485.4 408.2 282.4 248.8 192.6 54.7 19.7 7.6 4.5 2.6 3.8 4.4 4.0 3.4 1.9 0.4 -0.7 -2.3 -2.0 -1.1 -1.0 -1.3 -1.7
612.6 675.0 699.2 651.0 698.3 633.9 576.2 638.9 584.0 528.8 528.9 574.0 618.6 672.7 585.8 585.8 577.7 535.3 179.4 175.2 175.3 175.4 175.6 175.4 175.1 175.1 175.1 174.2 175.3 175.4 175.3 192.4 164.7 204.0 482.7 491.0 480.4 466.4 223.5 216.8 179.6 160.1 161.7 174.7 165.7 202.8 469.5 590.8 661.0 640.3 729.2 742.1 613.2 454.4 390.7 364.8 229.0 189.8 34.3 158.1 12.1 2.3 3.5 3.9 3.7 3.4 2.8 0.5 -0.8 -2.1 -2.1 -0.2 -1.0 -1.2 -1.5
576.6 603.4 673.2 686.9 655.1 618.9 607.6 557.0 528.9 540.7 537.1 533.5 667.4 605.5 583.1 569.2 557.6 521.0 542.7 188.9 540.2 175.5 175.3 175.2 175.2 175.3 175.1 175.2 175.2 175.7 175.5 175.2 162.7 164.8 456.7 493.3 518.4 509.4 450.3 423.6 164.5 160.1 161.7 161.7 160.1 179.4 419.1 565.9 685.2 702.8 659.8 707.2 683.4 538.8 474.8 347.3 252.0 197.0 182.0 188.8 155.8 3.0 3.6 3.8 3.9 3.7 2.9 0.9 -1.2 -1.8 -2.2 -1.3 0.0 -1.5 -1.8
688.6 677.6 674.1 649.1 685.1 678.9 615.4 628.9 585.5 583.1 586.1 587.3 656.4 579.9 545.9 528.3 542.1 553.1 209.9 541.8 548.1 538.3 204.4 175.4 175.5 175.3 175.4 175.2 175.2 175.5 175.5 174.1 161.0 161.8 143.8 457.9 478.5 542.7 533.2 465.8 429.0 394.5 160.0 159.3 163.5 172.7 429.9 466.5 553.2 590.3 656.5 650.5 637.8 657.8 583.6 443.6 344.3 244.1 191.2 179.7 182.9 171.6 16.9 3.7 3.7 3.8 3.2 0.8 -0.9 -1.8 -1.6 -1.6 -1.0 -1.5 -2.2
617.5 632.0 683.6 588.3 697.9 698.6 615.6 683.8 585.5 618.2 736.7 655.8 578.1 579.7 571.1 584.0 582.9 585.5 548.6 554.5 529.0 204.4 175.6 175.3 175.3 175.2 175.6 175.3 175.6 175.6 175.6 175.6 160.2 159.9 142.3 145.2 463.5 498.9 569.9 531.8 512.3 402.5 391.7 158.4 154.4 158.4 407.6 458.5 479.0 542.4 597.4 583.6 584.8 604.3 589.6 514.0 384.2 335.2 206.1 184.3 169.6 18.6 159.4 11.2 4.1 3.7 3.4 2.0 -0.6 -1.2 -1.5 -1.0 -1.4 -1.8 -2.3
592.1 600.4 651.1 553.7 602.7 671.8 672.6 617.8 585.7 615.6 712.1 693.0 650.8 651.0 699.2 679.4 615.6 629.1 559.2 563.3 546.4 192.7 194.2 175.3 175.2 175.2 175.2 175.3 175.0 175.6 175.6 175.4 160.7 161.4 159.4 170.4 165.3 190.8 478.5 290.9 256.1 442.7 392.9 379.2 154.3 162.3 391.0 410.1 475.5 508.1 562.3 604.1 575.6 583.0 623.2 628.2 486.2 435.4 266.1 209.8 181.1 19.7 9.1 48.8 4.1 3.4 3.2 1.9 -0.6 -1.2 -1.3 -1.4 -1.3 -1.7 -2.1
584.8 635.4 583.1 569.5 563.8 557.4 557.0 591.3 613.7 698.3 622.3 660.4 559.1 700.0 684.3 666.9 668.4 640.1 585.4 584.7 569.9 180.4 175.6 175.4 175.7 175.5 175.4 175.3 175.5 175.3 175.7 175.6 161.3 161.2 148.7 165.7 152.4 178.2 183.6 188.2 259.2 254.5 460.5 404.5 396.3 158.0 388.1 430.9 456.3 543.1 568.7 575.4 531.6 535.0 557.0 574.3 565.9 497.2 425.1 357.4 217.3 199.5 30.9 9.2 3.9 3.5 3.7 2.1 -0.2 -1.3 -1.7 -1.6 -1.2 -1.7 -2.0
586.0 546.7 564.3 -999.0 622.5 624.7 666.5 677.3 650.6 629.1 585.6 585.5 647.5 701.5 648.8 615.9 645.9 604.9 585.8 618.2 584.4 556.2 514.3 175.3 175.4 175.4 175.4 175.3 175.5 175.4 175.3 175.3 161.4 161.2 139.3 163.6 169.0 156.1 160.4 189.0 221.4 246.5 512.4 474.6 406.8 382.0 154.9 208.2 304.5 558.8 569.3 521.1 521.6 534.9 526.1 551.7 533.0 518.0 512.4 426.7 372.6 262.9 67.8 4.0 4.1 3.4 3.2 2.3 -0.2 -1.2 -1.6 -1.4 -1.3 -1.7 -1.9
-999.0 -999.0 -999.0 -999.0 -999.0 -999.0 785.6 746.4 585.5 586.2 551.1 587.5 679.2 655.3 660.5 553.1 592.4 224.3 209.6 295.0 291.1 232.9 183.8 514.4 514.3 175.4 175.4 175.4 175.5 175.4 175.4 175.3 161.4 161.2 139.1 134.5 145.0 158.3 193.2 198.4 193.7 212.3 511.5 489.7 500.6 432.6 390.0 136.8 200.5 293.9 278.2 271.5 273.0 223.5 511.9 529.5 539.2 504.5 503.3 257.1 224.9 249.5 173.6 7.4 4.3 4.2 3.3 3.1 -0.5 -1.2 -1.7 -1.3 -1.3 -1.6 -1.9
-999.0 -999.0 -999.0 -999.0 -999.0 -999.0 -999.0 695.3 670.8 540.5 566.3 579.3 569.1 585.3 573.1 543.9 543.8 535.1 188.3 187.1 184.1 174.9 175.1 179.7 560.3 561.7 514.4 175.4 175.3 175.4 175.6 175.7 161.2 161.3 139.2 139.4 160.0 162.6 182.1 218.0 176.0 180.4 189.9 185.8 506.8 469.3 424.0 136.6 164.5 169.9 175.3 188.5 286.5 196.3 250.9 257.2 463.9 492.9 461.0 246.3 233.3 201.1 224.8 169.4 4.0 3.2 3.2 2.3 -0.1 -1.4 -1.7 -1.3 -1.5 -1.7 -1.7
-999.0 -999.0 -999.0 -999.0 -999.0 -999.0 -999.0 609.6 566.1 564.2 624.0 699.2 700.3 656.4 621.5 566.6 577.2 546.0 514.1 514.1 175.0 175.0 175.4 175.6 195.6 226.3 203.3 175.4 175.3 175.4 175.4 175.5 161.4 161.4 139.6 142.3 134.6 142.8 173.0 183.5 176.1 188.2 150.6 197.6 252.9 244.0 248.3 228.2 195.5 125.9 115.3 137.0 164.0 142.6 228.2 221.3 391.2 355.6 197.7 209.2 245.9 165.7 233.8 173.7 141.1 4.0 3.4 2.3 -0.2 -1.5 -1.7 -0.1 -1.1 -1.3 -1.8
-999.0 -999.0 -999.0 -999.0 -999.0 -999.0 -999.0 298.6 221.4 565.7 618.0 592.0 614.0 578.1 577.2 539.6 564.2 561.4 522.6 540.5 537.5 175.2 175.1 175.6 179.5 175.3 175.2 175.3 175.4 175.4 175.4 175.4 161.4 161.4 139.4 142.4 127.7 148.1 135.5 165.5 173.8 156.0 151.2 196.0 210.6 249.5 206.0 277.9 291.7 245.1 161.0 142.4 114.0 108.2 115.5 118.5 120.8 349.8 335.9 187.3 212.3 205.5 294.3 203.0 138.9 3.4 3.3 2.5 -0.1 -1.6 -0.9 -1.3 -1.5 -1.7 -2.1
-999.0 -999.0 -999.0 -999.0 -999.0 -999.0 -999.0 -999.0 255.8 243.6 562.2 551.2 535.5 524.0 542.7 537.5 562.0 553.6 529.2 591.6 584.0 538.4 532.9 174.0 175.5 175.4 175.4 175.3 175.3 175.4 175.4 175.4 161.5 161.4 139.2 133.1 126.8 129.2 133.1 140.8 147.0 188.0 151.0 180.0 216.6 165.2 241.3 481.9 276.3 305.9 255.6 166.4 148.9 114.8 114.1 124.0 112.4 341.4 324.5 310.6 281.8 287.1 247.3 193.7 23.3 3.7 3.1 2.2 -0.1 -1.4 -1.3 -1.4 -1.7 -1.8 -2.1
-999.0 -999.0 -999.0 -999.0 -999.0 -999.0 -999.0 -999.0 193.6 229.8 203.5 241.4 584.6 573.1 563.4 517.1 514.9 514.4 538.1 525.2 569.9 583.6 570.1 557.3 199.0 185.0 175.4 175.4 175.4 175.3 175.4 175.4 161.4 161.3 139.2 134.0 127.2 118.7 115.6 121.2 140.8 143.1 130.3 178.5 154.2 147.9 181.4 466.8 519.0 547.7 296.4 235.3 190.3 147.7 105.5 94.9 114.1 327.8 313.3 279.3 253.3 223.1 192.5 32.2 4.1 3.7 3.2 2.3 -0.3 -1.6 -1.4 -1.5 -1.7 -2.0 -2.2
