GSP_annual_reports_SON_2024_v1/GIS/SON_2023_Fall_Deep.tif
NCOLS 191
NROWS  209
XLLCORNER 6295515.91401
YLLCORNER 1783415.49397
CELLSIZE 1000.0
NODATA_VALUE -999
[rows 165 to 197 of 209, columns 75 to 149 of 191]
-999.0 -999.0 -999.0 -999.0 -999.0 -999.0 -999.0 -999.0 511.3 475.0 130.2 166.7 260.1 627.6 585.7 544.4 537.4 522.3 522.3 518.3 543.8 133.9 132.3 552.0 552.6 146.2 127.1 128.1 128.0 128.0 128.0 128.0 117.0 116.0 97.2 89.2 81.0 66.6 59.5 52.9 64.4 62.2 54.5 66.2 55.4 57.5 59.6 72.4 472.6 542.4 480.5 456.0 160.5 89.7 54.8 36.4 38.2 45.8 313.0 290.2 249.1 210.9 185.0 -4.1 -4.0 -6.6 -7.6 -6.5 -6.2 -6.5 -7.2 -6.8 -4.3 -1.4 -1.4
-999.0 -999.0 -999.0 -999.0 -999.0 -999.0 -999.0 -999.0 -999.0 494.7 476.4 134.6 138.6 231.4 223.6 643.4 630.9 611.6 654.7 635.7 535.0 135.5 132.8 580.8 154.0 126.3 127.9 128.6 127.1 128.1 128.1 128.6 117.4 116.3 97.0 89.3 80.1 69.6 59.4 55.4 59.9 65.6 59.3 60.7 59.7 68.1 63.0 150.4 158.1 529.0 511.6 474.2 442.2 97.5 58.8 46.0 37.3 32.9 32.7 35.4 12.8 230.1 -8.8 -4.0 -2.2 -3.6 -7.6 -3.9 -6.3 -5.1 -7.1 -6.5 -2.3 -1.5 -1.3
-999.0 -999.0 -999.0 -999.0 -999.0 -999.0 -999.0 -999.0 -999.0 493.7 545.3 528.6 509.7 135.7 140.3 148.3 623.8 653.9 679.4 612.0 552.6 485.7 129.2 127.4 126.4 127.8 129.0 132.7 123.5 128.1 128.1 128.1 117.3 116.1 97.1 89.3 80.1 69.1 57.9 54.5 63.6 56.1 56.7 53.1 59.6 54.6 57.4 51.9 172.1 202.3 507.6 471.4 474.8 383.7 59.3 59.9 52.7 34.2 31.6 29.3 13.0 8.7 -7.4 -3.9 -2.2 -7.2 -7.7 -5.2 -6.4 -6.2 -6.2 -4.9 -2.4 -1.5 -1.3
-999.0 -999.0 -999.0 -999.0 -999.0 -999.0 -999.0 -999.0 -999.0 -999.0 546.9 642.5 548.8 543.8 290.3 292.9 261.5 262.0 639.5 612.5 526.2 578.0 480.3 130.7 125.7 127.5 129.4 126.8 127.0 128.1 128.4 128.1 117.7 116.1 97.3 89.3 80.1 69.3 59.5 57.7 63.3 58.1 54.0 57.0 54.7 56.2 59.1 58.7 69.5 114.2 192.1 161.2 201.8 148.6 91.5 106.3 61.9 52.3 35.0 31.2 14.2 9.9 0.7 -5.0 -3.3 -8.6 -7.8 -5.3 -6.4 -5.8 -5.6 -5.0 -2.3 -1.5 -1.2
-999.0 -999.0 -999.0 -999.0 -999.0 -999.0 -999.0 -999.0 -999.0 -999.0 -999.0 643.3 543.8 553.3 336.5 325.2 335.5 723.6 735.4 672.0 675.8 696.5 584.0 520.4 512.0 468.7 490.7 469.7 129.3 129.3 129.6 131.1 117.2 116.4 97.0 89.3 80.4 69.7 61.9 57.8 64.2 57.9 57.4 55.9 53.9 51.7 56.5 51.6 60.7 67.3 97.8 153.2 149.7 149.1 122.8 92.3 363.7 337.2 42.8 28.7 15.1 10.5 0.9 -4.3 -4.7 -7.4 -8.0 -4.2 -6.5 -6.0 -5.5 -5.4 -1.7 -1.3 -1.5
-999.0 -999.0 -999.0 -999.0 -999.0 -999.0 -999.0 -999.0 -999.0 -999.0 -999.0 -999.0 545.2 587.7 367.2 407.4 917.7 904.2 835.7 726.1 714.4 682.5 720.8 609.6 521.1 471.2 518.1 127.9 127.7 127.5 128.2 128.2 117.2 116.1 97.0 89.9 82.0 71.1 62.3 59.4 65.5 58.7 57.4 56.1 54.5 50.2 47.5 47.3 58.8 58.1 52.5 78.7 61.5 53.5 89.8 113.0 110.9 369.1 336.2 35.1 28.3 12.9 5.3 -2.1 -1.7 -6.8 -7.6 -4.3 -6.4 -5.9 -5.5 -4.8 -1.6 -1.2 -1.3
-999.0 -999.0 -999.0 -999.0 -999.0 -999.0 -999.0 -999.0 -999.0 -999.0 -999.0 -999.0 -999.0 -999.0 679.2 382.5 991.2 961.1 926.9 855.7 793.3 711.0 634.7 610.7 651.5 592.2 490.2 469.7 127.7 130.5 127.1 128.1 117.2 116.1 97.3 91.0 81.8 71.0 62.2 59.4 65.8 62.0 55.0 55.7 54.9 48.2 47.3 38.1 53.8 54.3 60.2 61.2 56.2 55.8 63.6 98.6 135.8 403.7 367.3 40.0 30.0 13.0 6.0 -2.6 -2.2 -7.6 -7.7 -4.5 -5.5 -5.8 -5.7 -3.9 -1.7 -1.2 -1.1
-999.0 -999.0 -999.0 -999.0 -999.0 -999.0 -999.0 -999.0 -999.0 -999.0 -999.0 -999.0 -999.0 -999.0 -999.0 -999.0 870.2 917.7 927.4 1012.3 922.7 871.6 721.1 562.7 552.0 605.4 504.0 491.7 127.9 128.8 129.4 126.7 117.4 116.1 97.3 91.0 81.9 71.0 62.2 59.4 65.8 62.2 59.3 56.5 54.9 52.0 48.9 40.2 43.9 53.1 60.0 62.6 60.4 61.3 57.3 61.1 52.9 472.5 491.3 337.6 22.7 11.2 7.8 -2.6 -2.0 -7.6 -7.6 -4.5 -5.4 -5.4 -5.3 -1.8 -1.4 -1.1 -1.1
-999.0 -999.0 -999.0 -999.0 -999.0 -999.0 -999.0 -999.0 -999.0 -999.0 -999.0 -999.0 -999.0 -999.0 -999.0 -999.0 -999.0 -999.0 -999.0 -999.0 -999.0 979.3 710.5 642.8 580.8 523.3 137.4 125.8 130.2 129.7 129.4 129.4 118.7 118.1 98.7 89.8 81.9 71.1 62.4 59.4 65.8 62.1 59.4 58.0 55.6 52.6 49.6 40.4 41.8 45.6 57.2 53.4 57.6 53.0 58.3 47.6 60.0 476.2 603.1 478.7 322.9 20.2 9.4 -2.4 -2.1 -7.5 -7.7 -4.3 -5.6 -6.8 -4.8 -1.9 -1.6 -2.0 -1.2
-999.0 -999.0 -999.0 -999.0 -999.0 -999.0 -999.0 -999.0 -999.0 -999.0 -999.0 -999.0 -999.0 -999.0 -999.0 -999.0 -999.0 -999.0 -999.0 -999.0 -999.0 1008.4 919.8 808.9 634.3 526.9 501.8 474.1 126.4 129.6 129.8 129.7 118.9 117.5 98.6 89.4 80.2 71.1 62.3 59.4 65.8 62.1 59.3 57.8 57.0 52.0 49.7 40.5 44.7 40.0 50.3 57.2 49.3 57.0 43.4 53.2 56.0 97.8 488.6 490.2 49.1 13.7 12.9 -2.2 1.4 -8.3 -6.7 -4.3 -5.6 -6.8 -4.5 -1.6 -1.2 -3.6 -0.8
-999.0 -999.0 -999.0 -999.0 -999.0 -999.0 -999.0 -999.0 -999.0 -999.0 -999.0 -999.0 -999.0 -999.0 -999.0 -999.0 -999.0 -999.0 -999.0 -999.0 -999.0 -999.0 880.9 721.1 751.4 610.7 582.2 517.4 128.8 129.6 129.9 129.6 118.5 117.4 98.8 89.4 80.2 69.5 62.3 59.3 65.7 62.1 59.3 58.2 57.2 54.2 51.4 43.1 45.9 45.4 40.8 40.8 44.8 48.5 40.6 38.9 56.2 52.9 58.1 440.5 48.2 23.6 9.9 -4.5 -4.0 -7.4 -6.2 -4.2 -5.5 -5.8 -4.6 -1.8 -1.3 -0.8 -1.2
-999.0 -999.0 -999.0 -999.0 -999.0 -999.0 -999.0 -999.0 -999.0 -999.0 -999.0 -999.0 -999.0 -999.0 -999.0 -999.0 -999.0 -999.0 -999.0 -999.0 -999.0 -999.0 947.9 946.3 830.2 721.1 710.9 551.8 130.7 129.9 129.5 129.6 118.7 117.9 98.6 89.1 80.3 69.5 62.3 59.4 65.8 61.4 59.4 58.2 57.1 54.5 52.0 43.6 47.6 46.7 43.2 42.9 37.2 40.5 41.0 36.5 45.5 54.8 44.3 39.8 35.2 30.0 6.3 -1.0 0.7 -8.0 -6.1 -4.1 -5.3 -5.4 -4.5 -1.6 -1.1 -0.6 -1.2
-999.0 -999.0 -999.0 -999.0 -999.0 -999.0 -999.0 -999.0 -999.0 -999.0 -999.0 -999.0 -999.0 -999.0 -999.0 -999.0 -999.0 -999.0 -999.0 -999.0 -999.0 -999.0 -999.0 1008.6 420.3 853.4 711.7 197.8 131.8 128.6 129.8 129.7 118.8 117.6 98.7 91.1 80.2 69.5 60.7 58.8 64.7 62.1 59.4 58.3 57.1 54.4 52.1 43.7 47.6 46.7 44.6 43.5 42.5 43.4 42.0 34.8 35.0 35.4 35.6 30.7 34.2 23.0 15.2 -2.1 -1.8 -8.0 -4.2 -3.0 -5.2 -5.4 -4.4 -1.0 -0.9 -0.5 -1.0
-999.0 -999.0 -999.0 -999.0 -999.0 -999.0 -999.0 -999.0 -999.0 -999.0 -999.0 -999.0 -999.0 -999.0 -999.0 -999.0 -999.0 -999.0 -999.0 -999.0 -999.0 -999.0 -999.0 -999.0 374.7 303.2 309.2 154.2 125.7 127.6 129.5 130.0 121.4 117.7 98.7 91.3 81.1 70.8 61.0 57.8 64.1 62.1 59.3 58.3 57.2 54.4 52.0 43.6 47.6 46.7 45.6 45.8 41.7 43.0 40.3 39.5 35.9 35.9 36.6 30.0 27.8 6.0 -3.6 -2.7 -1.9 -9.4 -8.2 -4.5 -5.1 -5.4 -4.5 -0.8 -1.1 -0.4 -0.8
-999.0 -999.0 -999.0 -999.0 -999.0 -999.0 -999.0 -999.0 -999.0 -999.0 -999.0 -999.0 -999.0 -999.0 -999.0 -999.0 -999.0 -999.0 -999.0 -999.0 -999.0 -999.0 -999.0 -999.0 361.6 268.8 168.3 133.8 129.4 127.1 129.6 129.5 122.2 117.9 98.8 89.4 80.3 67.8 62.3 59.4 64.2 60.3 59.4 58.2 57.2 54.4 51.5 43.6 47.6 46.8 46.1 46.2 45.1 46.5 45.1 42.3 39.5 41.0 40.7 34.8 28.3 8.7 12.2 -2.3 -2.9 -7.6 -6.2 -4.5 -5.2 -4.2 -4.4 -1.1 -0.9 -0.8 -0.8
-999.0 -999.0 -999.0 -999.0 -999.0 -999.0 -999.0 -999.0 -999.0 -999.0 -999.0 -999.0 -999.0 -999.0 -999.0 -999.0 -999.0 -999.0 -999.0 -999.0 -999.0 -999.0 -999.0 -999.0 -999.0 284.4 165.5 163.0 127.5 127.2 129.2 131.3 120.3 119.2 97.2 90.8 81.6 69.5 60.8 58.0 64.3 60.4 57.7 58.3 57.4 54.5 51.9 43.6 47.6 46.8 46.1 46.4 46.0 46.5 45.8 42.6 41.5 41.7 41.3 35.2 35.0 14.0 7.5 -2.9 -2.1 -7.5 -6.0 -4.7 -5.2 -3.8 -4.3 -0.8 -3.9 -0.7 -0.8
-999.0 -999.0 -999.0 -999.0 -999.0 -999.0 -999.0 -999.0 -999.0 -999.0 -999.0 -999.0 -999.0 -999.0 -999.0 -999.0 -999.0 -999.0 -999.0 -999.0 -999.0 -999.0 -999.0 -999.0 -999.0 -999.0 -999.0 150.2 127.9 130.0 130.0 129.9 118.9 120.8 441.7 90.8 81.6 70.7 61.8 59.0 65.6 60.4 57.7 58.3 57.2 54.5 52.0 43.5 47.5 46.8 46.0 46.2 46.0 46.7 45.8 43.0 41.7 41.7 41.3 34.9 33.1 14.9 -0.9 -2.7 -4.2 -7.6 -4.8 -2.9 -5.2 -3.9 -4.4 -1.1 -1.4 -0.8 -0.6
-999.0 -999.0 -999.0 -999.0 -999.0 -999.0 -999.0 -999.0 -999.0 -999.0 -999.0 -999.0 -999.0 -999.0 -999.0 -999.0 -999.0 -999.0 -999.0 -999.0 -999.0 -999.0 -999.0 -999.0 -999.0 -999.0 -999.0 -999.0 -999.0 129.5 129.5 129.6 118.5 448.4 446.0 432.9 396.8 70.6 61.8 58.7 65.2 60.4 58.9 57.4 57.0 54.5 51.9 43.6 47.6 46.8 45.7 46.2 46.0 46.6 45.7 43.0 41.7 41.8 41.9 35.1 18.1 13.6 -3.4 -3.4 -4.0 -5.6 -5.1 -4.3 -5.1 -3.5 -2.5 -1.4 -1.2 -0.5 -0.5
-999.0 -999.0 -999.0 -999.0 -999.0 -999.0 -999.0 -999.0 -999.0 -999.0 -999.0 -999.0 -999.0 -999.0 -999.0 -999.0 -999.0 -999.0 -999.0 -999.0 -999.0 -999.0 -999.0 -999.0 -999.0 -999.0 -999.0 -999.0 -999.0 -999.0 129.5 129.5 470.5 475.9 424.0 448.4 409.9 389.5 65.0 58.3 64.4 61.6 57.7 56.7 56.5 54.4 52.0 43.7 46.8 46.9 46.1 45.7 45.9 46.5 45.8 42.9 41.7 41.5 41.5 35.0 16.8 9.2 -2.0 -4.6 -5.5 -10.1 -5.0 -4.5 -5.0 -5.9 -3.8 -0.8 -0.8 -0.2 -0.3
-999.0 -999.0 -999.0 -999.0 -999.0 -999.0 -999.0 -999.0 -999.0 -999.0 -999.0 -999.0 -999.0 -999.0 -999.0 -999.0 -999.0 -999.0 -999.0 -999.0 -999.0 -999.0 -999.0 -999.0 -999.0 -999.0 -999.0 -999.0 -999.0 -999.0 -999.0 126.8 477.1 535.9 436.2 427.8 414.1 391.8 389.0 57.8 354.9 60.6 57.8 56.7 55.8 54.0 52.0 43.6 47.0 45.2 46.3 46.3 46.0 46.7 44.0 43.0 41.7 40.8 36.0 34.1 15.7 4.5 -5.9 -3.5 -6.5 -9.2 -5.3 -5.5 -4.2 -5.1 -3.3 -0.8 -0.7 -0.2 -0.3
-999.0 -999.0 -999.0 -999.0 -999.0 -999.0 -999.0 -999.0 -999.0 -999.0 -999.0 -999.0 -999.0 -999.0 -999.0 -999.0 -999.0 -999.0 -999.0 -999.0 -999.0 -999.0 -999.0 -999.0 -999.0 -999.0 -999.0 -999.0 -999.0 -999.0 -999.0 -999.0 -999.0 479.8 423.9 430.4 411.9 410.2 383.7 364.0 355.1 341.6 57.7 57.0 57.2 54.1 51.9 43.6 47.6 44.0 46.3 46.0 44.5 44.7 44.0 43.0 41.7 41.3 35.7 32.9 12.7 -4.1 -6.3 -4.8 -6.3 -8.7 -5.6 -5.5 -3.8 -4.4 -1.5 -0.7 -0.7 -0.2 -0.3
-999.0 -999.0 -999.0 -999.0 -999.0 -999.0 -999.0 -999.0 -999.0 -999.0 -999.0 -999.0 -999.0 -999.0 -999.0 -999.0 -999.0 -999.0 -999.0 -999.0 -999.0 -999.0 -999.0 -999.0 -999.0 -999.0 -999.0 -999.0 -999.0 -999.0 -999.0 -999.0 -999.0 -999.0 447.8 415.5 434.1 429.3 417.0 367.9 377.3 346.5 57.7 56.7 57.2 52.8 52.0 43.0 45.6 46.6 44.4 44.6 44.1 44.7 45.0 42.9 41.7 41.2 35.5 14.9 10.9 -6.4 -5.9 -4.5 -6.8 -7.1 -4.9 -4.9 -3.5 -4.4 -1.4 -0.7 -0.7 -0.2 -0.3
-999.0 -999.0 -999.0 -999.0 -999.0 -999.0 -999.0 -999.0 -999.0 -999.0 -999.0 -999.0 -999.0 -999.0 -999.0 -999.0 -999.0 -999.0 -999.0 -999.0 -999.0 -999.0 -999.0 -999.0 -999.0 -999.0 -999.0 -999.0 -999.0 -999.0 -999.0 -999.0 -999.0 -999.0 449.2 448.4 409.3 419.1 402.3 386.1 371.6 373.5 343.7 56.7 55.7 54.5 52.2 42.0 45.1 45.2 44.4 44.6 44.1 45.1 43.6 43.0 38.7 33.0 33.5 14.2 8.7 -5.6 -5.4 -5.1 -5.4 -5.6 -3.5 -4.8 -3.6 -4.4 -1.4 -0.7 -0.7 -0.2 -0.3
-999.0 -999.0 -999.0 -999.0 -999.0 -999.0 -999.0 -999.0 -999.0 -999.0 -999.0 -999.0 -999.0 -999.0 -999.0 -999.0 -999.0 -999.0 -999.0 -999.0 -999.0 -999.0 -999.0 -999.0 -999.0 -999.0 -999.0 -999.0 -999.0 -999.0 -999.0 -999.0 -999.0 -999.0 453.2 87.3 408.8 80.3 401.3 364.3 369.9 373.4 365.6 319.5 334.8 53.0 51.5 41.6 45.7 44.9 44.1 44.3 43.8 45.1 45.1 42.2 41.9 34.6 34.8 15.5 7.5 -4.9 -4.5 -4.0 -4.8 -4.9 -3.6 -5.3 -3.7 -4.1 -1.4 -0.7 -0.7 -0.2 -0.3
-999.0 -999.0 -999.0 -999.0 -999.0 -999.0 -999.0 -999.0 -999.0 -999.0 -999.0 -999.0 -999.0 -999.0 -999.0 -999.0 -999.0 -999.0 -999.0 -999.0 -999.0 -999.0 -999.0 -999.0 -999.0 -999.0 -999.0 -999.0 -999.0 -999.0 -999.0 -999.0 -999.0 -999.0 476.8 91.9 80.0 67.0 56.1 69.0 398.5 373.4 357.0 360.7 337.1 328.8 50.3 42.0 46.2 46.6 45.6 45.8 45.9 46.4 45.8 43.0 41.3 35.3 33.8 14.9 6.6 -3.8 -3.5 -3.7 -4.4 -5.0 -3.6 -5.2 -3.6 -4.1 -1.4 -0.7 -0.7 -0.2 -0.3
-999.0 -999.0 -999.0 -999.0 -999.0 -999.0 -999.0 -999.0 -999.0 -999.0 -999.0 -999.0 -999.0 -999.0 -999.0 -999.0 -999.0 -999.0 -999.0 -999.0 -999.0 -999.0 -999.0 -999.0 -999.0 -999.0 -999.0 -999.0 -999.0 -999.0 -999.0 -999.0 -999.0 -999.0 -999.0 411.3 81.6 70.7 61.4 64.5 396.3 352.3 350.0 328.9 337.1 318.1 334.1 329.5 45.7 44.9 45.9 46.2 45.9 46.6 45.8 43.0 41.3 34.8 18.4 14.9 1.5 -3.9 -3.5 -3.8 -4.5 -5.0 -3.6 -5.2 -4.9 -4.0 -1.4 -0.7 -0.7 -0.2 -0.3
-999.0 -999.0 -999.0 -999.0 -999.0 -999.0 -999.0 -999.0 -999.0 -999.0 -999.0 -999.0 -999.0 -999.0 -999.0 -999.0 -999.0 -999.0 -999.0 -999.0 -999.0 -999.0 -999.0 -999.0 -999.0 -999.0 -999.0 -999.0 -999.0 -999.0 -999.0 -999.0 -999.0 -999.0 -999.0 418.2 405.7 70.8 62.1 59.1 62.5 60.1 347.7 325.9 322.1 330.0 335.8 327.0 45.8 46.8 44.1 45.9 45.5 46.6 45.8 42.2 40.9 35.0 18.4 14.9 -4.2 -3.9 -3.8 -4.3 -2.9 -3.7 -3.6 -5.2 -5.0 -4.0 -1.4 -0.7 -0.7 -0.2 -0.3
-999.0 -999.0 -999.0 -999.0 -999.0 -999.0 -999.0 -999.0 -999.0 -999.0 -999.0 -999.0 -999.0 -999.0 -999.0 -999.0 -999.0 -999.0 -999.0 -999.0 -999.0 -999.0 -999.0 -999.0 -999.0 -999.0 -999.0 -999.0 -999.0 -999.0 -999.0 -999.0 -999.0 -999.0 -999.0 -999.0 404.3 70.1 62.0 59.4 65.6 60.9 59.2 57.8 51.1 343.2 330.0 319.8 47.9 46.9 44.6 45.8 45.5 46.6 45.8 43.9 35.3 35.0 17.0 13.1 -4.2 -3.9 -3.8 -4.3 -3.1 -3.7 -3.6 -5.2 -5.1 -4.0 -1.4 -0.7 -0.7 -0.2 -0.3
-999.0 -999.0 -999.0 -999.0 -999.0 -999.0 -999.0 -999.0 -999.0 -999.0 -999.0 -999.0 -999.0 -999.0 -999.0 -999.0 -999.0 -999.0 -999.0 -999.0 -999.0 -999.0 -999.0 -999.0 -999.0 -999.0 -999.0 -999.0 -999.0 -999.0 -999.0 -999.0 -999.0 -999.0 -999.0 -999.0 412.6 71.1 62.3 59.0 65.8 61.5 59.3 58.5 54.7 324.3 334.1 43.9 45.7 40.7 44.3 45.8 45.5 46.6 45.8 42.6 35.3 35.0 17.0 12.4 -4.2 -3.9 -3.8 -4.3 -3.1 -3.7 -3.6 -3.6 -5.0 -4.0 -1.4 -0.7 -0.7 -0.2 -0.3
-999.0 -999.0 -999.0 -999.0 -999.0 -999.0 -999.0 -999.0 -999.0 -999.0 -999.0 -999.0 -999.0 -999.0 -999.0 -999.0 -999.0 -999.0 -999.0 -999.0 -999.0 -999.0 -999.0 -999.0 -999.0 -999.0 -999.0 -999.0 -999.0 -999.0 -999.0 -999.0 -999.0 -999.0 -999.0 -999.0 -999.0 390.9 62.6 59.4 65.6 62.2 59.1 58.1 57.1 57.2 52.0 43.6 47.6 44.9 44.4 44.4 45.5 46.6 45.8 42.6 35.3 34.4 17.0 10.6 -4.2 -3.9 -3.8 -4.3 -3.1 -3.7 -3.6 -3.6 -4.9 -4.2 -1.4 -0.7 -0.7 -0.2 -0.3
-999.0 -999.0 -999.0 -999.0 -999.0 -999.0 -999.0 -999.0 -999.0 -999.0 -999.0 -999.0 -999.0 -999.0 -999.0 -999.0 -999.0 -999.0 -999.0 -999.0 -999.0 -999.0 -999.0 -999.0 -999.0 -999.0 -999.0 -999.0 -999.0 -999.0 -999.0 -999.0 -999.0 -999.0 -999.0 -999.0 -999.0 -999.0 60.6 59.4 65.6 61.9 58.4 58.3 57.2 54.5 52.0 43.6 47.6 45.0 44.1 44.4 45.9 46.6 45.0 42.6 35.3 33.1 17.0 9.4 -4.2 -3.9 -3.8 -4.3 -3.1 -3.8 -3.6 -5.2 -3.6 -4.2 -1.4 -0.7 -0.7 -0.2 -0.3
-999.0 -999.0 -999.0 -999.0 -999.0 -999.0 -999.0 -999.0 -999.0 -999.0 -999.0 -999.0 -999.0 -999.0 -999.0 -999.0 -999.0 -999.0 -999.0 -999.0 -999.0 -999.0 -999.0 -999.0 -999.0 -999.0 -999.0 -999.0 -999.0 -999.0 -999.0 -999.0 -999.0 -999.0 -999.0 -999.0 -999.0 -999.0 62.2 59.1 65.8 62.1 58.9 58.3 57.4 54.5 52.0 43.6 45.7 45.0 44.1 44.3 46.0 46.6 45.0 42.2 34.8 33.1 15.9 9.4 -4.3 -3.9 -3.8 -4.3 -3.1 -3.8 -3.6 -5.1 -3.5 -4.5 -3.1 -0.7 -0.7 -0.2 -0.3
-999.0 -999.0 -999.0 -999.0 -999.0 -999.0 -999.0 -999.0 -999.0 -999.0 -999.0 -999.0 -999.0 -999.0 -999.0 -999.0 -999.0 -999.0 -999.0 -999.0 -999.0 -999.0 -999.0 -999.0 -999.0 -999.0 -999.0 -999.0 -999.0 -999.0 -999.0 -999.0 -999.0 -999.0 -999.0 -999.0 -999.0 -999.0 -999.0 -999.0 65.6 60.4 57.7 58.3 57.2 54.5 51.8 41.5 47.5 46.8 45.6 44.3 45.9 46.6 46.7 36.6 35.0 20.7 15.4 7.5 -4.3 -3.9 -3.4 -4.5 -3.2 -3.8 -3.6 -4.6 -3.5 -4.5 -3.1 -0.7 -0.7 -0.2 -0.3
