GSP_annual_reports_SON_2024_v1/GIS/SON_2023_Fall_Deep.tif
NCOLS 191
NROWS  209
XLLCORNER 6295515.91401
YLLCORNER 1783415.49397
CELLSIZE 1000.0
NODATA_VALUE -999
[rows 33 to 65 of 209, columns 75 to 149 of 191]
490.0 448.2 488.3 448.3 483.4 513.2 616.1 631.4 680.3 717.9 878.2 789.7 788.2 775.8 859.5 859.5 858.3 853.0 864.4 866.0 866.4 867.5 862.4 866.1 859.4 872.4 872.7 870.5 876.7 871.4 725.4 684.3 548.1 598.4 565.6 571.8 489.3 507.3 478.3 440.4 415.2 391.0 -999.0 -999.0 -999.0 -999.0 -999.0 -999.0 -999.0 -999.0 -999.0 -999.0 -999.0 -999.0 -999.0 -999.0 -999.0 -999.0 -999.0 -999.0 -999.0 -999.0 -999.0 -999.0 -999.0 -999.0 -999.0 -999.0 -999.0 -999.0 -999.0 -999.0 -999.0 -999.0 -999.0
420.1 481.0 516.3 441.7 519.9 447.5 587.6 686.5 740.4 778.1 764.8 826.2 819.3 884.3 872.8 859.5 846.6 858.3 863.9 865.4 870.4 867.5 869.9 877.6 873.2 881.1 881.1 878.9 839.8 746.8 748.5 720.8 704.6 709.1 755.2 692.7 601.6 661.4 672.7 491.4 443.7 394.7 393.4 -999.0 -999.0 -999.0 -999.0 -999.0 -999.0 -999.0 -999.0 -999.0 -999.0 -999.0 -999.0 -999.0 -999.0 -999.0 -999.0 -999.0 -999.0 -999.0 -999.0 -999.0 -999.0 -999.0 -999.0 -999.0 -999.0 -999.0 -999.0 -999.0 -999.0 -999.0 -999.0
494.2 452.2 480.2 431.7 445.1 439.4 600.8 735.6 838.3 832.7 825.9 834.1 829.8 880.4 876.5 870.5 859.5 859.5 863.5 858.4 862.6 847.1 869.5 876.1 877.6 867.6 889.5 888.4 890.3 885.0 854.3 869.7 825.6 821.9 813.3 782.6 689.3 694.1 662.7 531.3 440.2 431.1 379.3 426.7 -999.0 -999.0 -999.0 -999.0 -999.0 -999.0 -999.0 -999.0 -999.0 -999.0 -999.0 -999.0 -999.0 -999.0 -999.0 -999.0 -999.0 -999.0 -999.0 -999.0 -999.0 -999.0 -999.0 -999.0 -999.0 -999.0 -999.0 -999.0 -999.0 -999.0 -999.0
485.5 515.7 466.1 460.3 443.5 443.3 627.1 745.8 780.4 882.9 885.1 873.8 862.2 846.6 842.5 849.2 874.5 859.5 854.2 859.5 859.5 858.0 866.1 870.5 848.4 855.9 892.5 888.4 890.3 885.0 879.0 869.7 816.2 821.9 814.6 815.5 786.8 676.6 524.7 530.7 580.8 492.6 458.5 406.2 -999.0 -999.0 -999.0 -999.0 -999.0 -999.0 -999.0 -999.0 -999.0 -999.0 -999.0 -999.0 -999.0 -999.0 -999.0 -999.0 -999.0 -999.0 -999.0 -999.0 -999.0 -999.0 -999.0 -999.0 -999.0 -999.0 -999.0 -999.0 -999.0 -999.0 -999.0
562.5 492.5 542.5 451.4 410.7 575.2 482.6 520.5 498.6 766.0 769.7 825.9 752.6 844.8 876.2 790.2 824.9 868.9 847.6 846.6 859.5 837.7 816.4 778.7 868.2 842.6 876.0 875.8 867.7 871.9 864.8 860.5 814.0 814.7 796.9 787.6 735.7 698.0 789.4 736.9 657.2 607.0 534.4 469.8 390.5 -999.0 -999.0 -999.0 -999.0 -999.0 -999.0 -999.0 -999.0 -999.0 -999.0 -999.0 -999.0 -999.0 -999.0 -999.0 -999.0 -999.0 -999.0 -999.0 -999.0 -999.0 -999.0 -999.0 -999.0 -999.0 -999.0 -999.0 -999.0 -999.0 -999.0
575.8 530.6 579.2 416.6 421.9 468.2 481.0 477.0 691.6 660.5 686.5 733.3 693.5 788.9 826.9 778.7 763.0 781.0 753.2 842.5 792.4 825.7 761.7 865.5 870.6 883.7 883.7 879.0 879.9 866.6 855.1 855.5 819.1 806.0 807.5 780.3 785.0 809.2 782.2 770.7 765.6 654.4 533.2 458.3 416.7 -999.0 -999.0 -999.0 -999.0 -999.0 -999.0 -999.0 -999.0 -999.0 -999.0 -999.0 -999.0 -999.0 -999.0 -999.0 -999.0 -999.0 -999.0 -999.0 -999.0 -999.0 -999.0 -999.0 -999.0 -999.0 -999.0 -999.0 -999.0 -999.0 -999.0
631.9 586.6 490.9 411.8 443.5 461.6 458.5 622.6 605.4 631.6 610.9 635.6 657.3 717.2 782.2 713.4 742.4 698.0 827.0 809.7 756.8 822.9 785.6 774.2 870.6 883.6 883.6 883.9 883.8 867.8 872.5 865.9 817.8 815.9 799.1 778.0 774.0 808.2 783.6 753.4 732.3 734.9 655.6 651.7 469.2 -999.0 -999.0 -999.0 -999.0 -999.0 -999.0 -999.0 -999.0 -999.0 -999.0 -999.0 -999.0 -999.0 -999.0 -999.0 -999.0 -999.0 -999.0 -999.0 -999.0 -999.0 -999.0 -999.0 -999.0 -999.0 -999.0 -999.0 -999.0 -999.0 -999.0
615.3 597.5 503.3 423.9 444.3 458.7 460.9 655.0 603.8 654.5 586.8 618.8 590.0 624.2 626.0 615.3 612.2 708.4 782.5 766.8 731.3 732.8 779.6 842.7 878.4 848.2 883.6 881.7 894.0 878.3 877.7 863.0 821.7 812.0 797.4 782.5 779.2 803.5 783.0 755.7 727.4 688.6 671.5 638.6 652.8 459.8 -999.0 -999.0 -999.0 -999.0 -999.0 -999.0 -999.0 -999.0 -999.0 -999.0 -999.0 -999.0 -999.0 -999.0 -999.0 -999.0 -999.0 -999.0 -999.0 -999.0 -999.0 -999.0 -999.0 -999.0 -999.0 -999.0 -999.0 -999.0 -999.0
750.8 602.7 561.7 522.4 399.6 424.5 636.6 582.7 632.6 596.6 655.1 723.6 707.0 685.7 692.4 609.8 668.0 700.1 680.3 735.6 812.9 820.8 825.9 786.2 797.4 892.9 903.1 902.7 894.8 888.9 876.7 860.8 810.3 811.2 800.1 792.9 782.9 790.7 802.2 690.5 695.5 666.2 621.4 459.9 509.9 602.4 -999.0 -999.0 -999.0 -999.0 -999.0 -999.0 -999.0 -999.0 -999.0 -999.0 -999.0 -999.0 -999.0 -999.0 -999.0 -999.0 -999.0 -999.0 -999.0 -999.0 -999.0 -999.0 -999.0 -999.0 -999.0 -999.0 -999.0 -999.0 -999.0
836.0 695.9 611.4 514.8 431.9 585.3 575.7 561.7 638.2 624.3 658.6 644.0 722.3 751.2 715.2 634.3 724.9 739.0 777.6 800.1 881.9 888.5 881.5 889.2 883.4 896.1 896.1 895.6 899.3 899.3 894.0 878.7 838.5 821.8 817.7 811.4 779.5 788.4 785.5 696.5 697.0 621.9 541.4 438.5 450.1 389.0 389.2 -999.0 -999.0 -999.0 -999.0 -999.0 -999.0 -999.0 -999.0 -999.0 -999.0 -999.0 -999.0 -999.0 -999.0 -999.0 -999.0 -999.0 -999.0 -999.0 -999.0 -999.0 -999.0 -999.0 -999.0 -999.0 -999.0 -999.0 -999.0
836.3 786.1 634.0 591.4 534.8 432.6 437.6 441.8 448.4 626.0 651.3 731.1 686.9 797.1 807.7 715.0 771.5 806.9 859.3 845.5 887.9 888.2 880.4 895.4 902.4 906.2 903.9 898.7 903.0 898.2 894.4 867.7 824.0 825.5 809.5 817.5 796.8 805.8 783.0 701.4 720.1 663.9 562.7 503.8 493.7 460.0 418.2 -999.0 -999.0 -999.0 -999.0 -999.0 -999.0 -999.0 -999.0 -999.0 -999.0 -999.0 -999.0 -999.0 -999.0 -999.0 -999.0 -999.0 -999.0 -999.0 -999.0 -999.0 -999.0 -999.0 -999.0 -999.0 -999.0 -999.0 -999.0
753.0 874.5 725.5 610.1 542.9 413.3 463.9 444.0 424.2 478.8 676.4 717.3 803.0 708.0 756.9 818.0 846.9 890.9 895.9 888.8 888.8 889.0 891.8 899.1 898.8 918.3 907.7 910.9 908.0 802.6 900.2 880.2 837.3 828.3 838.5 827.1 816.5 821.2 819.6 791.5 733.7 668.8 614.9 617.2 649.1 522.0 454.5 -999.0 -999.0 -999.0 -999.0 -999.0 -999.0 -999.0 -999.0 -999.0 -999.0 -999.0 -999.0 -999.0 -999.0 -999.0 -999.0 -999.0 -999.0 -999.0 -999.0 -999.0 -999.0 -999.0 -999.0 -999.0 -999.0 -999.0 -999.0
748.4 802.0 742.7 623.3 573.4 426.2 428.1 425.0 461.1 469.7 725.0 745.2 815.1 803.7 745.4 753.0 815.2 824.3 800.9 835.6 798.2 892.3 894.4 908.2 902.1 915.4 910.7 909.1 911.5 907.3 744.9 883.7 839.0 845.2 821.1 808.2 794.2 794.4 782.4 716.9 690.0 712.4 703.3 683.3 678.4 552.8 478.2 378.5 -999.0 -999.0 -999.0 -999.0 -999.0 -999.0 -999.0 -999.0 -999.0 -999.0 -999.0 -999.0 -999.0 -999.0 -999.0 -999.0 -999.0 -999.0 -999.0 -999.0 -999.0 -999.0 -999.0 -999.0 -999.0 -999.0 -999.0
708.7 721.8 777.4 621.0 578.5 612.7 444.0 482.6 465.2 486.6 710.7 746.8 747.4 746.9 816.4 799.9 798.2 827.5 802.4 843.8 911.6 916.3 874.7 907.2 906.6 919.3 934.6 911.9 826.2 810.8 699.2 755.8 782.7 843.0 826.4 802.8 796.9 799.4 822.9 776.1 773.0 779.3 688.8 730.5 683.2 551.6 446.8 419.2 -999.0 -999.0 -999.0 -999.0 -999.0 -999.0 -999.0 -999.0 -999.0 -999.0 -999.0 -999.0 -999.0 -999.0 -999.0 -999.0 -999.0 -999.0 -999.0 -999.0 -999.0 -999.0 -999.0 -999.0 -999.0 -999.0 -999.0
620.4 633.3 721.7 614.4 629.2 630.3 605.3 462.2 461.4 461.4 490.9 681.9 722.2 769.5 816.9 825.2 882.8 934.1 927.4 912.3 923.1 924.8 925.7 933.4 933.2 946.9 943.5 930.7 792.1 791.8 707.9 802.5 809.8 899.4 844.0 826.4 805.0 807.4 790.0 732.5 747.5 693.5 683.4 692.2 671.8 474.8 477.0 388.4 -999.0 -999.0 -999.0 -999.0 -999.0 -999.0 -999.0 -999.0 -999.0 -999.0 -999.0 -999.0 -999.0 -999.0 -999.0 -999.0 -999.0 -999.0 -999.0 -999.0 -999.0 -999.0 -999.0 -999.0 -999.0 -999.0 -999.0
363.1 395.1 566.4 614.9 603.1 591.1 585.3 650.9 715.1 679.1 481.8 759.8 742.9 783.8 899.5 933.6 923.6 923.0 938.4 928.6 951.3 871.7 860.0 954.3 953.4 980.4 983.6 914.9 897.7 826.4 825.5 905.4 900.4 900.1 872.1 846.7 862.3 805.5 799.2 688.6 679.0 501.3 514.4 627.0 674.2 708.0 593.3 473.9 -999.0 -999.0 -999.0 -999.0 -999.0 -999.0 -999.0 -999.0 -999.0 -999.0 -999.0 -999.0 -999.0 -999.0 -999.0 -999.0 -999.0 -999.0 -999.0 -999.0 -999.0 -999.0 -999.0 -999.0 -999.0 -999.0 -999.0
365.3 369.0 481.5 596.5 610.0 634.6 652.2 609.7 636.2 672.3 693.3 706.2 768.4 817.0 865.1 873.3 923.6 921.2 949.5 933.6 957.3 894.0 874.4 849.1 891.6 881.9 912.1 996.1 948.8 764.0 862.7 971.1 915.4 909.9 898.5 870.2 887.8 859.1 875.5 782.3 698.2 588.6 403.2 407.9 407.9 487.9 672.1 517.5 -999.0 -999.0 -999.0 -999.0 -999.0 -999.0 -999.0 -999.0 -999.0 -999.0 -999.0 -999.0 -999.0 -999.0 -999.0 -999.0 -999.0 -999.0 -999.0 -999.0 -999.0 -999.0 -999.0 -999.0 -999.0 -999.0 -999.0
370.1 373.4 347.6 500.2 686.4 793.2 701.9 645.5 656.7 642.6 645.4 747.7 737.3 750.5 756.6 818.0 885.0 922.9 934.1 943.5 950.6 972.1 909.1 885.7 788.0 719.7 722.5 797.7 880.0 708.8 845.2 812.8 831.5 922.0 910.6 877.0 880.4 899.2 851.4 744.2 700.7 455.2 625.6 534.2 339.4 358.8 537.9 495.7 495.4 -999.0 -999.0 -999.0 -999.0 -999.0 -999.0 -999.0 -999.0 -999.0 -999.0 -999.0 -999.0 -999.0 -999.0 -999.0 -999.0 -999.0 -999.0 -999.0 -999.0 -999.0 -999.0 -999.0 -999.0 -999.0 -999.0
359.7 369.8 372.1 515.5 601.9 737.5 770.6 725.9 740.4 791.0 741.8 727.2 816.1 773.8 811.0 826.0 828.2 914.6 949.5 964.3 954.6 983.2 1008.7 900.9 927.7 877.7 799.9 712.8 692.0 823.3 792.4 723.2 828.6 918.2 866.1 876.4 857.2 872.7 816.8 765.2 706.1 731.5 677.8 562.4 414.8 306.1 309.7 341.9 325.3 346.7 367.6 -999.0 -999.0 -999.0 -999.0 -999.0 -999.0 -999.0 -999.0 -999.0 -999.0 -999.0 -999.0 -999.0 -999.0 -999.0 -999.0 -999.0 -999.0 -999.0 -999.0 -999.0 -999.0 -999.0 -999.0
353.2 356.8 348.4 392.8 657.2 628.7 603.0 628.3 719.7 750.0 794.7 777.7 842.4 851.4 834.8 865.2 889.2 925.4 864.5 848.1 859.8 912.1 998.3 845.1 841.4 947.8 829.3 711.9 712.7 832.7 907.5 779.7 703.6 818.0 856.9 877.0 874.1 895.9 859.7 792.6 766.6 832.3 733.0 480.5 309.7 358.8 488.0 361.7 367.4 354.7 328.1 324.4 -999.0 -999.0 -999.0 -999.0 -999.0 -999.0 -999.0 -999.0 -999.0 -999.0 -999.0 -999.0 -999.0 -999.0 -999.0 -999.0 -999.0 -999.0 -999.0 -999.0 -999.0 -999.0 -999.0
343.1 346.8 350.7 351.5 364.8 510.8 606.7 618.6 735.0 748.7 738.9 793.8 890.0 891.8 892.8 893.2 904.4 846.2 829.0 780.8 816.3 915.5 912.5 894.7 703.1 856.3 810.4 711.9 834.7 932.9 904.0 886.6 826.7 884.3 907.2 875.8 860.4 856.4 868.8 847.8 882.9 804.7 779.8 373.2 410.0 644.3 696.7 544.4 568.7 576.9 492.3 433.7 332.9 -999.0 -999.0 -999.0 -999.0 -999.0 -999.0 -999.0 -999.0 -999.0 -999.0 -999.0 -999.0 -999.0 -999.0 -999.0 -999.0 -999.0 -999.0 -999.0 -999.0 -999.0 -999.0
322.3 329.3 340.6 358.4 357.0 560.9 605.2 649.2 762.5 721.1 716.4 784.6 885.9 820.5 793.7 791.1 781.0 732.0 750.6 668.5 711.4 743.7 728.0 706.8 787.2 715.4 746.8 619.0 815.6 838.7 872.4 892.8 923.0 918.2 905.6 877.4 856.5 893.0 842.1 821.1 803.6 787.6 720.0 567.0 515.1 687.9 719.2 709.2 718.9 596.3 507.1 364.3 332.9 329.9 -999.0 -999.0 -999.0 -999.0 -999.0 -999.0 -999.0 -999.0 -999.0 -999.0 -999.0 -999.0 -999.0 -999.0 -999.0 -999.0 -999.0 -999.0 -999.0 -999.0 -999.0
313.6 324.8 335.3 347.8 366.3 365.7 521.9 550.5 637.6 622.2 722.6 728.4 745.1 737.6 748.7 636.0 624.9 618.2 640.8 617.0 626.3 502.9 538.1 582.2 689.0 600.7 717.5 721.5 674.4 708.8 839.8 853.7 874.3 896.6 824.2 834.6 858.4 866.7 842.1 861.9 818.0 779.5 779.1 742.1 724.7 760.8 803.1 800.3 721.8 692.1 499.7 345.8 416.6 341.0 370.8 -999.0 -999.0 -999.0 -999.0 -999.0 -999.0 -999.0 -999.0 -999.0 -999.0 -999.0 -999.0 -999.0 -999.0 -999.0 -999.0 -999.0 -999.0 -999.0 -999.0
309.3 318.9 329.2 333.9 352.7 345.3 389.1 457.4 493.9 597.4 724.0 691.3 748.1 721.8 611.4 580.8 560.2 546.3 458.0 515.8 558.2 642.3 666.6 682.7 634.9 861.4 916.1 749.8 720.5 913.4 890.9 840.0 780.9 815.7 867.2 880.2 824.6 855.2 858.5 821.2 833.6 779.1 787.2 802.7 803.7 814.3 804.0 809.0 723.8 685.1 522.5 471.2 363.5 366.0 433.8 446.4 393.5 362.6 -999.0 -999.0 -999.0 -999.0 -999.0 -999.0 -999.0 -999.0 -999.0 -999.0 -999.0 -999.0 -999.0 -999.0 -999.0 -999.0 -999.0
303.7 312.2 321.5 320.2 348.3 357.6 367.1 358.9 371.2 394.7 494.1 576.5 561.7 610.4 486.2 452.5 443.6 549.9 613.7 733.9 744.4 707.3 777.1 788.4 749.4 867.9 974.4 857.5 912.9 995.0 990.7 969.9 856.6 909.9 968.1 894.8 848.8 846.8 860.5 860.1 833.7 817.2 804.7 802.3 806.3 816.1 815.3 806.9 734.0 727.8 560.4 503.2 367.9 412.0 606.5 519.1 470.7 392.2 412.8 -999.0 -999.0 -999.0 -999.0 -999.0 -999.0 -999.0 -999.0 -999.0 -999.0 -999.0 -999.0 -999.0 -999.0 -999.0 -999.0
300.6 305.7 326.0 319.3 324.0 347.5 349.4 361.1 380.3 365.8 386.5 380.9 403.7 458.4 474.8 591.9 600.4 611.5 595.1 609.2 740.3 897.0 843.9 898.0 902.8 846.5 851.3 901.5 929.8 979.3 995.8 958.1 915.5 910.5 900.2 867.7 848.8 846.8 835.9 860.9 808.3 804.7 804.7 807.4 806.3 833.6 821.9 819.5 809.6 726.7 662.9 569.4 566.4 570.5 618.9 620.4 615.6 504.0 433.2 399.0 -999.0 -999.0 -999.0 -999.0 -999.0 -999.0 -999.0 -999.0 -999.0 -999.0 -999.0 -999.0 -999.0 -999.0 -999.0
304.1 305.1 322.8 336.7 324.7 341.3 348.9 376.3 370.4 366.8 369.9 363.4 383.0 426.5 470.0 491.2 490.7 545.2 634.2 771.8 717.8 747.0 839.4 781.3 860.5 919.9 918.1 919.6 933.2 943.3 988.8 949.0 932.9 910.3 888.3 863.0 851.3 850.8 861.2 812.8 806.2 823.2 807.2 802.7 806.3 827.6 824.0 827.7 824.9 736.5 729.6 700.8 708.5 712.8 708.2 685.3 670.6 526.8 438.9 417.7 378.9 -999.0 -999.0 -999.0 -999.0 -999.0 -999.0 -999.0 -999.0 -999.0 -999.0 -999.0 -999.0 -999.0 -999.0
303.6 324.0 345.0 352.1 336.3 348.7 357.6 349.8 363.7 360.6 386.4 375.3 370.3 469.4 491.5 493.5 485.1 556.4 682.6 785.8 695.8 744.9 652.1 730.1 861.4 844.0 911.9 919.8 916.6 918.2 916.0 938.2 891.0 916.3 906.0 872.7 843.0 841.7 837.7 816.3 812.6 856.3 857.1 805.5 808.4 827.6 824.3 830.7 833.2 827.3 809.1 796.4 716.4 789.3 694.3 594.2 601.3 518.2 444.7 399.8 387.4 340.5 -999.0 -999.0 -999.0 -999.0 -999.0 -999.0 -999.0 -999.0 -999.0 -999.0 -999.0 -999.0 -999.0
408.6 417.7 417.4 451.6 422.0 427.5 347.0 353.2 373.1 353.4 378.0 382.8 365.2 380.4 420.9 521.5 507.6 558.4 591.0 683.0 663.9 611.1 572.0 661.3 722.6 809.3 909.1 907.5 909.7 909.1 910.9 903.0 855.1 900.1 908.3 880.8 903.1 841.0 831.8 807.5 802.6 808.6 810.3 805.5 846.1 817.7 821.5 830.7 833.2 872.1 852.3 809.1 807.0 719.4 699.1 539.5 484.8 544.8 461.2 435.8 355.6 331.0 349.6 -999.0 -999.0 -999.0 -999.0 -999.0 -999.0 -999.0 -999.0 -999.0 -999.0 -999.0 -999.0
441.2 457.4 477.5 332.0 336.1 425.2 417.2 423.7 353.9 373.2 362.9 364.9 372.1 388.6 396.2 422.0 537.1 512.1 589.1 620.2 688.8 524.6 611.3 735.3 884.7 902.5 853.7 836.7 908.6 905.6 904.9 887.8 848.5 849.4 842.4 838.4 850.9 841.7 828.7 834.2 803.3 812.1 809.1 805.9 806.7 818.6 825.7 845.2 833.2 851.4 831.3 814.3 806.5 809.6 753.8 688.6 473.7 520.7 581.2 481.5 374.6 374.6 367.8 -999.0 -999.0 -999.0 -999.0 -999.0 -999.0 -999.0 -999.0 -999.0 -999.0 -999.0 -999.0
482.0 416.2 449.2 430.8 345.0 456.6 454.9 429.6 415.3 354.9 343.4 356.3 363.8 390.3 396.8 385.4 397.3 412.7 466.8 596.4 514.1 572.1 740.3 753.2 781.0 894.4 747.5 812.9 863.5 903.2 902.7 884.3 841.9 845.6 834.7 817.6 817.5 829.2 870.5 819.1 800.9 809.1 809.1 811.1 819.6 877.7 822.7 889.3 832.7 833.3 835.4 842.6 810.9 809.5 724.7 725.4 690.9 412.7 411.9 534.4 417.8 377.1 338.5 -999.0 -999.0 -999.0 -999.0 -999.0 -999.0 -999.0 -999.0 -999.0 -999.0 -999.0 -999.0
428.8 500.7 477.2 464.3 330.2 378.8 490.9 511.0 481.7 417.9 353.1 353.5 366.1 382.6 395.8 399.7 411.5 434.8 423.7 420.9 562.6 608.6 669.9 703.5 798.1 803.4 688.4 757.0 844.7 882.0 900.2 880.9 837.7 840.5 826.7 812.3 743.8 818.5 814.4 808.5 741.7 827.6 810.4 808.8 807.2 818.5 823.9 827.3 834.8 835.1 833.3 833.3 821.0 808.8 740.1 722.5 722.2 510.3 353.3 368.0 514.4 375.4 344.4 298.4 -999.0 -999.0 -999.0 -999.0 -999.0 -999.0 -999.0 -999.0 -999.0 -999.0 -999.0
473.0 472.9 477.7 475.6 330.2 375.0 545.1 513.6 538.1 443.1 414.1 373.6 372.7 393.4 385.4 398.3 405.8 421.3 418.9 421.9 478.7 523.6 536.0 614.7 679.7 738.9 593.6 625.5 774.5 726.3 869.7 868.1 828.1 832.6 826.2 765.3 711.6 718.9 738.1 733.1 782.9 754.4 858.0 808.5 807.2 818.2 839.4 829.8 832.3 832.4 873.5 834.9 877.3 824.0 813.9 734.2 738.0 420.8 544.2 342.1 315.9 302.3 296.3 316.3 -999.0 -999.0 -999.0 -999.0 -999.0 -999.0 -999.0 -999.0 -999.0 -999.0 -999.0
