GSP_annual_reports_SON_2024_v1/GIS/SON_2022_Fall_Shallow.tif
NCOLS 191
NROWS  209
XLLCORNER 6295515.91401
YLLCORNER 1783415.49397
CELLSIZE 1000.0
NODATA_VALUE -999
[rows 132 to 164 of 209, columns 75 to 149 of 191]
197.5 192.7 192.6 195.0 192.8 197.5 199.9 200.5 203.7 205.3 208.1 208.9 210.0 213.7 208.9 232.5 211.6 210.6 249.8 232.4 256.5 277.0 267.9 289.1 287.8 322.7 259.5 314.1 718.7 720.7 772.8 766.4 739.2 731.9 760.2 675.3 672.6 663.7 631.9 570.1 494.3 438.0 392.3 361.5 88.1 72.2 57.9 52.2 44.9 38.3 37.5 42.3 41.6 37.6 33.6 27.4 22.1 18.3 18.7 19.5 19.2 20.2 22.2 22.1 23.4 21.1 17.9 19.8 17.8 18.4 24.6 42.1 43.7 54.1 64.8
192.6 193.3 192.4 193.0 193.9 193.9 197.9 198.3 201.7 205.3 206.8 209.8 208.9 208.9 208.8 209.0 209.0 208.7 207.2 208.6 219.3 274.5 258.4 265.1 253.4 300.3 261.2 306.4 313.5 360.7 742.3 764.4 700.3 757.4 763.0 747.8 673.1 596.5 655.8 596.5 501.1 445.9 430.6 343.1 270.3 105.8 60.5 46.4 49.4 39.0 39.8 41.0 39.2 35.8 34.7 29.3 19.2 17.9 18.2 17.8 16.0 12.8 12.1 14.8 17.7 14.8 18.6 17.0 11.2 16.7 23.3 31.4 43.5 51.5 61.9
184.2 186.2 184.3 184.3 184.9 186.6 188.4 190.8 194.0 194.9 197.4 199.7 200.1 202.6 207.6 202.6 201.2 202.7 202.9 202.6 203.0 227.6 249.0 250.9 225.7 242.4 240.4 281.6 241.4 318.7 329.5 698.8 641.9 734.4 693.8 733.0 732.9 659.9 597.7 583.6 516.2 411.0 370.3 307.5 287.7 128.2 101.4 64.6 48.8 39.3 39.0 38.2 39.6 37.6 35.1 32.4 23.7 20.0 17.1 17.5 14.4 10.8 10.9 8.6 8.3 7.5 13.4 10.7 16.6 40.8 26.4 30.2 47.4 47.4 53.0
202.1 207.8 205.4 182.8 195.0 183.8 185.6 187.2 189.9 191.5 193.6 196.1 201.0 201.1 202.7 202.0 203.1 201.5 202.4 202.1 202.1 202.8 207.4 217.4 229.8 239.6 238.3 244.0 242.0 283.6 268.9 265.5 330.9 337.0 707.9 627.5 636.9 665.3 696.5 676.8 540.5 429.0 397.6 293.2 262.3 243.6 152.1 56.6 51.6 40.0 39.4 37.8 35.9 33.8 34.2 30.8 23.0 19.7 14.9 14.8 13.3 8.9 9.2 7.8 4.5 7.4 4.6 6.4 12.4 38.8 16.5 29.2 45.4 43.2 61.2
211.9 200.8 224.7 182.3 182.9 196.3 183.8 185.8 187.4 190.3 191.8 192.8 193.6 196.9 196.2 199.7 199.5 202.8 205.5 201.4 202.5 204.0 205.4 210.2 210.2 208.3 208.1 215.2 212.6 241.3 252.3 258.8 275.1 265.9 312.1 596.9 592.3 600.1 611.4 595.0 587.2 464.3 389.1 293.3 320.6 264.3 139.5 79.2 49.0 40.3 37.4 37.3 32.2 33.6 34.0 31.2 21.8 21.1 15.8 13.4 10.1 8.1 8.8 4.0 2.2 7.5 3.7 1.9 3.3 12.8 26.0 37.0 40.8 43.0 47.2
211.8 226.7 215.3 207.4 183.3 180.2 182.1 182.6 183.7 185.0 185.2 189.2 192.0 192.1 199.9 195.5 197.9 197.3 199.2 199.2 201.1 202.8 202.7 217.7 204.9 201.2 201.8 200.6 210.1 211.5 241.6 245.8 239.0 234.8 271.4 317.4 603.3 555.8 582.4 571.0 591.3 517.8 466.8 321.6 292.5 323.5 249.6 61.2 46.5 41.6 36.0 33.1 30.4 28.6 28.0 24.6 21.4 17.9 18.8 12.9 9.0 6.3 4.7 3.1 0.3 6.9 1.5 -4.3 -3.6 -3.5 11.0 34.9 33.8 42.3 45.4
204.2 205.1 206.6 187.7 195.9 208.8 181.8 179.8 182.7 182.3 183.0 184.9 184.8 188.7 189.2 190.4 195.0 194.8 194.1 197.1 198.5 199.4 200.0 202.1 200.8 202.6 203.2 211.0 201.4 199.7 220.8 235.5 226.0 220.9 236.0 243.7 259.9 529.0 496.6 508.4 537.8 545.8 509.7 441.3 287.3 317.7 245.5 64.6 47.6 38.5 33.8 31.2 27.9 27.8 22.4 21.9 18.2 17.3 14.6 13.6 9.8 6.3 5.3 3.6 3.1 10.1 3.9 -2.4 -4.8 -5.6 1.2 9.7 36.7 33.9 49.4
199.4 199.3 201.8 214.4 199.1 182.8 180.7 178.7 188.9 181.4 182.7 182.6 183.7 184.7 183.8 188.2 190.2 190.9 193.3 192.8 196.7 198.5 209.2 199.1 200.0 201.1 199.4 222.6 225.6 235.5 235.0 210.6 212.7 208.7 206.9 193.9 178.4 192.6 198.0 449.8 515.3 519.2 527.9 444.3 352.1 250.7 260.9 186.3 41.0 41.1 33.3 29.7 26.3 25.3 26.3 20.3 14.6 14.7 12.4 10.4 9.5 6.7 5.1 3.6 3.1 6.0 3.9 -2.0 -6.8 -10.0 -8.1 -0.7 16.1 30.0 37.8
202.6 214.3 213.6 191.4 199.7 178.9 177.4 175.4 176.6 177.2 178.4 179.6 178.9 180.2 179.8 182.3 182.2 187.3 187.6 188.8 191.3 191.5 195.7 195.6 196.1 195.7 240.0 224.7 223.7 213.5 216.1 217.4 192.9 219.0 167.9 166.2 172.7 171.8 168.7 443.2 439.4 424.7 495.7 443.1 337.5 257.6 233.1 190.2 177.3 41.0 33.4 29.5 24.6 23.3 23.6 20.5 11.0 16.6 16.2 12.8 8.1 7.2 4.5 4.0 1.8 3.3 1.6 -1.7 -7.0 -11.0 -11.7 -9.2 6.3 21.3 36.7
206.3 224.8 223.0 225.8 186.8 194.5 174.8 174.7 174.6 175.3 175.3 175.3 175.5 177.0 178.0 178.3 179.2 181.0 184.4 186.1 199.5 189.2 189.0 189.7 189.5 190.1 204.8 212.7 204.9 217.0 230.5 233.5 222.5 216.1 196.6 163.6 162.9 178.3 182.2 191.6 454.0 437.7 463.5 473.4 379.2 272.4 248.8 244.6 181.2 59.0 38.7 29.4 24.8 23.3 21.1 19.0 12.8 14.2 12.1 11.0 6.6 6.3 3.8 1.5 0.2 1.2 -0.4 -3.7 -8.5 -10.8 -18.0 -15.9 -1.1 10.3 23.7
223.9 251.8 229.9 195.7 197.9 204.6 174.7 174.8 174.8 174.9 174.8 174.9 174.9 174.8 175.3 175.6 178.3 178.8 179.9 184.4 185.3 187.4 187.3 187.3 186.6 538.5 206.0 236.7 236.2 223.0 216.1 239.6 256.6 231.9 205.8 184.1 159.2 178.4 188.8 184.1 188.2 447.5 443.1 479.7 409.5 317.3 359.2 347.7 214.7 181.9 68.6 36.7 26.1 24.3 21.9 15.6 10.5 10.5 8.2 5.6 6.5 7.7 4.1 1.3 -0.4 1.9 -2.1 -5.5 -6.8 -10.1 -13.1 -15.7 -4.6 9.9 19.5
232.7 221.1 226.4 218.7 531.1 193.2 221.1 173.8 174.3 173.9 174.5 173.9 174.3 175.3 173.5 174.5 175.3 178.3 177.9 177.6 180.9 183.3 186.1 186.1 186.2 532.7 533.8 222.7 213.8 238.6 273.3 236.6 259.7 223.1 221.3 221.3 197.2 160.4 172.7 159.0 220.9 215.2 454.5 398.7 442.1 369.1 429.4 444.6 373.1 274.1 180.9 70.2 35.3 30.5 22.7 18.9 7.6 4.9 3.8 3.8 3.1 2.9 4.4 2.1 -0.4 -1.0 -1.3 -5.4 -7.8 -9.1 -9.6 -12.3 -11.4 6.0 19.7
199.8 522.5 523.4 538.8 549.1 520.2 178.3 189.5 179.0 186.5 173.7 173.7 173.5 174.1 174.2 174.2 174.6 174.7 175.0 192.2 179.1 180.8 179.4 179.4 179.4 527.7 552.7 533.8 205.5 225.9 242.6 247.3 245.8 264.4 240.1 233.6 206.2 188.1 178.1 197.5 211.6 253.3 463.7 409.6 397.5 400.1 460.7 487.5 459.2 400.0 255.3 183.2 42.5 36.7 28.7 19.7 9.0 5.7 1.6 0.9 1.2 1.5 4.5 2.3 -0.3 -1.3 -0.8 -4.0 -8.0 -9.0 -5.7 -9.2 -13.6 2.4 9.3
525.7 558.3 521.7 520.2 529.6 512.6 507.9 176.8 171.4 171.4 180.4 178.0 172.2 172.3 171.7 171.8 171.5 172.1 180.9 171.3 173.1 172.7 174.8 174.6 175.1 175.7 205.9 185.8 539.8 213.3 227.7 240.8 232.7 242.6 237.9 244.1 201.5 185.3 169.2 220.1 266.4 249.9 256.9 253.2 450.5 444.2 524.9 570.0 523.9 389.9 244.6 274.3 185.4 48.8 29.5 18.5 7.1 0.9 -0.7 -0.9 -2.4 2.4 1.4 -0.0 1.0 -1.2 -1.8 -2.1 -6.1 -6.0 -7.3 -5.5 -8.6 -6.7 -4.3
557.8 547.8 560.3 532.7 519.8 519.0 508.4 175.2 172.7 507.5 170.9 171.3 171.9 171.1 507.1 171.6 170.9 171.1 170.9 170.5 171.8 172.2 171.9 172.8 172.6 174.0 175.4 181.5 542.0 558.4 269.9 227.6 226.1 216.4 220.0 256.4 291.2 217.8 169.7 182.3 208.2 266.4 289.3 278.2 487.2 433.2 465.2 524.6 610.1 458.7 434.2 376.8 299.3 193.8 38.5 20.7 13.4 5.9 -1.4 -1.4 -1.8 -0.9 -0.4 0.0 0.2 -0.7 -1.8 -3.2 -5.5 -5.1 -5.2 -6.9 -6.4 -9.3 -8.7
570.7 565.1 569.4 576.0 548.3 528.6 516.8 509.5 507.9 531.8 528.5 518.4 507.7 509.5 540.4 174.8 170.8 170.7 170.7 170.7 171.0 170.5 171.1 171.1 171.1 171.3 171.8 174.4 207.3 572.6 554.0 227.3 270.3 308.1 268.8 244.1 266.3 263.4 219.1 181.6 227.6 289.1 252.0 213.6 209.9 461.8 479.9 529.3 567.5 560.9 456.9 366.3 430.6 362.2 202.3 26.6 17.0 9.9 1.5 -2.9 -2.7 -1.3 -0.5 0.2 0.1 -0.4 -1.8 -3.4 -4.5 -5.1 -5.5 -5.9 -6.1 -7.1 -8.7
551.4 576.1 640.3 639.7 577.0 539.5 517.0 514.9 512.5 531.4 535.4 539.5 537.6 573.0 551.5 540.9 170.4 170.3 170.3 170.5 170.5 170.6 170.5 180.4 170.7 170.7 171.8 170.8 175.7 208.6 576.1 560.2 301.7 321.6 327.7 282.1 195.0 191.9 162.8 160.5 214.0 223.1 240.4 203.7 257.4 500.0 486.9 493.7 533.1 591.9 555.0 451.7 418.6 381.9 243.5 57.5 24.9 14.3 3.8 -2.7 -4.0 -1.0 0.2 1.8 0.3 1.7 -0.8 -3.0 -4.1 -4.8 -5.4 -5.4 -6.1 -6.5 -6.2
616.4 647.9 577.7 571.3 572.6 545.1 530.5 566.7 554.3 536.9 519.3 521.8 553.0 600.2 595.5 553.3 507.8 170.9 170.9 184.5 170.8 170.9 170.9 170.6 170.6 171.1 171.0 171.1 172.1 177.0 517.6 574.2 547.7 225.5 210.1 200.2 203.5 177.7 163.5 159.1 170.4 180.2 208.8 243.3 201.7 499.0 533.7 506.9 538.6 630.6 656.4 487.8 413.8 257.8 204.5 202.2 32.1 15.0 6.6 -1.2 -1.8 0.7 0.5 1.2 1.4 0.8 -0.2 -1.8 -3.9 -4.0 -4.8 -5.2 -6.6 -6.1 -5.6
732.0 717.2 690.0 624.7 573.0 538.8 574.4 573.0 523.3 519.2 550.1 538.3 551.5 633.6 586.2 576.2 556.6 507.3 171.0 170.8 170.9 170.8 170.8 170.8 170.9 170.6 171.0 170.7 171.0 174.0 535.0 563.9 528.3 526.9 554.9 288.0 274.3 257.0 252.4 193.9 157.2 194.9 176.7 239.6 181.9 486.4 530.1 580.4 522.9 542.5 626.5 631.9 491.0 449.0 286.1 196.3 177.0 14.8 7.0 -1.4 -2.1 -0.2 0.6 0.9 1.4 1.1 0.4 -1.3 -2.8 -4.0 -4.6 -4.1 -5.9 -5.2 -4.3
707.9 735.0 714.5 622.3 610.4 570.3 544.1 598.5 520.9 521.9 556.6 551.0 576.1 580.3 580.6 633.9 573.2 550.6 524.6 170.9 171.0 171.0 170.8 171.0 171.1 175.0 170.9 171.1 170.3 170.9 535.6 515.9 505.3 513.0 497.3 491.4 269.4 295.8 284.7 266.1 226.7 152.8 164.2 206.1 199.5 228.2 522.5 584.9 590.5 593.8 654.8 685.7 480.4 400.1 275.9 241.4 185.1 41.4 13.1 2.3 -0.3 -0.3 0.5 0.8 1.6 1.5 0.5 -1.1 -2.7 -3.3 -3.9 -4.0 -4.0 -3.6 -4.1
605.0 667.3 691.6 643.8 690.6 626.8 568.0 631.5 576.1 521.3 521.1 567.0 611.4 665.1 576.8 576.8 569.0 529.2 174.8 170.9 171.0 171.1 171.3 171.1 171.0 171.0 171.0 170.2 171.1 171.2 171.1 187.3 160.5 197.2 475.3 482.9 474.1 457.9 216.6 210.5 172.1 152.0 153.7 166.7 157.6 196.3 460.9 582.4 653.7 634.0 722.4 735.5 607.5 447.4 383.5 357.3 221.0 182.9 23.6 152.5 6.7 -0.7 0.2 1.1 1.2 1.5 1.0 -0.9 -2.5 -3.4 -3.8 -4.2 -3.7 -3.3 -3.9
568.9 596.5 665.7 679.3 647.7 611.6 599.7 550.3 521.3 533.2 529.5 525.7 659.8 598.7 574.8 561.9 550.0 514.6 536.0 184.3 534.6 171.2 171.1 171.1 171.1 171.1 171.0 171.0 171.0 171.3 171.3 171.0 158.4 160.5 450.2 486.2 512.1 502.6 443.0 416.5 156.7 151.9 153.8 153.1 152.4 172.0 408.8 556.3 677.9 696.4 652.8 701.0 677.6 532.9 468.8 340.5 244.9 189.9 174.3 181.1 150.8 -0.3 0.5 0.7 1.5 1.9 1.4 -0.7 -2.2 -2.9 -4.0 -3.7 -5.2 -3.6 -3.8
681.4 669.7 666.7 642.1 677.3 671.2 607.9 622.1 576.9 574.8 577.6 578.8 649.1 572.6 538.8 520.7 535.3 546.3 203.8 535.4 540.6 532.6 199.8 171.2 171.3 171.1 171.2 171.1 171.1 171.4 171.4 170.0 157.1 157.6 139.5 450.6 471.8 534.4 525.6 458.7 421.3 386.6 152.2 150.9 155.4 165.3 418.7 456.4 544.4 582.1 650.6 643.7 631.6 651.6 578.5 437.6 337.5 236.3 184.4 171.8 175.1 163.7 11.5 1.2 1.1 1.9 1.4 -0.5 -2.7 -2.8 -4.4 -3.6 -3.9 -3.9 -3.8
610.1 625.3 675.6 579.8 690.4 691.0 608.1 676.0 576.9 610.8 729.9 648.3 570.1 573.0 564.1 576.1 574.6 576.9 541.7 547.5 521.2 197.0 171.3 171.1 171.1 171.1 171.3 171.2 171.4 171.4 171.4 171.3 156.4 156.2 137.9 140.6 456.3 490.8 561.1 523.1 504.5 394.0 383.7 149.9 145.9 150.4 396.4 447.2 468.8 532.2 589.5 576.8 578.1 598.0 583.7 508.5 376.5 327.9 200.4 176.9 163.3 11.7 151.5 5.9 2.0 1.6 1.8 0.5 -1.5 -2.3 -3.4 -3.9 -3.9 -4.0 -4.1
583.9 593.4 643.1 546.6 595.8 664.1 664.7 610.4 577.3 608.1 704.8 685.3 643.6 643.8 691.6 671.8 608.1 622.3 551.5 556.0 539.4 187.5 189.3 171.0 171.1 171.1 171.1 171.1 171.0 171.4 171.4 171.4 156.7 157.6 155.0 162.8 157.1 184.7 469.4 282.9 248.9 432.9 385.2 371.0 145.8 154.9 380.3 398.6 464.6 498.6 552.4 596.7 569.4 576.9 617.4 622.2 480.5 429.8 258.4 201.5 173.3 12.7 4.0 35.8 1.7 1.6 1.7 0.5 -1.5 -2.3 -3.3 -3.8 -4.0 -3.5 -3.8
577.1 628.3 574.8 562.5 556.5 549.4 549.8 583.3 606.0 690.6 615.7 652.8 551.8 692.5 676.6 659.0 660.8 633.2 576.6 576.7 562.8 175.7 171.2 171.2 171.4 171.2 171.2 171.2 171.3 171.1 171.4 171.3 157.4 157.3 144.3 158.5 145.2 170.4 176.4 180.9 251.8 247.7 450.2 394.8 387.8 149.7 377.9 419.7 445.7 533.1 560.1 567.2 524.0 527.8 550.3 567.9 561.1 492.5 419.2 349.3 209.3 190.7 22.3 4.3 1.7 1.7 1.6 1.2 -1.2 -2.4 -3.5 -3.7 -3.6 -3.4 -3.5
577.2 539.6 557.8 -999.0 615.9 617.7 658.8 670.1 643.4 622.3 577.0 576.9 640.3 694.2 641.7 608.2 638.1 597.9 576.8 610.8 576.7 548.7 508.2 171.2 171.2 171.2 171.2 171.2 171.1 171.2 171.1 171.1 157.5 157.4 135.5 158.6 160.6 147.2 152.7 181.6 214.6 239.8 502.9 465.1 397.6 373.2 146.0 200.6 297.9 549.5 561.1 511.8 512.8 526.2 519.4 544.7 526.2 512.8 507.4 420.8 364.7 253.8 56.5 1.2 1.7 1.7 1.8 1.4 -1.3 -2.4 -3.2 -3.5 -3.6 -3.4 -3.5
-999.0 -999.0 -999.0 -999.0 -999.0 -999.0 779.8 740.0 576.9 579.2 544.1 579.2 671.6 647.9 653.1 546.3 584.4 216.3 203.6 288.5 284.7 225.4 179.7 508.2 508.2 171.3 171.3 171.3 171.2 171.2 171.2 171.2 157.6 157.4 135.4 130.6 138.5 150.2 186.4 191.7 186.3 206.5 501.6 480.3 491.7 421.2 380.4 127.0 193.0 286.5 270.6 263.7 264.9 217.0 504.2 521.7 532.8 498.6 499.3 249.3 216.5 241.4 166.1 1.4 1.9 1.8 0.5 1.1 -1.5 -2.4 -3.4 -3.8 -3.5 -3.2 -3.0
-999.0 -999.0 -999.0 -999.0 -999.0 -999.0 -999.0 687.9 663.1 533.4 560.0 572.3 561.9 576.5 566.2 536.5 537.5 529.3 183.5 181.9 179.9 170.8 171.1 175.2 553.5 553.9 508.2 171.3 171.2 171.3 171.3 171.4 157.4 157.5 135.5 134.9 154.1 154.7 174.7 211.7 168.1 173.6 183.4 179.0 498.0 461.0 413.6 126.3 155.0 162.2 167.1 182.1 279.5 189.8 244.9 250.3 457.0 484.5 455.9 237.6 225.0 192.2 216.9 161.3 1.9 1.3 1.8 1.3 -1.6 -2.6 -3.2 -3.4 -3.0 -3.2 -3.1
-999.0 -999.0 -999.0 -999.0 -999.0 -999.0 -999.0 601.9 559.7 556.5 616.9 691.7 693.0 649.1 614.5 559.3 568.5 539.8 507.8 507.8 170.8 170.9 171.4 171.4 190.9 219.3 197.0 171.3 171.3 171.3 171.3 171.2 157.5 157.6 135.7 138.6 129.4 134.1 165.1 176.5 168.3 181.6 142.7 189.8 246.0 236.4 240.4 220.3 187.5 117.0 106.2 128.0 156.8 134.4 222.9 215.2 384.6 347.5 190.3 200.7 237.3 157.1 225.7 165.8 136.8 1.9 1.8 1.4 -1.3 -2.5 -3.1 -3.5 -4.0 -3.9 -3.6
-999.0 -999.0 -999.0 -999.0 -999.0 -999.0 -999.0 292.4 214.0 558.3 610.4 583.9 606.4 569.8 568.8 532.5 556.5 554.3 516.7 534.9 531.6 171.0 171.1 171.4 175.1 171.2 171.2 171.2 171.2 171.3 171.3 171.3 157.6 157.6 135.7 138.5 123.0 141.3 126.9 157.5 166.3 147.6 143.0 188.9 203.3 242.3 197.9 269.3 284.0 237.9 153.1 133.3 104.2 97.9 105.7 109.8 112.4 340.9 328.1 179.1 204.6 197.2 286.1 195.5 135.0 1.5 1.8 1.5 -1.1 -2.7 -2.7 -3.8 -2.7 -3.2 -2.9
-999.0 -999.0 -999.0 -999.0 -999.0 -999.0 -999.0 -999.0 248.7 236.5 554.6 545.1 529.4 518.2 536.3 531.7 554.2 547.6 522.9 583.7 576.1 532.7 527.0 170.0 171.4 171.3 171.3 171.2 171.2 171.3 171.2 171.3 157.5 157.5 135.4 129.6 122.4 124.1 126.7 133.8 138.2 181.5 142.8 173.1 209.8 156.8 233.3 469.1 268.7 298.8 248.7 158.7 141.1 106.3 106.0 114.9 103.3 334.9 317.2 301.9 276.4 279.6 239.4 185.4 16.0 1.5 1.7 1.4 -1.2 -2.5 -2.9 -3.7 -3.5 -2.9 -2.6
-999.0 -999.0 -999.0 -999.0 -999.0 -999.0 -999.0 -999.0 187.2 222.9 197.5 234.2 576.9 566.2 556.1 510.8 508.5 508.1 532.4 519.3 562.5 575.3 562.9 550.6 194.3 180.4 171.3 171.2 171.2 171.2 171.2 171.2 157.5 157.5 135.5 130.4 122.9 114.0 110.7 115.7 133.8 134.1 122.0 170.5 145.9 139.5 172.9 455.0 508.7 538.8 289.6 228.1 182.7 139.7 96.8 86.6 104.4 320.8 306.6 274.3 247.1 217.2 184.5 25.3 1.8 1.6 1.8 1.4 -1.3 -2.5 -3.0 -3.5 -3.4 -3.0 -2.7
