GSP_annual_reports_SON_2024_v1/GIS/SON_2023_Spring_Deep.tif
NCOLS 191
NROWS  209
XLLCORNER 6295515.91401
YLLCORNER 1783415.49397
CELLSIZE 1000.0
NODATA_VALUE -999
[rows 99 to 131 of 209, columns 75 to 149 of 191]
203.3 206.0 210.3 210.3 231.2 512.1 586.7 571.4 684.7 766.1 472.3 810.5 820.9 902.4 1029.9 1008.6 1046.8 1050.1 1133.4 1128.3 1150.4 1151.8 1152.5 1172.7 1172.7 1195.7 1199.4 1177.3 1142.1 1115.0 935.9 705.8 629.0 589.0 594.2 499.1 501.3 379.8 362.8 188.8 130.9 146.2 229.0 201.7 224.4 306.2 240.6 257.0 281.0 381.5 465.1 645.6 737.6 738.6 752.9 755.7 725.3 850.7 862.3 876.2 884.1 876.5 886.5 887.3 906.7 907.9 906.5 867.0 917.5 909.4 877.7 919.9 924.9 854.9 777.8
214.0 216.1 221.7 221.9 222.4 500.4 555.6 596.0 696.9 741.7 814.5 818.9 825.0 899.6 1010.8 1079.2 1156.1 1155.5 1151.0 1155.5 1155.5 1162.9 1157.6 1165.9 1177.8 1200.7 1205.0 1203.4 1179.6 1145.4 1046.2 790.0 604.7 647.1 631.4 535.6 470.1 492.9 408.3 183.6 127.6 225.3 137.3 115.9 215.7 215.0 254.5 280.0 300.1 346.1 406.9 510.2 690.8 626.4 728.3 719.5 691.1 865.2 862.3 815.4 881.4 886.5 885.6 892.5 906.4 908.7 914.3 778.9 787.2 888.0 800.5 862.6 926.5 871.6 782.7
205.2 207.6 212.4 216.7 255.4 484.9 575.4 608.4 637.7 739.6 786.3 808.3 820.8 864.6 917.3 1007.3 989.9 1079.8 1166.1 1106.6 1166.1 1167.5 1157.6 1174.0 1177.8 1208.9 1212.6 1209.0 1173.8 973.1 880.1 793.4 743.4 668.2 650.6 575.7 505.0 507.3 388.7 169.6 167.6 109.0 108.4 87.7 69.0 75.8 219.1 220.7 237.9 332.7 389.9 476.5 582.7 498.9 583.6 694.1 666.7 720.5 851.2 757.7 755.9 898.7 908.9 896.9 903.7 925.0 927.9 934.2 810.9 772.9 778.8 829.6 844.1 847.7 802.0
207.4 205.3 205.6 216.7 225.5 280.8 569.5 585.7 652.8 769.6 840.4 797.3 834.9 828.7 848.1 942.1 1055.9 1073.8 1159.2 1112.0 1177.5 1172.9 1166.7 1180.1 1183.2 1202.6 1214.3 1232.2 1222.1 1080.8 839.0 876.6 758.2 763.9 670.3 569.3 493.5 408.1 378.6 213.0 141.8 100.9 95.8 74.7 61.4 66.8 70.4 213.3 221.6 230.0 342.8 414.4 395.3 410.0 650.1 533.5 525.2 646.4 690.0 727.8 715.9 871.4 887.7 895.1 864.5 916.7 935.1 932.6 811.7 782.3 753.0 774.2 781.6 793.5 777.3
213.0 201.4 205.5 210.7 307.1 276.5 311.8 592.8 636.9 634.9 690.6 788.1 819.9 830.0 908.6 955.5 1034.8 1060.3 1191.8 1154.0 1127.5 1193.9 1187.1 1199.8 1156.1 1208.3 1235.3 1246.6 1252.6 1172.5 955.3 972.0 902.7 831.5 688.4 596.1 501.6 506.7 470.8 222.4 215.7 110.0 93.8 69.9 60.4 66.7 67.3 58.0 213.9 232.2 285.1 374.6 456.6 502.7 529.6 488.1 431.1 471.6 578.8 686.9 686.0 735.8 766.9 900.4 767.4 842.3 941.9 889.5 902.0 795.3 671.7 682.7 651.7 676.8 598.6
207.1 201.1 222.0 256.5 205.6 291.7 302.5 322.1 652.9 752.4 844.9 868.7 845.0 821.7 862.4 940.7 1035.4 1056.4 1187.6 1198.3 1168.6 1207.9 1206.2 1214.4 1218.9 1241.1 1249.3 1249.4 1261.1 1226.8 1188.7 992.1 863.1 807.9 790.4 722.8 641.5 480.6 509.8 214.7 195.4 177.3 63.5 37.7 54.6 51.4 51.7 43.9 43.1 211.2 299.0 400.7 390.6 425.7 472.6 386.1 412.6 443.3 665.1 668.4 583.7 664.0 721.9 782.8 737.6 784.6 862.5 795.8 958.6 830.1 724.1 613.0 582.7 537.8 567.5
205.2 208.4 215.2 217.4 295.1 234.9 311.2 328.2 627.1 705.3 796.3 865.2 861.3 951.7 1038.9 1099.8 1078.2 1078.3 1139.4 1193.5 1220.5 1181.9 1212.0 1229.1 1228.6 1226.1 1258.8 1275.2 1275.2 1239.0 1242.5 1180.2 985.1 857.5 783.5 774.0 696.7 596.4 499.7 232.5 204.8 149.0 169.5 56.9 46.7 42.1 45.3 36.7 32.2 212.4 257.4 271.8 256.9 376.8 392.8 372.3 472.4 510.4 645.5 654.2 503.3 587.6 665.6 693.1 698.4 742.7 778.3 790.5 956.8 821.3 760.7 697.5 664.0 583.4 537.9
196.2 206.8 207.8 201.7 200.5 290.2 252.9 286.0 341.5 674.0 711.2 796.6 839.1 887.2 881.6 977.0 1089.8 1217.8 1057.2 1144.6 1213.5 1217.8 1227.9 1236.7 1241.6 1277.0 1259.2 1271.1 1282.9 1284.1 1258.3 1198.8 1108.5 931.3 787.8 766.2 701.5 563.7 541.5 271.4 201.2 97.6 36.8 43.3 44.4 44.0 34.1 29.6 27.5 207.8 206.7 304.8 395.0 380.5 404.4 397.1 423.1 550.3 615.4 577.6 477.3 503.4 486.5 527.8 679.0 730.9 663.8 770.5 782.5 805.2 795.4 848.2 773.0 709.7 753.2
191.0 197.4 204.3 206.9 196.2 219.5 248.6 279.1 309.7 330.2 673.4 662.0 777.6 840.9 883.1 896.6 929.0 990.1 1056.9 1221.4 1216.2 1217.8 1227.9 1224.4 1208.0 1262.8 1259.2 1292.3 1271.1 1285.0 1262.7 1215.1 1111.8 955.6 864.2 807.8 660.6 596.1 516.9 446.1 174.7 117.3 38.0 39.9 33.5 23.1 21.0 19.0 17.4 20.2 219.3 319.2 371.2 373.0 397.3 388.4 432.7 483.8 558.5 661.6 554.6 429.7 463.3 533.9 584.6 607.2 771.4 747.4 767.4 827.2 839.6 856.4 812.8 781.1 820.4
182.5 182.5 193.1 194.2 195.0 209.1 237.1 543.4 294.8 328.7 657.8 685.2 725.8 825.1 836.0 900.7 886.7 970.6 1106.6 1237.9 1256.2 1251.3 1196.4 1257.8 1258.1 1274.5 1259.1 1296.4 1293.5 1305.8 1299.0 1237.7 1139.4 1126.6 970.0 875.7 747.0 623.6 497.7 423.4 196.4 134.5 119.1 45.0 20.1 5.8 10.7 5.7 6.0 9.4 14.7 228.6 337.9 347.1 360.8 369.7 439.5 471.0 519.2 659.7 494.5 421.1 437.4 503.1 512.0 625.2 769.4 785.7 747.3 843.9 1009.3 855.5 934.1 838.4 840.3
177.6 180.4 461.0 510.1 553.0 543.2 570.0 630.5 632.6 624.6 661.4 726.4 700.6 899.0 859.2 959.5 962.8 1012.8 1140.7 1258.4 1250.2 1264.8 1257.1 1277.8 1240.0 1282.1 1295.7 1300.5 1318.7 1305.1 1309.1 1239.7 1154.4 1137.5 1114.2 960.6 831.3 672.6 543.7 438.9 391.2 174.5 94.6 27.5 -2.6 -1.0 7.0 1.9 9.5 9.1 15.3 27.1 276.2 284.8 364.0 359.8 365.5 454.9 579.6 584.8 420.2 532.0 429.1 439.7 487.9 560.0 593.8 747.1 695.2 854.8 874.4 820.3 1015.8 838.0 843.5
172.6 444.0 472.8 558.3 547.5 575.7 622.7 624.4 650.6 689.5 704.9 735.9 795.4 899.7 908.7 916.3 973.0 973.4 1036.8 1223.5 1250.2 1258.8 1275.0 1225.0 1257.7 1296.5 1295.7 1304.5 1306.3 1305.1 1308.5 1245.7 1157.5 1139.2 1114.7 1090.2 860.9 734.9 569.9 510.4 370.1 323.9 159.4 71.6 -3.0 -14.5 22.2 5.0 3.0 8.7 19.7 194.4 260.5 222.2 345.9 340.3 360.4 419.6 372.9 374.5 397.6 442.0 472.2 425.8 491.6 510.0 587.4 671.5 797.8 825.3 880.7 802.4 863.8 865.3 865.8
444.2 444.9 474.5 547.4 569.5 587.2 510.5 559.4 649.1 637.9 708.0 739.7 824.9 878.8 859.2 907.3 990.3 1044.7 1096.2 1179.8 1236.5 1278.9 1219.6 1285.5 1277.4 1300.4 1300.4 1312.8 1285.2 1285.2 1320.9 1254.3 1163.1 1152.2 1123.9 1089.1 850.3 685.6 602.9 467.2 395.5 366.4 265.9 31.1 10.8 -11.5 2.1 1.5 5.8 13.6 27.8 167.9 159.2 159.2 283.6 310.5 353.8 370.1 336.0 417.3 453.3 615.0 532.1 647.2 605.2 688.1 537.5 704.8 788.0 832.4 844.1 740.9 847.0 935.0 864.0
160.9 508.6 488.3 221.1 181.0 239.5 181.8 593.6 235.9 638.7 751.3 779.1 788.1 858.6 944.8 956.0 975.5 1070.9 1115.2 1201.1 1253.1 1278.6 1312.3 1328.8 1333.1 1355.4 1323.4 1339.1 1363.6 1369.6 1326.3 1293.4 1210.7 1193.7 1162.9 1067.3 836.6 667.3 554.6 504.4 433.6 382.7 318.0 2.0 2.5 -6.6 -1.9 -1.4 1.9 16.3 26.6 48.8 139.2 225.9 203.9 259.9 343.8 328.5 327.7 369.5 429.0 558.2 450.8 594.1 616.2 641.9 494.8 515.7 730.1 821.5 873.2 736.3 701.7 895.8 850.9
161.4 167.9 169.4 176.8 175.3 172.9 171.9 215.1 214.8 641.8 775.1 800.0 834.6 940.5 877.8 954.1 964.8 990.3 1129.6 1123.4 1173.3 1207.1 1296.0 1310.7 1337.0 1354.6 1366.3 1352.2 1357.9 1375.1 1365.0 1312.1 1222.3 1202.4 1144.8 1088.0 892.3 704.2 623.5 541.8 407.6 352.9 127.5 -7.4 -21.8 -9.4 -1.2 1.3 -1.5 18.4 35.3 55.0 129.6 156.6 181.9 215.6 310.3 295.5 306.9 351.1 453.3 399.9 402.0 507.1 557.7 492.7 478.6 512.2 579.0 769.7 840.7 638.7 641.7 872.3 869.7
162.6 172.0 167.2 165.9 168.6 171.4 174.2 170.7 521.5 640.6 711.1 760.7 787.3 867.9 881.2 949.5 945.1 1019.3 1084.8 1100.3 1153.8 1255.9 1225.5 1301.5 1369.4 1382.8 1354.0 1367.9 1397.1 1376.3 1376.3 1273.6 1234.0 1173.5 1138.6 1093.0 1015.5 801.7 636.3 580.2 537.9 382.7 82.1 63.9 -1.9 -2.9 -6.5 -10.2 4.8 22.9 41.3 53.6 68.0 140.9 118.2 151.6 232.9 175.0 277.9 347.5 353.3 376.9 391.5 442.1 417.8 440.8 407.9 496.7 593.9 744.5 642.7 651.2 709.4 834.6 849.1
156.9 158.5 164.2 163.5 163.6 167.5 172.2 174.5 562.2 620.5 685.1 758.0 367.2 843.4 859.6 933.2 955.3 963.5 1002.5 1049.3 1134.2 1201.5 1234.4 1351.2 1364.0 1344.3 1382.8 1321.0 1362.2 1400.6 1376.3 1294.5 1112.1 1032.8 1048.6 1036.1 886.9 895.0 786.3 629.8 604.6 430.3 70.7 5.7 -17.9 -12.3 -6.5 -3.6 -1.1 24.3 33.4 58.1 77.0 70.5 62.4 144.8 118.5 177.3 264.8 341.3 332.1 356.7 344.8 363.8 362.9 354.0 373.3 479.5 520.6 538.1 545.9 572.4 679.7 788.1 655.1
155.4 152.7 154.8 158.9 153.2 163.0 172.3 165.9 214.8 593.0 681.1 757.7 355.1 348.4 833.9 873.5 902.3 968.4 977.5 1063.5 1090.9 1197.8 1251.6 1231.5 1246.8 1398.5 1360.0 1373.9 1382.3 1397.0 1387.6 1256.0 1066.3 953.8 919.9 873.2 813.7 786.4 840.4 769.1 710.2 501.2 343.8 -16.9 -18.7 -9.6 2.7 -4.7 5.3 21.0 31.0 53.5 81.4 78.1 73.3 100.7 117.7 281.1 316.2 343.0 310.9 309.1 318.6 309.4 268.9 390.1 414.5 467.7 516.9 424.3 489.8 465.8 647.8 641.9 640.3
154.9 154.8 155.5 156.9 157.4 156.9 169.3 164.6 214.3 601.7 644.1 664.9 700.7 353.4 373.0 815.4 809.4 893.1 984.0 963.7 1081.0 1053.5 1066.7 1108.3 1268.5 1401.8 1398.3 1353.4 1333.4 1327.3 1413.8 1277.6 1056.1 927.3 914.3 774.5 690.9 660.2 634.2 680.3 589.1 426.5 387.4 -16.6 -20.6 -10.8 -5.9 -7.2 6.1 19.8 33.3 54.9 83.5 82.8 87.9 95.9 114.9 257.0 292.8 332.5 302.7 281.5 228.4 226.0 274.5 367.8 370.8 436.0 473.7 375.3 445.6 478.3 608.5 568.1 566.8
155.7 156.3 156.9 154.3 166.9 154.9 164.0 160.6 212.8 286.9 666.8 663.4 701.9 726.2 774.8 365.7 373.7 401.2 941.6 970.0 988.9 1070.1 1036.1 1035.5 1124.7 1248.4 1312.8 1389.7 1395.1 1410.0 1383.1 1316.6 1027.0 949.5 918.9 776.5 347.2 659.1 610.9 602.5 477.4 462.8 393.2 -17.9 -20.6 -11.8 -6.2 -7.4 -2.8 20.5 31.2 50.5 77.3 88.0 75.6 70.8 155.5 219.6 287.2 302.0 270.0 291.0 307.0 249.4 344.7 383.5 357.2 368.2 362.0 400.9 377.2 442.9 428.1 415.9 490.7
152.3 150.4 150.2 153.9 152.8 164.1 151.7 171.0 166.0 185.3 601.5 681.3 703.0 716.0 778.2 748.3 355.1 369.3 806.6 923.4 981.5 991.0 1016.8 1015.5 1012.8 1117.3 1236.7 1296.5 1339.3 1376.4 1362.3 1323.1 1037.0 948.2 924.3 848.3 349.2 287.4 510.4 638.2 453.5 431.0 287.4 -16.1 -21.9 -7.5 -8.4 -8.5 -0.4 35.5 32.1 46.9 60.5 87.8 78.1 71.9 67.1 97.5 205.4 242.2 171.3 319.3 288.3 270.0 242.1 334.2 321.3 324.1 286.3 318.3 384.9 435.4 373.5 439.0 448.8
155.3 152.4 152.2 152.6 151.1 155.6 152.8 157.7 165.9 163.2 224.7 607.6 299.5 300.2 352.9 725.0 693.4 356.3 811.0 868.2 925.4 929.8 999.2 986.2 1008.7 1086.5 1130.6 1149.8 1288.6 1332.3 1349.7 1313.3 1073.5 950.7 911.9 809.3 357.6 283.7 229.6 606.5 511.0 383.7 339.4 112.1 -19.9 -9.9 -0.4 -13.0 6.6 20.8 32.1 24.4 53.0 69.8 77.9 71.1 61.7 58.7 129.6 121.2 117.3 249.9 248.7 192.5 175.1 202.1 237.7 20.8 240.6 238.7 339.9 365.5 358.8 364.8 455.4
150.5 153.4 153.4 152.5 153.6 153.3 149.4 150.4 159.3 164.5 167.6 175.3 206.9 298.6 299.2 303.4 719.6 361.6 830.4 869.6 857.0 887.1 959.2 912.3 982.6 976.0 1019.1 1134.8 1253.5 1289.7 1306.9 1296.6 1147.5 993.9 920.3 826.8 358.5 281.2 223.4 487.3 522.3 374.2 290.0 43.4 -17.2 -13.9 -6.8 -11.3 -2.7 20.7 24.1 22.7 44.3 58.4 69.8 63.9 58.2 51.4 50.5 46.1 45.9 136.4 35.5 36.6 24.4 33.7 15.1 14.3 19.0 253.0 354.6 335.8 376.3 399.7 403.4
148.5 151.7 150.1 151.8 151.7 150.4 154.3 152.9 168.6 162.5 165.1 161.7 169.0 258.1 284.3 303.2 359.6 350.9 777.2 786.2 790.1 888.5 930.3 885.8 971.1 1019.8 1017.4 1111.7 1138.9 1201.8 1251.1 1236.9 1172.3 1058.3 919.2 833.0 764.2 286.0 229.5 156.1 426.7 408.5 289.1 11.9 -16.5 -21.8 -2.3 -14.2 -7.4 21.3 18.4 22.1 35.5 48.0 52.1 56.5 52.6 46.4 44.2 37.2 40.2 42.7 34.4 25.4 9.0 1.2 -1.9 2.2 6.6 241.4 313.7 376.2 348.4 350.0 389.5
146.7 149.0 149.3 151.0 153.0 151.0 152.4 157.0 162.6 157.5 167.0 212.9 224.5 272.0 232.1 304.1 314.6 294.8 325.9 350.6 850.7 882.4 880.9 834.3 912.9 1010.1 1040.4 1034.9 1028.3 1107.9 1129.2 1144.6 1089.8 1094.8 937.3 895.0 771.5 561.1 225.7 176.6 152.5 324.0 248.2 -8.8 -15.0 -18.4 -6.7 -10.7 -2.0 17.7 17.3 17.8 27.0 37.1 44.3 47.0 46.2 42.0 40.7 37.9 37.6 31.6 24.0 16.2 2.0 -4.5 -10.6 -6.4 4.5 -5.7 240.2 323.8 332.3 370.5 383.2
149.5 151.3 147.8 147.2 147.5 146.8 144.4 155.0 177.4 156.6 158.9 166.1 214.0 269.0 211.5 242.3 286.5 269.9 297.7 297.8 322.6 804.3 890.2 892.4 885.0 883.3 1023.8 1035.4 1043.4 1077.2 1062.1 1048.9 1031.9 1095.6 950.5 883.4 800.5 618.9 593.7 175.9 152.1 308.2 251.2 229.6 223.6 -21.4 -11.6 -12.0 -5.1 12.2 22.3 12.6 19.1 25.9 29.3 30.1 27.8 23.4 20.5 10.6 2.7 -5.1 -7.9 -4.0 -14.5 -18.1 -13.1 -18.4 -20.4 -6.7 12.7 350.0 326.6 359.1 392.1
140.4 140.2 143.2 145.2 146.1 147.4 146.3 150.5 161.8 157.0 157.3 161.2 171.7 209.3 259.6 176.0 230.4 294.5 244.5 291.1 315.2 329.3 789.2 789.2 794.4 908.1 1008.1 1046.4 1022.1 1005.0 993.6 1027.9 976.1 1053.9 986.3 897.3 793.4 665.0 608.9 463.3 154.3 100.0 262.5 271.6 269.4 -23.4 -11.0 -15.0 -4.7 15.2 11.8 6.6 10.4 14.9 14.1 17.6 18.3 6.6 1.0 -17.0 -19.6 -27.8 -31.5 -36.4 -60.3 -40.8 -29.8 -36.7 -29.4 -35.2 -1.2 312.0 352.6 341.3 382.7
140.7 146.7 149.2 147.9 148.9 146.0 145.9 146.0 154.4 142.7 147.8 160.6 165.3 181.3 164.6 165.1 215.3 232.2 223.1 281.7 285.2 298.1 323.1 767.7 788.1 888.0 900.1 1009.0 1045.7 1022.2 990.5 1006.9 961.4 1002.2 1004.1 912.3 824.7 703.6 652.9 529.0 142.2 115.8 302.8 292.3 298.1 -20.8 -22.6 -14.5 -2.7 13.6 7.2 1.5 -2.1 4.9 3.8 4.7 2.1 -8.2 -19.6 -32.8 -41.4 -51.3 -57.7 -61.2 -65.5 -78.9 -75.3 -54.1 -53.9 -41.7 -18.1 239.0 338.8 332.7 369.0
148.3 153.9 148.8 155.8 148.6 155.6 147.2 148.9 149.7 163.8 149.1 158.7 161.2 162.7 164.2 227.5 264.0 265.9 173.5 286.6 218.5 302.4 293.5 325.9 741.0 807.2 866.2 971.7 967.1 987.8 1006.3 949.0 942.7 936.9 985.7 958.2 872.0 751.2 687.3 579.3 437.7 106.9 89.1 307.0 307.7 -10.8 -9.2 -6.3 13.3 16.2 11.4 -2.2 -3.9 1.9 11.3 0.2 -5.3 -10.0 -24.3 -33.8 -44.9 -59.4 -77.6 -82.8 -87.9 -78.4 -83.5 -80.7 -64.4 -49.7 -29.1 -21.1 316.1 352.5 346.9
142.3 149.6 146.3 153.7 146.9 154.6 149.7 151.5 154.0 165.0 152.3 152.3 156.1 165.7 172.1 209.6 279.2 169.6 178.1 251.0 270.6 285.4 291.0 290.8 290.0 775.2 801.2 846.0 909.0 899.5 998.2 975.6 945.6 925.0 972.2 985.1 877.4 780.4 685.3 587.9 421.4 319.1 24.3 68.9 270.5 -8.8 1.3 13.8 19.7 20.1 10.6 -3.9 -5.8 1.3 1.4 -0.9 -7.4 -8.2 -26.9 -27.0 -45.2 -49.1 -52.8 -67.8 -88.9 -101.8 -99.0 -91.8 -92.0 -85.8 -60.5 -28.4 10.3 319.0 362.9
145.4 145.3 145.8 151.1 149.7 146.2 150.2 150.0 154.8 162.4 157.2 152.7 152.2 160.3 156.3 218.3 175.8 165.4 264.4 271.2 197.9 296.0 283.2 285.7 302.2 731.3 757.3 805.2 817.8 873.1 898.5 959.7 939.1 872.8 913.3 969.1 902.2 858.6 721.3 649.9 459.4 326.2 30.5 21.0 248.7 -7.8 19.2 20.5 24.1 28.6 9.4 6.1 0.7 9.4 7.3 6.9 -8.2 -11.4 -16.1 -29.2 -39.4 -45.5 -48.8 -53.8 -80.4 -82.2 -86.6 -95.0 -93.0 -84.0 -86.8 -71.2 -7.5 116.9 358.9
146.9 146.9 147.1 147.1 147.0 147.3 148.8 152.4 152.8 158.2 155.9 150.6 152.1 150.8 152.8 163.9 179.0 170.4 260.0 272.4 183.3 264.0 269.3 256.9 275.5 298.3 301.8 774.9 813.0 806.3 937.3 862.8 905.6 835.4 892.7 900.6 903.9 870.1 748.9 602.2 485.2 373.6 268.3 3.8 2.3 -1.2 20.6 24.7 25.9 32.2 14.6 4.9 3.4 7.3 -1.4 1.5 0.7 -9.7 -15.1 -21.2 -26.0 -25.4 -37.3 -48.1 -75.8 -80.0 -81.1 -84.5 -93.0 -99.6 -105.4 -87.9 -67.3 -19.9 130.8
144.1 144.2 144.7 144.8 145.1 144.6 146.1 145.0 149.6 150.5 160.9 153.1 154.3 155.3 156.6 151.6 160.2 176.3 234.7 225.0 178.4 224.9 169.4 270.2 255.5 265.7 275.4 686.0 749.6 781.3 805.3 806.1 806.1 811.5 700.1 793.1 856.8 797.9 742.8 550.7 530.9 419.7 326.1 255.9 4.8 -5.0 5.9 28.9 28.7 35.9 13.6 4.9 4.9 0.5 -3.6 -3.4 -9.7 -7.0 -14.3 -14.1 -16.2 -18.5 -31.0 -44.8 -62.8 -69.6 -92.0 -91.0 -95.1 -93.0 -94.0 -114.4 -81.3 -57.2 -23.8
