GSP_annual_reports_SON_2024_v1/GIS/SON_2022_Fall_Shallow.tif
NCOLS 191
NROWS  209
XLLCORNER 6295515.91401
YLLCORNER 1783415.49397
CELLSIZE 1000.0
NODATA_VALUE -999
[rows 99 to 131 of 209, columns 75 to 149 of 191]
264.6 268.6 272.7 273.0 299.0 570.6 631.8 629.3 742.9 810.6 554.0 880.9 870.5 937.5 1061.2 1041.2 1101.0 1080.7 1160.4 1155.3 1178.1 1178.9 1181.4 1199.7 1197.6 1220.7 1224.0 1196.6 1161.0 1133.5 960.4 748.6 641.1 589.8 577.9 516.3 505.9 427.5 376.3 259.6 228.1 239.2 316.4 344.2 263.0 336.9 250.4 250.3 274.1 418.5 463.4 659.1 756.0 750.6 762.1 758.7 728.1 855.6 866.6 881.0 880.6 876.1 882.6 887.1 912.0 916.1 917.9 897.0 969.8 953.3 919.2 963.2 968.7 892.4 825.9
287.3 279.3 284.9 285.9 304.6 539.2 608.9 640.4 751.5 801.5 873.7 888.9 893.8 966.7 1038.2 1107.1 1181.6 1183.3 1183.7 1183.3 1183.3 1188.1 1186.6 1194.9 1202.8 1225.9 1227.5 1232.2 1192.5 1160.3 1064.5 820.9 620.5 654.8 624.4 538.5 500.1 505.8 429.4 267.8 231.4 337.3 252.9 253.5 268.0 237.7 300.8 276.3 295.3 381.2 431.4 531.4 698.6 639.7 738.9 723.4 697.9 871.6 865.9 819.5 885.6 883.0 884.2 888.7 906.8 916.7 922.7 795.1 816.2 915.6 838.1 906.3 970.2 924.0 832.8
269.7 271.9 277.1 286.0 323.6 526.6 621.6 643.3 676.7 806.0 857.6 886.1 888.2 928.9 950.1 1031.9 1044.2 1110.6 1191.3 1154.9 1191.3 1192.2 1187.7 1200.4 1206.0 1231.4 1234.8 1245.4 1190.7 998.2 906.2 824.3 774.9 679.5 635.1 568.1 516.3 513.8 418.3 252.9 256.4 230.2 215.0 203.5 220.9 174.4 220.2 223.7 239.0 347.5 416.5 472.6 597.9 504.2 598.5 688.7 662.5 720.5 859.8 747.5 746.2 893.7 909.5 888.2 896.7 921.0 927.1 935.8 822.7 793.7 824.4 857.4 869.2 891.2 840.9
276.5 271.5 269.6 296.4 311.8 336.1 628.2 637.9 691.2 812.0 893.8 867.6 896.7 892.0 894.2 978.5 1085.1 1121.7 1198.8 1160.5 1200.9 1197.8 1198.1 1204.3 1211.6 1235.1 1237.1 1252.5 1243.1 1086.7 873.0 902.0 788.2 783.0 654.1 566.1 515.6 451.3 436.3 323.3 252.9 195.8 197.3 196.7 222.8 169.0 160.3 219.3 229.6 255.3 356.0 406.9 402.9 408.1 661.7 539.9 526.8 641.7 689.5 716.9 707.4 874.7 887.0 893.8 851.4 908.8 934.5 932.6 810.8 804.9 777.5 803.2 806.4 826.6 808.5
276.3 270.5 270.4 277.4 365.4 325.2 370.1 646.6 680.5 681.3 735.8 849.4 885.6 887.4 937.6 991.5 1075.0 1085.7 1217.0 1198.4 1168.8 1216.1 1218.2 1226.1 1196.6 1243.9 1255.4 1268.6 1272.5 1184.0 973.4 995.3 954.1 872.5 684.9 584.3 513.2 506.3 484.8 360.0 295.3 239.2 203.7 189.6 189.6 166.4 177.6 158.0 220.2 221.6 289.6 391.5 455.2 513.3 549.6 501.6 425.8 482.0 579.2 677.5 680.0 738.3 754.1 907.8 745.1 825.0 927.2 883.5 902.8 809.1 696.2 737.1 678.8 719.8 622.2
271.7 271.9 316.4 330.4 297.0 339.8 356.4 376.3 681.2 804.3 895.4 917.9 907.1 892.2 908.1 994.2 1063.1 1096.4 1210.1 1224.9 1210.5 1230.2 1230.2 1238.5 1251.1 1265.0 1269.5 1274.6 1281.0 1242.3 1198.0 1006.3 901.2 824.4 789.6 721.6 632.1 498.8 495.5 351.3 326.4 285.8 221.2 227.8 162.1 157.4 162.9 141.5 145.2 208.8 310.1 397.5 403.7 419.6 490.6 390.7 401.7 447.6 653.4 660.5 597.1 658.5 713.3 782.7 718.4 766.8 844.1 784.7 968.2 839.8 766.7 621.7 621.0 554.2 590.6
270.1 275.9 308.6 308.3 359.2 300.2 379.8 392.7 653.4 720.9 842.0 923.9 912.1 984.9 1058.1 1128.0 1115.1 1115.1 1156.9 1216.4 1240.3 1220.4 1236.6 1247.7 1257.5 1262.4 1280.7 1291.9 1291.9 1271.1 1256.9 1190.3 1002.5 875.9 797.6 767.6 689.8 576.6 508.2 340.4 323.0 286.4 311.3 229.1 156.5 164.1 153.2 139.1 145.7 202.6 235.6 267.3 252.8 387.2 392.9 382.7 481.1 520.7 636.3 658.1 509.0 589.4 668.5 684.0 691.9 729.2 750.1 768.8 955.8 817.7 771.4 725.5 680.5 602.6 560.8
266.6 274.2 274.8 276.1 283.0 356.0 309.0 351.0 401.8 688.9 732.2 832.3 894.2 932.8 938.3 1001.0 1109.6 1235.4 1076.1 1164.4 1243.1 1246.8 1248.8 1255.4 1264.5 1292.0 1281.7 1293.2 1299.6 1299.6 1269.4 1208.2 1135.6 953.4 797.1 761.0 695.8 556.6 523.3 368.2 339.3 257.7 222.1 203.8 152.7 168.2 128.9 139.5 131.7 199.3 199.7 314.3 386.7 385.0 392.4 389.7 425.4 564.5 631.0 579.6 475.0 507.4 492.1 533.7 671.4 716.1 659.3 748.6 783.1 807.0 795.4 862.6 796.0 759.3 774.0
264.5 271.6 276.3 282.6 286.4 294.3 307.4 327.5 377.0 403.8 694.4 694.3 824.4 897.6 936.4 942.5 982.5 1011.6 1076.0 1246.0 1245.8 1246.8 1248.8 1250.7 1246.5 1283.6 1286.1 1307.0 1297.6 1297.9 1281.5 1224.8 1138.9 978.6 891.9 833.6 660.8 575.4 505.6 475.4 301.3 263.4 215.2 186.0 154.6 160.4 124.7 120.2 124.6 151.3 201.4 321.4 370.3 373.3 386.1 380.9 429.7 493.3 577.7 673.0 560.1 411.1 459.4 544.1 581.3 601.4 767.5 719.2 747.5 820.2 842.4 857.6 833.3 803.2 857.5
251.5 257.4 265.3 276.0 280.6 287.6 309.6 577.6 355.6 403.0 677.6 710.7 750.3 865.0 888.4 948.2 935.4 994.4 1126.0 1262.0 1272.9 1269.4 1227.8 1277.7 1279.1 1296.3 1286.6 1315.7 1313.8 1320.2 1312.7 1243.7 1152.3 1136.5 973.4 898.3 739.7 607.3 500.9 423.8 318.4 257.4 253.3 198.3 145.6 123.1 107.2 110.5 126.7 131.7 166.2 219.2 340.8 352.3 356.7 353.8 442.1 467.7 513.7 663.4 496.7 405.4 417.0 507.2 508.2 626.0 768.1 757.4 717.8 823.4 1006.0 850.2 919.5 834.5 838.2
250.4 254.1 511.3 546.6 586.5 582.4 598.1 652.8 655.4 661.0 669.2 731.0 723.7 938.8 899.7 991.1 984.0 1031.2 1151.0 1274.5 1270.1 1278.9 1275.0 1291.6 1265.8 1302.2 1313.1 1319.3 1329.7 1321.3 1318.5 1246.1 1164.6 1142.8 1115.4 960.4 829.0 664.4 534.4 455.9 428.4 286.5 235.9 188.5 152.5 125.3 124.6 118.4 127.7 139.0 143.7 191.4 248.4 268.9 363.0 347.1 350.4 449.6 579.4 565.2 417.8 529.9 416.2 438.7 484.1 566.6 581.9 718.3 680.2 823.8 857.3 801.5 1016.8 824.6 839.5
247.6 492.8 509.5 590.1 586.0 608.3 651.4 650.2 666.4 712.7 709.2 745.2 817.5 937.1 941.9 962.5 994.7 995.1 1055.4 1239.5 1270.1 1275.0 1288.9 1250.7 1277.9 1315.6 1313.1 1321.3 1323.1 1321.3 1320.3 1250.0 1166.1 1147.2 1113.5 1088.5 852.9 730.2 564.6 512.7 419.0 375.0 269.3 206.5 137.8 94.8 147.1 111.3 101.6 118.7 131.4 155.1 237.8 196.2 334.2 333.2 354.2 407.7 354.7 352.0 390.8 438.5 465.1 415.6 488.9 509.7 578.9 661.7 767.9 797.9 849.9 785.1 843.4 845.2 854.0
498.1 497.0 517.3 584.9 602.2 615.5 545.0 603.7 674.7 672.3 713.4 746.3 849.7 914.0 899.4 942.3 1015.4 1060.2 1120.8 1191.5 1260.1 1290.7 1242.6 1296.8 1293.7 1316.8 1316.8 1326.9 1306.9 1306.6 1331.4 1267.6 1180.3 1153.2 1114.5 1084.0 842.1 670.1 593.0 485.6 432.9 394.3 294.7 184.1 147.5 124.9 118.6 100.6 91.1 96.0 118.7 132.9 105.2 139.1 276.7 304.9 338.4 342.7 324.4 411.7 440.2 609.1 522.7 630.1 599.7 686.6 521.8 681.5 756.7 796.8 817.3 720.8 825.4 916.8 842.9
244.8 538.2 531.3 296.2 285.0 301.6 283.0 607.3 304.7 655.9 738.9 768.3 786.4 855.0 956.2 972.9 990.4 1064.8 1118.6 1189.4 1254.4 1264.5 1303.8 1316.6 1318.1 1343.0 1319.7 1333.8 1351.2 1355.1 1324.6 1281.5 1197.0 1171.8 1134.0 1041.8 818.1 652.8 525.5 506.0 456.9 397.6 332.6 165.3 127.9 106.4 118.2 122.4 76.5 87.5 109.3 118.5 126.5 219.6 182.3 268.8 320.0 310.2 315.4 329.3 411.0 548.5 436.2 579.3 608.6 621.6 459.9 464.9 712.9 783.2 845.3 705.6 678.6 862.7 835.8
238.9 247.2 263.0 260.4 252.6 270.0 268.8 288.9 295.0 654.6 763.6 788.4 830.8 957.1 904.0 978.0 980.7 1013.0 1121.9 1138.8 1180.9 1190.6 1294.9 1309.2 1329.5 1348.8 1355.3 1348.2 1353.9 1361.7 1359.1 1296.1 1200.8 1177.9 1119.5 1068.4 867.2 682.9 588.9 536.3 441.5 369.7 245.0 147.9 139.4 127.1 116.1 114.2 75.0 86.6 93.2 112.0 108.0 133.5 155.8 205.1 300.7 293.2 296.0 331.2 421.0 381.3 383.3 498.6 552.2 485.5 441.1 499.8 560.3 752.5 814.8 609.4 609.5 842.9 852.2
237.5 252.6 244.5 244.6 251.9 266.5 267.6 265.4 564.6 653.3 715.8 764.4 797.9 866.9 887.3 962.0 976.9 1023.7 1089.2 1096.6 1153.2 1246.8 1229.3 1305.3 1359.8 1373.0 1349.3 1363.2 1387.3 1368.3 1368.3 1276.4 1213.0 1146.7 1115.5 1075.1 993.3 788.7 619.7 571.4 535.1 398.4 214.6 195.6 165.5 140.8 112.6 101.4 94.9 84.4 100.9 100.9 117.8 114.7 115.1 132.1 241.1 177.1 274.2 329.8 327.2 337.2 373.0 428.2 395.4 416.1 391.8 467.2 592.6 737.1 618.6 637.5 688.4 806.2 822.5
231.7 236.4 246.9 245.8 245.3 260.3 259.2 269.0 590.2 633.3 690.1 751.9 438.3 838.0 875.5 954.9 984.2 988.6 1017.2 1053.3 1133.5 1201.7 1226.1 1341.7 1354.3 1341.7 1373.0 1326.7 1357.5 1391.1 1368.3 1283.1 1098.4 1015.3 1023.4 1012.7 869.4 866.7 782.0 631.1 599.9 441.1 206.6 146.4 139.1 108.0 117.4 96.6 85.5 102.8 85.5 96.7 109.7 120.2 122.6 133.7 117.3 173.7 269.9 324.4 315.5 329.2 328.1 346.3 341.0 340.5 364.6 471.1 515.5 526.2 504.4 525.2 661.7 760.2 620.9
225.2 231.3 231.3 237.9 231.2 245.0 262.6 263.6 281.6 618.9 693.1 756.2 423.8 429.6 860.3 875.9 919.4 977.9 994.0 1062.6 1094.7 1191.8 1241.1 1227.0 1238.2 1388.5 1354.9 1368.8 1373.8 1386.7 1379.5 1241.8 1047.0 956.9 907.0 863.5 798.4 778.0 847.8 777.9 718.6 477.5 377.8 121.5 108.1 98.9 110.4 89.5 83.9 100.7 85.5 82.9 109.1 123.6 123.0 123.3 122.9 288.2 309.0 330.3 306.4 304.4 309.5 256.5 213.4 371.6 398.3 452.2 509.7 423.8 475.2 462.3 626.8 608.9 609.1
231.9 225.8 226.1 233.0 232.5 233.0 268.1 258.0 299.5 631.2 668.8 684.2 720.4 430.3 443.7 817.2 817.4 888.7 982.3 985.6 1079.7 1064.7 1081.2 1109.0 1264.1 1392.0 1388.2 1350.8 1328.0 1321.9 1401.0 1265.2 1051.6 921.5 895.7 751.0 660.7 631.2 625.1 677.5 586.3 442.1 416.4 115.7 97.8 89.1 100.4 87.3 86.4 95.4 87.1 93.1 94.7 117.1 120.7 123.1 119.7 263.5 298.0 322.9 301.4 278.2 189.7 179.6 222.0 352.2 361.9 401.8 435.8 362.8 437.3 458.4 597.3 523.4 521.0
234.0 223.0 233.0 224.1 245.2 228.6 251.0 241.4 290.3 369.8 678.7 680.7 704.1 726.9 764.0 429.2 460.3 472.1 946.2 980.0 1005.0 1073.4 1049.6 1048.6 1122.8 1244.2 1303.9 1379.6 1385.2 1400.7 1372.0 1303.7 1026.3 933.8 894.3 757.3 437.6 614.2 581.0 578.6 480.5 456.4 414.2 136.6 78.6 92.0 89.3 71.3 74.6 93.2 79.2 84.3 82.3 103.3 97.4 108.8 147.0 228.0 295.9 305.3 267.4 284.7 293.4 206.4 312.3 355.8 337.6 348.0 345.8 395.9 367.8 430.7 425.0 424.3 473.9
215.5 219.9 220.6 218.8 220.6 241.0 226.6 263.8 247.2 276.4 626.7 688.9 708.6 723.7 774.4 750.0 423.0 432.0 811.1 921.7 998.5 1008.2 1029.8 1029.9 1027.5 1124.3 1232.5 1287.1 1330.1 1365.0 1349.5 1310.5 1027.2 932.5 911.3 822.6 427.2 373.9 512.6 636.5 473.9 444.2 321.4 125.1 72.1 99.3 81.6 53.3 60.2 79.9 70.5 68.0 76.2 92.4 90.7 101.0 86.0 113.3 197.2 236.4 163.0 312.6 285.3 231.8 185.8 297.5 272.6 280.9 248.6 293.1 381.7 430.2 376.0 438.3 451.7
227.9 220.0 219.0 219.2 219.5 238.3 226.3 238.8 250.4 251.4 297.7 629.0 375.2 377.6 422.4 731.0 699.6 427.3 825.5 873.0 930.5 938.2 1015.9 1005.5 1023.6 1091.8 1139.0 1148.1 1280.1 1320.4 1337.4 1299.5 1060.3 946.8 898.6 791.3 422.3 353.0 345.8 587.0 504.6 420.2 377.0 230.5 69.4 82.0 78.1 47.9 74.9 66.8 84.1 49.7 68.0 67.3 85.3 85.7 61.7 58.8 120.4 120.7 117.8 241.5 240.2 149.8 139.5 162.7 187.4 98.9 196.2 198.1 326.9 362.4 355.4 364.9 445.4
215.6 214.5 215.7 216.8 215.6 215.1 215.1 218.2 228.8 240.0 263.1 263.1 289.1 378.9 377.3 380.2 724.4 436.7 833.1 871.4 859.6 888.7 971.1 922.2 989.8 998.0 1034.1 1139.5 1251.8 1277.4 1293.3 1283.9 1137.5 985.5 906.6 801.1 425.0 376.4 336.7 499.1 506.2 414.3 323.8 184.0 93.4 77.2 79.2 61.6 46.6 64.6 71.7 58.1 64.8 64.3 73.4 67.4 64.8 74.4 62.7 67.4 71.3 126.1 83.1 80.6 82.8 86.7 87.9 90.6 89.1 204.7 328.7 303.2 373.3 406.8 407.1
222.5 219.3 215.4 214.1 213.3 213.7 220.2 222.7 248.4 249.1 242.6 235.0 261.1 322.8 358.3 372.9 434.5 417.6 778.0 783.3 781.7 890.4 944.3 891.8 974.6 1035.3 1035.9 1114.6 1135.3 1202.9 1237.4 1224.5 1164.7 1040.6 917.2 814.4 716.6 351.1 302.7 262.3 467.6 433.1 314.4 155.9 55.5 75.8 81.0 62.4 45.8 68.3 62.0 61.4 61.8 64.6 61.5 67.7 67.8 65.4 65.1 65.4 71.3 80.3 71.9 82.1 76.9 83.8 78.7 84.3 89.5 198.1 278.7 367.2 345.6 342.4 386.4
206.0 211.6 214.0 212.3 216.8 212.5 227.3 227.2 253.0 230.4 253.0 278.8 282.2 336.3 294.8 365.9 394.0 373.0 399.8 429.5 852.2 883.3 880.5 847.0 916.7 1017.9 1050.8 1049.9 1036.6 1108.7 1126.5 1143.6 1080.3 1076.9 937.1 885.4 720.4 543.4 328.1 279.9 280.5 354.1 277.5 112.8 61.5 81.2 79.0 64.1 54.7 67.7 58.8 57.9 59.7 62.2 67.6 66.0 72.9 68.1 61.0 54.9 60.8 55.4 55.1 77.1 81.8 77.3 80.3 75.6 81.2 83.2 190.3 281.1 315.7 356.9 382.0
226.8 213.2 211.8 213.6 214.2 213.7 216.7 226.9 261.0 227.7 231.3 259.8 281.6 324.7 281.5 302.6 364.9 341.7 369.9 369.5 405.7 803.0 886.7 885.4 884.5 883.1 1026.4 1039.8 1049.2 1068.0 1051.4 1044.6 1019.3 1073.0 936.4 869.4 756.2 572.0 544.1 303.7 250.3 335.9 278.5 230.9 195.9 71.9 83.8 70.0 65.5 79.6 67.4 57.2 59.9 64.4 66.6 67.6 69.2 66.1 66.9 66.7 65.5 64.2 59.5 67.1 67.3 80.0 73.4 77.9 78.2 79.6 112.1 308.0 293.8 341.1 370.9
207.0 208.7 210.4 213.8 218.4 229.1 217.9 223.3 245.5 241.1 240.7 246.3 257.2 288.4 317.1 262.3 297.1 370.2 317.0 361.5 382.4 404.2 787.7 791.9 796.4 902.3 1006.6 1050.6 1026.2 1005.4 997.8 1023.1 966.6 1037.9 967.0 890.1 748.9 600.0 548.1 480.1 253.1 220.9 283.8 283.1 270.9 78.2 85.8 86.5 67.4 77.0 70.5 61.7 64.8 65.6 63.7 66.4 64.8 61.5 62.0 62.9 66.9 63.5 61.7 59.1 61.7 69.3 63.1 77.9 73.0 78.2 92.7 275.0 315.1 302.2 357.5
205.0 233.2 220.3 214.9 221.0 216.5 217.4 216.5 225.3 215.3 222.7 236.6 243.4 271.6 259.6 251.3 289.3 300.5 295.7 352.4 362.0 372.4 405.8 772.6 786.2 886.4 892.1 1002.0 1049.6 1027.2 979.6 1006.9 952.0 988.4 993.5 902.2 795.4 639.0 591.5 514.3 245.4 222.5 327.9 311.6 306.8 76.3 80.8 79.5 66.9 67.5 63.1 59.1 63.7 60.4 58.8 60.5 58.1 56.8 56.2 52.5 58.2 55.5 63.8 64.7 62.3 57.7 63.5 65.3 76.7 63.6 83.5 199.4 317.2 301.8 348.8
220.0 236.1 214.7 223.7 230.1 224.9 214.5 217.8 213.8 246.1 222.9 231.4 236.2 235.7 248.3 288.7 321.9 329.9 264.6 363.2 294.8 365.7 368.7 402.2 746.3 805.0 864.4 968.8 961.7 982.6 1008.4 934.7 928.4 927.8 979.6 945.8 862.2 720.3 627.5 524.3 464.0 208.4 203.0 314.2 310.4 69.4 72.7 60.2 68.7 63.4 61.5 60.7 61.3 57.8 59.1 54.6 53.8 51.2 50.5 48.8 47.5 44.0 48.8 52.6 61.2 62.5 66.0 64.1 61.2 63.3 83.2 86.5 300.0 330.9 324.9
201.5 224.7 213.0 219.5 212.2 223.9 213.9 213.1 232.8 248.7 219.3 218.0 230.9 250.3 264.2 291.4 338.5 263.6 265.9 314.3 335.1 354.8 357.3 365.4 365.2 770.3 797.8 841.7 898.9 892.2 1003.8 976.8 922.4 901.5 965.6 973.7 871.2 763.0 641.7 533.0 456.3 349.9 174.9 177.4 272.1 59.1 65.3 62.5 58.7 50.1 54.1 55.7 56.5 50.4 48.0 49.5 48.3 41.5 45.9 39.2 48.5 44.3 36.8 38.0 42.6 49.5 55.6 61.8 63.9 65.5 63.2 79.3 116.8 310.9 335.1
199.4 202.3 203.5 206.0 205.9 205.0 207.0 206.8 210.0 243.2 224.6 216.3 218.1 226.9 222.1 293.0 264.9 240.2 329.5 333.1 274.2 365.0 350.8 353.8 368.3 742.0 760.1 800.3 812.7 864.8 887.8 948.7 909.6 847.0 900.5 960.4 893.0 845.9 676.6 608.1 477.0 366.0 162.0 153.0 229.9 57.7 59.4 56.1 42.5 44.2 50.3 50.5 50.6 42.9 40.7 40.2 41.7 39.0 40.5 41.7 36.4 37.4 37.9 37.0 32.9 33.8 30.9 40.6 49.5 58.1 61.0 65.3 93.0 194.0 334.0
196.8 196.9 198.1 198.1 200.9 203.0 202.8 205.5 210.6 223.4 212.0 213.0 211.5 214.8 215.1 243.1 266.0 248.8 316.9 331.4 263.6 319.1 315.8 316.1 327.5 365.7 376.4 775.6 805.9 798.0 924.2 857.1 875.3 793.8 862.2 887.0 889.3 862.5 731.7 562.3 488.3 402.0 297.9 114.5 131.0 58.5 54.9 50.5 40.8 41.6 45.7 46.6 47.1 38.7 38.7 33.9 31.5 32.2 33.9 31.8 30.5 31.7 30.9 30.5 32.8 31.6 32.1 31.3 37.5 41.6 46.1 56.0 63.9 92.1 219.0
193.4 192.7 199.9 194.9 197.4 197.8 199.9 201.2 205.1 206.8 217.3 208.3 208.4 209.7 207.8 208.3 220.1 250.5 296.9 288.6 251.3 289.7 245.8 317.4 312.6 321.2 342.8 691.8 758.7 776.5 795.5 805.9 793.0 783.9 689.7 745.7 822.1 761.9 694.6 535.0 508.9 440.7 350.7 259.9 72.7 69.7 55.7 51.8 39.1 38.2 39.0 44.4 42.3 39.2 34.6 31.6 28.5 24.2 23.7 23.3 24.1 25.1 26.4 26.5 26.5 27.0 23.8 25.6 29.6 29.1 32.8 48.7 47.4 62.5 89.8
