GSP_annual_reports_SON_2024_v1/GIS/SON_2023_Fall_Shallow.tif
NCOLS 191
NROWS  209
XLLCORNER 6295515.91401
YLLCORNER 1783415.49397
CELLSIZE 1000.0
NODATA_VALUE -999
[rows 0 to 32 of 209, columns 0 to 74 of 191]
-999.0 -999.0 -999.0 -999.0 -999.0 -999.0 -999.0 -999.0 -999.0 -999.0 -999.0 -999.0 -999.0 -999.0 -999.0 -999.0 -999.0 -999.0 -999.0 -999.0 -999.0 -999.0 -999.0 -999.0 406.3 390.0 422.3 426.0 456.0 407.0 377.7 386.4 395.8 425.0 -999.0 -999.0 -999.0 -999.0 -999.0 -999.0 -999.0 -999.0 -999.0 -999.0 -999.0 -999.0 -999.0 -999.0 -999.0 -999.0 -999.0 -999.0 -999.0 -999.0 -999.0 -999.0 -999.0 -999.0 -999.0 -999.0 -999.0 -999.0 -999.0 -999.0 -999.0 -999.0 -999.0 -999.0 -999.0 -999.0 -999.0 -999.0 -999.0 -999.0 -999.0
-999.0 -999.0 -999.0 -999.0 -999.0 -999.0 -999.0 -999.0 -999.0 -999.0 -999.0 -999.0 -999.0 -999.0 -999.0 -999.0 -999.0 -999.0 -999.0 -999.0 -999.0 -999.0 439.8 389.1 398.8 418.4 422.6 463.2 453.8 460.4 396.3 385.2 387.2 397.6 410.7 470.4 511.2 560.6 -999.0 -999.0 -999.0 -999.0 -999.0 -999.0 -999.0 -999.0 -999.0 -999.0 -999.0 -999.0 -999.0 -999.0 -999.0 -999.0 -999.0 -999.0 -999.0 -999.0 -999.0 -999.0 -999.0 -999.0 -999.0 -999.0 -999.0 -999.0 -999.0 -999.0 -999.0 -999.0 -999.0 -999.0 -999.0 -999.0 -999.0
-999.0 -999.0 -999.0 -999.0 -999.0 -999.0 -999.0 -999.0 -999.0 -999.0 -999.0 -999.0 -999.0 -999.0 -999.0 -999.0 -999.0 -999.0 -999.0 -999.0 317.8 441.9 481.2 472.6 423.6 385.0 398.3 387.4 402.3 406.2 449.1 413.5 398.6 386.9 411.5 482.9 507.4 539.1 509.3 475.1 398.7 377.7 -999.0 -999.0 -999.0 -999.0 -999.0 -999.0 -999.0 -999.0 -999.0 -999.0 -999.0 -999.0 -999.0 -999.0 -999.0 -999.0 -999.0 -999.0 -999.0 -999.0 -999.0 -999.0 -999.0 -999.0 -999.0 -999.0 -999.0 -999.0 -999.0 -999.0 -999.0 -999.0 -999.0
-999.0 -999.0 -999.0 -999.0 -999.0 -999.0 -999.0 -999.0 -999.0 -999.0 -999.0 -999.0 -999.0 -999.0 -999.0 -999.0 -999.0 -999.0 -999.0 299.8 303.3 316.9 479.3 495.8 517.3 555.2 525.0 468.4 445.7 398.5 407.3 504.4 471.1 420.2 386.3 417.4 485.2 530.2 511.1 455.6 412.7 381.4 407.3 339.8 -999.0 -999.0 -999.0 -999.0 -999.0 -999.0 -999.0 -999.0 -999.0 -999.0 -999.0 -999.0 -999.0 -999.0 -999.0 -999.0 -999.0 -999.0 -999.0 -999.0 -999.0 -999.0 -999.0 -999.0 -999.0 -999.0 -999.0 -999.0 -999.0 -999.0 -999.0
-999.0 -999.0 -999.0 -999.0 -999.0 -999.0 -999.0 -999.0 -999.0 -999.0 -999.0 -999.0 -999.0 -999.0 -999.0 -999.0 -999.0 -999.0 285.0 304.4 296.3 318.7 430.4 470.1 509.6 592.9 596.4 628.6 499.1 386.5 444.9 524.4 526.6 472.9 405.2 388.4 449.6 502.7 524.8 499.5 445.4 395.8 387.1 379.6 318.2 331.5 -999.0 -999.0 -999.0 -999.0 -999.0 -999.0 -999.0 -999.0 -999.0 -999.0 -999.0 -999.0 -999.0 -999.0 -999.0 -999.0 -999.0 -999.0 -999.0 -999.0 -999.0 -999.0 -999.0 -999.0 -999.0 -999.0 -999.0 -999.0 -999.0
-999.0 -999.0 -999.0 -999.0 -999.0 -999.0 -999.0 -999.0 -999.0 -999.0 -999.0 -999.0 -999.0 -999.0 -999.0 -999.0 -999.0 -999.0 288.7 285.0 294.7 314.8 314.2 324.4 444.3 450.2 487.9 434.1 426.8 448.6 496.3 527.3 620.5 558.3 561.3 441.4 412.4 463.3 526.6 510.6 451.5 403.7 389.2 334.8 336.0 323.2 333.8 333.0 -999.0 -999.0 -999.0 -999.0 -999.0 -999.0 -999.0 -999.0 -999.0 -999.0 -999.0 -999.0 -999.0 -999.0 -999.0 -999.0 -999.0 -999.0 -999.0 -999.0 -999.0 -999.0 -999.0 -999.0 -999.0 -999.0 -999.0
-999.0 -999.0 -999.0 -999.0 -999.0 -999.0 -999.0 -999.0 -999.0 -999.0 -999.0 -999.0 -999.0 -999.0 -999.0 -999.0 -999.0 303.3 297.4 297.4 288.5 283.3 284.6 285.5 317.2 392.1 402.8 408.6 409.3 424.6 496.7 527.5 591.8 615.0 609.1 573.0 416.0 437.6 478.4 531.5 450.0 408.7 398.5 304.9 313.6 315.8 330.6 329.6 333.3 -999.0 -999.0 -999.0 -999.0 -999.0 -999.0 -999.0 -999.0 -999.0 -999.0 -999.0 -999.0 -999.0 -999.0 -999.0 -999.0 -999.0 -999.0 -999.0 -999.0 -999.0 -999.0 -999.0 -999.0 -999.0 -999.0
-999.0 -999.0 -999.0 -999.0 -999.0 -999.0 -999.0 -999.0 -999.0 -999.0 -999.0 -999.0 -999.0 -999.0 -999.0 -999.0 313.0 311.8 303.7 304.1 320.8 298.4 297.8 283.3 283.5 396.1 427.1 447.1 456.8 441.2 510.5 589.6 628.5 680.9 572.5 499.9 443.1 406.1 404.0 467.7 494.1 422.2 406.9 325.4 323.6 322.8 316.1 331.4 341.7 374.7 -999.0 -999.0 -999.0 -999.0 -999.0 -999.0 -999.0 -999.0 -999.0 -999.0 -999.0 -999.0 -999.0 -999.0 -999.0 -999.0 -999.0 -999.0 -999.0 -999.0 -999.0 -999.0 -999.0 -999.0 -999.0
-999.0 -999.0 -999.0 -999.0 -999.0 -999.0 -999.0 -999.0 -999.0 -999.0 -999.0 -999.0 -999.0 -999.0 -999.0 312.7 318.8 313.9 313.7 311.4 309.8 303.6 303.3 314.9 305.6 363.0 357.8 478.2 523.0 502.5 495.5 499.0 547.9 693.8 584.7 527.5 490.2 417.6 406.8 403.8 460.6 412.1 404.5 341.0 331.0 331.1 390.7 379.6 326.6 334.5 -999.0 -999.0 -999.0 -999.0 -999.0 -999.0 -999.0 -999.0 622.5 669.2 680.3 686.0 672.3 582.4 576.6 501.2 524.7 467.9 463.0 -999.0 -999.0 -999.0 -999.0 -999.0 -999.0
-999.0 -999.0 -999.0 -999.0 -999.0 -999.0 -999.0 -999.0 -999.0 -999.0 -999.0 -999.0 -999.0 -999.0 -999.0 312.7 312.7 312.7 313.5 312.7 308.5 310.6 303.3 303.3 303.3 317.8 405.8 409.7 450.6 588.3 546.5 524.4 528.4 653.7 669.8 531.5 481.1 421.2 404.7 391.1 407.8 412.9 420.3 401.1 334.0 360.1 366.9 403.7 368.0 335.6 359.0 -999.0 -999.0 -999.0 -999.0 420.5 438.5 440.0 559.8 607.7 676.5 758.0 772.7 697.2 587.9 551.5 527.8 555.4 533.2 479.2 523.1 -999.0 -999.0 -999.0 -999.0
-999.0 -999.0 -999.0 -999.0 -999.0 -999.0 -999.0 -999.0 -999.0 -999.0 -999.0 -999.0 -999.0 -999.0 313.7 315.2 312.7 312.7 312.7 314.3 309.3 312.7 313.1 311.4 303.3 303.6 351.2 416.6 455.8 446.1 596.5 604.8 671.9 692.7 663.0 572.1 515.9 455.5 460.4 473.9 486.1 485.5 426.7 396.3 327.1 359.3 389.3 412.7 405.9 390.5 355.6 405.1 -999.0 412.4 423.3 416.3 418.2 471.7 456.7 653.9 669.7 691.8 749.3 751.7 687.0 532.5 528.3 622.0 575.3 499.0 508.3 522.8 -999.0 -999.0 -999.0
-999.0 -999.0 -999.0 -999.0 -999.0 -999.0 -999.0 -999.0 -999.0 -999.0 -999.0 -999.0 -999.0 -999.0 316.0 315.2 316.7 315.2 312.7 312.7 311.5 312.7 312.7 312.7 313.1 313.0 330.1 379.7 426.9 453.5 472.2 571.9 589.2 593.2 651.4 587.4 535.7 526.2 527.1 540.8 528.4 525.2 486.1 404.9 342.5 334.0 402.3 354.7 404.3 354.5 360.2 374.4 371.3 420.0 413.0 430.8 421.0 434.4 443.3 584.3 630.3 737.6 786.5 786.0 687.0 601.4 529.5 691.8 648.2 505.8 500.9 552.5 659.9 -999.0 -999.0
-999.0 -999.0 -999.0 -999.0 -999.0 -999.0 -999.0 -999.0 -999.0 -999.0 -999.0 -999.0 -999.0 -999.0 316.0 316.0 328.4 316.3 315.2 315.5 308.3 312.7 312.7 314.3 311.7 332.8 353.0 347.7 389.0 440.8 459.9 455.3 459.2 561.3 641.5 650.3 620.6 581.1 560.2 534.8 511.6 494.8 451.8 440.7 403.2 334.6 329.4 412.5 399.3 415.9 370.0 374.7 358.2 392.0 415.2 440.0 456.0 446.9 479.3 479.9 648.0 689.1 694.2 807.6 694.2 596.4 530.2 670.1 585.0 515.5 530.6 517.2 529.8 544.1 -999.0
-999.0 -999.0 -999.0 -999.0 -999.0 -999.0 -999.0 -999.0 -999.0 -999.0 -999.0 -999.0 -999.0 -999.0 463.4 316.0 325.1 315.8 316.0 316.0 314.7 315.2 312.7 317.2 310.0 325.4 332.6 334.4 339.9 372.7 403.2 425.3 444.2 439.3 444.5 448.2 616.9 551.0 529.6 534.6 546.5 528.0 496.3 418.7 402.0 320.4 329.0 385.8 355.3 386.0 359.2 359.4 387.1 386.4 398.7 421.0 441.8 476.3 478.1 531.9 515.0 661.2 698.9 732.8 698.9 690.7 589.3 660.8 659.1 626.6 502.7 491.9 507.7 517.8 513.4
-999.0 -999.0 -999.0 -999.0 -999.0 -999.0 -999.0 -999.0 -999.0 -999.0 -999.0 -999.0 -999.0 -999.0 345.3 316.3 316.0 316.3 316.0 316.0 316.0 316.5 315.2 315.7 313.9 314.4 324.2 327.3 339.6 350.2 424.1 427.6 437.3 404.0 410.9 436.0 439.0 572.7 525.7 528.5 520.0 561.7 518.3 485.3 464.7 415.6 324.1 326.3 364.4 390.3 354.7 383.3 420.8 434.8 406.7 435.9 414.2 470.9 498.2 531.8 529.2 530.5 756.7 689.1 706.3 773.9 696.8 675.1 548.3 609.6 516.8 509.9 507.5 506.0 510.4
-999.0 -999.0 -999.0 -999.0 -999.0 -999.0 -999.0 -999.0 -999.0 -999.0 -999.0 -999.0 -999.0 -999.0 316.8 316.0 316.0 316.0 316.0 317.4 329.2 317.5 316.0 317.5 315.7 316.0 315.7 325.1 339.9 344.7 378.8 373.2 418.4 385.9 383.3 383.9 443.1 442.8 524.3 486.3 513.4 518.9 495.1 438.6 474.6 480.3 454.0 322.2 357.4 353.5 352.2 403.9 385.0 420.6 417.7 442.8 415.1 443.1 444.7 459.7 523.6 567.2 561.9 786.5 816.6 781.5 704.4 672.9 650.0 658.8 530.9 502.0 506.6 501.4 518.2
-999.0 -999.0 -999.0 -999.0 -999.0 -999.0 -999.0 -999.0 -999.0 -999.0 -999.0 -999.0 -999.0 -999.0 474.3 317.1 316.0 316.0 316.3 326.2 314.8 316.9 316.0 316.1 316.3 315.0 328.3 328.4 332.9 342.1 348.8 377.9 419.4 365.6 429.7 446.4 417.7 410.8 398.5 455.6 497.6 492.3 502.0 483.4 459.9 514.5 483.4 435.6 367.5 333.2 403.7 357.7 363.1 431.4 442.2 459.4 477.7 477.1 524.7 461.6 491.4 533.0 575.5 833.7 794.5 825.9 785.7 734.6 685.3 573.9 516.6 506.2 493.9 502.1 511.0
-999.0 -999.0 -999.0 -999.0 -999.0 -999.0 -999.0 -999.0 -999.0 -999.0 -999.0 -999.0 -999.0 -999.0 475.2 466.3 316.0 316.0 316.0 316.5 317.6 325.1 316.0 316.3 316.0 317.2 317.5 328.3 339.9 344.7 338.6 376.4 362.1 438.7 438.0 420.8 388.8 410.3 397.5 460.0 470.6 482.4 526.6 521.8 513.3 506.5 488.2 406.0 333.5 373.8 442.5 418.5 419.8 396.2 435.1 443.8 446.7 457.3 477.9 531.3 533.3 570.9 574.3 601.8 890.0 819.1 796.6 778.0 685.7 568.7 527.8 523.4 505.5 511.1 493.6
-999.0 -999.0 -999.0 -999.0 -999.0 -999.0 -999.0 -999.0 -999.0 -999.0 -999.0 -999.0 -999.0 -999.0 502.0 477.1 316.0 316.0 311.8 310.0 325.6 320.7 315.4 315.8 317.1 318.0 325.6 332.6 344.2 332.4 353.2 354.6 351.1 345.1 375.0 391.1 407.7 375.7 391.7 345.8 437.7 478.9 437.4 426.7 481.3 494.6 485.2 441.4 436.4 364.1 396.8 422.2 441.8 396.5 442.1 420.4 442.9 445.3 474.3 546.3 570.9 558.5 572.7 595.7 614.4 840.1 807.7 751.9 698.9 692.7 649.6 547.6 516.6 510.9 506.6
-999.0 -999.0 -999.0 -999.0 -999.0 -999.0 -999.0 -999.0 -999.0 -999.0 -999.0 -999.0 -999.0 -999.0 492.2 483.8 316.0 316.0 310.0 316.0 310.0 315.6 316.0 316.3 317.6 316.3 350.0 341.0 342.7 345.0 334.7 339.9 345.2 341.2 362.2 351.7 347.8 383.5 349.6 327.6 328.6 388.6 412.5 434.6 481.1 497.3 501.6 390.8 415.0 363.9 400.4 442.0 424.3 441.8 407.6 424.0 426.4 444.2 514.9 552.1 548.4 532.3 560.8 570.7 637.7 823.2 851.0 793.8 747.2 696.4 727.3 667.8 575.4 516.2 522.6
-999.0 -999.0 -999.0 -999.0 -999.0 -999.0 -999.0 -999.0 -999.0 -999.0 -999.0 -999.0 -999.0 -999.0 477.1 316.3 314.9 319.7 315.4 316.0 310.6 328.9 320.7 314.9 316.3 316.3 329.5 336.6 335.4 340.1 344.8 338.8 342.1 341.1 376.1 372.0 337.3 326.9 316.6 331.3 337.3 399.7 432.0 413.7 490.7 500.0 540.1 531.1 411.2 424.6 384.0 442.4 458.1 442.7 418.7 441.9 477.7 522.3 527.0 518.5 479.0 531.0 534.8 568.2 587.1 589.6 805.7 847.8 829.8 833.2 763.7 664.1 571.0 519.1 523.7
-999.0 -999.0 -999.0 -999.0 -999.0 -999.0 -999.0 -999.0 -999.0 -999.0 -999.0 -999.0 -999.0 -999.0 501.4 350.8 317.1 314.9 314.9 314.9 310.0 310.0 319.6 314.9 316.0 318.3 322.2 315.8 317.5 340.4 334.4 339.0 339.9 339.6 334.5 332.1 323.3 318.3 350.0 357.3 335.7 375.8 407.0 368.4 364.0 390.4 519.9 510.7 531.4 418.4 409.7 442.4 451.5 442.8 445.7 477.6 523.8 523.7 524.0 455.5 541.3 558.3 565.7 538.8 533.7 575.3 542.4 791.7 854.7 785.1 765.0 673.4 642.7 566.3 517.9
-999.0 -999.0 -999.0 -999.0 -999.0 -999.0 -999.0 -999.0 -999.0 -999.0 -999.0 -999.0 -999.0 -999.0 502.0 350.6 345.2 320.5 314.9 308.0 308.4 310.0 315.4 314.9 315.7 316.0 329.2 318.4 316.4 323.9 328.7 330.2 334.9 339.3 331.3 335.8 318.5 313.3 356.2 354.5 371.4 330.8 353.1 357.7 361.4 410.9 389.5 407.8 441.1 439.6 438.6 441.3 442.8 444.8 520.7 524.9 468.1 524.3 477.0 489.8 490.2 522.1 533.2 522.6 533.7 536.2 530.6 744.4 766.5 740.1 733.0 672.2 649.9 642.4 670.7
-999.0 -999.0 -999.0 -999.0 -999.0 -999.0 -999.0 -999.0 -999.0 -999.0 -999.0 -999.0 -999.0 -999.0 500.4 493.4 346.5 319.6 322.3 316.9 315.3 315.5 308.4 314.9 316.8 326.2 335.8 316.3 320.0 325.2 323.9 328.5 326.0 330.7 322.8 327.6 311.7 316.4 333.8 385.1 392.3 395.8 355.7 358.5 362.0 385.2 421.4 432.7 443.9 439.9 476.8 514.2 459.6 513.6 513.5 476.9 445.9 506.1 436.7 506.2 441.8 463.0 453.9 466.2 510.3 473.7 497.5 713.4 719.6 734.9 712.1 776.8 776.2 775.2 646.3
-999.0 -999.0 -999.0 -999.0 -999.0 -999.0 -999.0 -999.0 -999.0 -999.0 -999.0 -999.0 -999.0 -999.0 507.1 493.8 324.9 325.8 327.2 315.3 307.6 316.5 311.7 316.0 315.9 319.0 331.1 324.9 323.9 323.9 330.7 323.9 324.9 328.0 317.5 315.4 314.2 321.0 328.9 355.0 336.5 407.4 375.1 358.9 365.3 375.2 413.1 419.4 442.4 446.2 443.1 442.6 441.1 441.2 522.4 476.8 477.8 446.1 439.6 455.8 447.1 506.2 529.0 483.5 487.2 441.5 554.6 695.4 647.3 673.7 706.3 746.5 778.6 761.4 669.0
-999.0 -999.0 -999.0 -999.0 -999.0 -999.0 -999.0 -999.0 -999.0 -999.0 -999.0 -999.0 -999.0 -999.0 483.6 491.5 321.0 326.2 329.3 314.9 316.4 319.7 313.1 314.9 317.0 329.8 330.5 317.6 317.5 317.5 320.5 323.0 321.2 323.7 317.7 312.1 298.5 313.6 321.3 323.7 326.8 383.5 420.9 367.2 370.0 384.8 387.9 400.1 402.8 416.1 428.9 574.3 566.5 566.3 578.1 476.7 453.4 433.4 502.8 441.5 480.8 491.6 441.8 477.5 437.1 443.9 463.6 584.8 579.2 642.1 642.9 709.8 779.9 789.3 767.5
-999.0 -999.0 -999.0 -999.0 -999.0 -999.0 -999.0 -999.0 -999.0 -999.0 -999.0 -999.0 -999.0 -999.0 496.1 342.3 317.2 316.8 320.2 317.1 314.8 314.7 315.3 314.9 343.4 341.5 350.0 319.8 319.2 318.5 318.3 317.6 323.6 323.1 316.9 313.3 298.5 302.7 319.7 315.7 325.0 353.6 418.8 388.2 367.1 415.0 424.3 429.1 425.2 444.7 522.8 523.7 524.2 556.9 602.3 566.6 432.3 436.5 433.3 436.2 473.4 440.9 441.1 436.9 442.9 463.7 530.8 526.1 541.9 525.0 599.2 643.7 656.8 708.0 760.8
-999.0 -999.0 -999.0 -999.0 -999.0 -999.0 -999.0 -999.0 -999.0 -999.0 -999.0 -999.0 -999.0 -999.0 508.1 486.3 330.9 317.6 314.9 315.6 318.5 316.9 316.2 315.7 347.7 347.2 339.4 318.5 316.4 319.1 316.4 317.3 316.7 317.2 312.2 310.3 295.0 298.7 306.0 309.5 315.8 326.2 373.3 416.9 357.2 359.5 404.3 405.9 426.1 412.8 442.6 495.7 529.5 557.0 541.2 588.0 545.5 512.3 439.4 437.8 439.5 444.8 433.8 448.7 470.3 452.1 514.8 519.5 622.2 607.2 582.9 575.3 600.0 653.1 765.9
-999.0 -999.0 -999.0 -999.0 -999.0 -999.0 -999.0 -999.0 -999.0 -999.0 -999.0 -999.0 -999.0 -999.0 539.5 501.3 496.1 317.6 317.0 315.1 313.1 308.0 307.7 314.9 329.1 341.1 330.7 317.3 317.5 317.8 318.0 316.6 315.0 312.1 309.7 301.5 288.0 295.4 304.5 302.4 318.5 323.5 334.5 376.4 420.0 344.3 390.8 415.2 388.4 388.5 414.9 524.1 539.6 550.1 608.1 649.9 572.0 535.6 491.5 516.7 511.4 529.9 514.3 432.5 530.8 505.8 525.9 538.4 681.2 698.7 695.3 676.4 693.3 625.0 696.4
-999.0 -999.0 -999.0 -999.0 -999.0 -999.0 -999.0 -999.0 -999.0 -999.0 -999.0 -999.0 -999.0 -999.0 542.5 499.8 495.6 318.5 316.8 315.3 311.3 307.7 320.8 314.9 345.6 342.3 346.5 317.8 317.2 315.8 316.8 315.8 315.8 311.8 304.5 296.8 285.5 291.6 298.3 298.5 305.7 322.2 324.3 335.3 394.8 339.8 382.3 378.6 377.5 415.1 448.5 443.2 541.4 579.4 618.4 642.6 596.3 624.2 549.9 491.8 490.6 521.0 513.0 500.0 498.8 504.8 526.1 598.3 555.1 595.7 693.3 702.9 697.4 687.7 617.7
-999.0 -999.0 -999.0 -999.0 -999.0 -999.0 -999.0 -999.0 -999.0 -999.0 -999.0 -999.0 -999.0 -999.0 490.6 496.5 492.2 319.5 318.0 316.8 316.1 315.6 307.5 315.3 343.3 350.6 339.4 329.9 316.5 317.5 317.9 318.0 316.0 314.3 308.9 299.1 287.0 288.3 296.9 296.8 306.3 308.4 316.4 325.1 329.3 333.5 348.4 343.7 367.9 398.0 405.1 436.6 467.4 625.4 658.6 683.6 651.2 634.1 550.5 530.2 528.1 533.9 528.2 499.4 505.0 505.1 507.6 506.8 523.7 541.6 569.6 707.6 734.3 718.7 660.6
-999.0 -999.0 -999.0 -999.0 -999.0 -999.0 -999.0 -999.0 -999.0 -999.0 -999.0 -999.0 -999.0 -999.0 521.9 496.1 500.1 319.5 317.7 313.8 316.8 308.2 307.6 307.6 350.0 350.0 335.3 327.1 318.0 318.0 317.9 316.5 315.2 312.4 302.7 303.5 286.3 290.2 297.9 297.5 303.9 309.2 310.6 323.5 322.5 412.0 420.3 412.8 413.7 429.9 406.1 447.2 445.6 491.6 511.5 650.6 646.7 664.2 672.2 542.3 554.3 665.4 641.5 614.4 564.1 558.9 592.9 535.2 536.5 567.9 528.6 572.2 691.0 714.8 678.3
-999.0 -999.0 -999.0 -999.0 -999.0 -999.0 -999.0 -999.0 -999.0 -999.0 -999.0 -999.0 -999.0 -999.0 496.0 512.2 496.0 316.3 328.4 315.1 311.0 307.6 307.6 315.3 347.5 341.8 330.0 330.5 316.3 318.0 317.7 318.0 313.5 313.3 303.5 298.9 284.8 285.3 294.6 297.4 298.4 308.6 301.7 303.2 323.8 354.5 421.1 440.8 444.3 419.7 418.0 438.0 426.1 440.3 441.9 610.9 683.8 684.2 700.3 547.0 527.9 638.0 748.5 692.2 699.1 681.1 812.6 610.2 523.7 612.4 542.4 520.8 653.7 727.8 714.4
