GSP_annual_reports_SON_2024_v1/GIS/SON_2022_Spring_Shallow.tif
NCOLS 191
NROWS  209
XLLCORNER 6295515.91401
YLLCORNER 1783415.49397
CELLSIZE 1000.0
NODATA_VALUE -999
[rows 132 to 164 of 209, columns 75 to 149 of 191]
199.4 194.5 194.5 196.9 195.1 199.5 202.5 202.9 206.9 211.3 213.5 214.0 214.9 219.4 214.3 236.7 216.6 215.7 253.8 236.9 260.4 280.2 271.2 292.4 290.6 325.5 261.8 317.1 725.1 727.7 779.2 771.6 745.5 738.6 766.4 680.6 678.5 671.2 635.9 574.3 499.1 442.6 399.1 368.3 95.3 81.9 70.7 66.6 59.2 51.6 52.4 50.9 45.6 41.6 37.4 33.0 29.7 26.2 26.3 28.0 28.3 28.9 31.8 31.1 33.7 30.7 28.4 30.9 28.2 29.6 35.7 56.9 63.2 71.4 79.1
194.4 195.4 194.1 194.7 196.0 195.5 200.4 200.9 204.7 209.3 212.6 215.4 214.1 214.1 215.2 215.8 214.4 214.1 213.6 215.4 224.0 277.5 261.4 268.5 255.8 303.5 264.0 308.2 316.6 364.1 749.1 771.4 706.9 763.1 769.3 753.3 679.0 603.7 662.1 600.2 506.0 451.9 436.5 350.1 277.0 114.1 75.4 60.2 63.8 53.5 54.8 52.3 44.4 40.2 38.2 34.4 27.0 25.5 25.5 26.3 24.0 21.8 21.5 24.3 27.9 25.0 29.4 30.0 24.1 27.8 35.2 47.2 65.9 72.4 78.3
186.0 188.5 186.1 186.1 186.6 188.7 190.5 193.3 196.5 197.9 200.6 205.3 206.4 208.0 212.7 208.6 207.4 208.2 208.0 208.7 208.1 231.3 251.7 253.8 230.3 245.1 243.9 284.6 244.3 322.1 332.8 706.3 649.5 741.3 699.9 739.2 738.1 666.6 605.2 588.1 519.6 417.1 377.2 314.3 293.8 135.2 110.3 76.3 63.6 52.5 54.1 48.8 46.0 41.9 39.4 35.8 29.8 26.9 24.1 25.5 21.2 18.4 18.9 18.0 18.6 18.7 24.0 21.6 31.5 67.1 43.5 49.1 73.6 72.3 76.3
208.7 210.6 207.1 185.0 196.9 185.7 187.9 189.2 192.2 194.3 196.1 199.2 205.8 206.5 208.5 208.1 208.7 208.6 208.7 208.2 208.2 210.1 214.8 223.2 234.0 243.8 242.4 248.4 246.3 287.7 273.3 268.5 334.3 340.4 713.7 633.8 642.2 671.4 702.7 683.3 544.8 434.0 405.3 300.7 270.2 249.7 160.1 70.6 64.5 54.4 51.6 46.2 42.6 39.8 38.0 34.0 27.3 25.9 21.7 21.2 19.9 17.2 17.7 16.1 15.2 16.6 15.7 17.7 23.3 65.2 33.0 52.3 74.2 72.0 82.3
217.0 208.0 230.3 185.2 185.5 198.9 186.1 188.4 189.7 192.6 194.8 196.0 196.7 201.0 202.6 206.3 206.5 208.5 212.1 207.7 209.3 210.8 213.0 217.8 217.8 215.7 214.7 221.5 219.5 245.8 256.7 262.5 278.9 269.7 315.5 604.1 598.2 606.6 618.2 602.1 592.6 468.2 396.4 300.2 328.2 271.7 148.9 90.6 63.9 53.9 48.1 45.5 40.1 39.7 38.3 35.3 25.5 25.4 21.8 19.4 17.1 15.4 15.7 13.2 11.6 15.7 13.2 11.8 14.6 24.3 48.4 64.0 72.7 72.0 73.2
217.6 232.3 221.5 214.4 185.7 183.0 184.8 185.3 186.0 187.3 187.9 192.3 195.2 195.7 203.9 199.5 202.9 202.4 204.9 204.9 207.6 209.5 210.6 224.2 211.1 209.5 208.1 209.0 217.3 217.7 245.9 249.2 242.0 237.6 274.9 321.5 610.0 563.9 590.0 578.2 598.9 523.4 471.8 328.3 299.4 330.7 257.9 75.4 61.4 57.0 46.2 41.6 38.2 34.7 33.4 28.1 25.0 22.1 22.5 18.4 15.4 13.6 12.2 11.2 10.3 12.4 12.0 9.0 10.1 10.6 25.2 62.5 59.0 67.3 73.0
213.0 213.8 213.0 190.6 200.3 213.1 184.6 182.5 185.4 185.2 185.8 187.6 187.6 192.0 193.2 194.2 199.9 199.3 199.0 204.5 206.5 207.4 207.8 209.4 208.3 210.0 210.2 216.5 209.9 208.7 227.3 241.0 230.1 226.2 239.6 247.4 263.3 535.5 503.3 516.1 545.1 553.3 514.6 447.3 294.2 325.2 253.9 77.1 61.3 54.6 45.8 40.2 36.1 35.5 28.7 27.6 23.7 22.4 19.1 18.8 16.0 13.9 12.0 11.9 11.4 13.3 11.9 7.8 9.3 8.9 14.8 24.3 65.3 65.3 71.7
208.4 208.2 210.3 221.2 205.1 185.9 183.8 182.1 191.3 184.5 185.4 185.5 186.5 187.4 187.0 192.3 193.9 194.8 197.6 197.6 203.7 204.9 215.6 206.8 207.7 207.7 207.4 228.8 231.8 241.7 240.8 217.6 218.0 215.2 212.3 198.9 183.7 196.1 201.2 456.4 522.7 528.1 533.1 450.5 358.7 257.4 270.2 195.7 55.0 55.5 46.6 39.8 35.9 33.6 32.9 26.1 20.3 19.8 17.7 16.0 15.5 14.2 13.1 11.3 11.3 12.5 10.0 6.2 5.4 6.0 6.9 13.1 41.3 59.5 65.3
210.6 220.7 219.2 196.1 203.6 182.2 179.8 178.0 179.5 179.8 181.6 182.5 181.7 183.3 182.7 185.3 184.9 190.8 191.5 193.3 196.0 196.8 202.8 203.3 202.7 202.8 246.3 230.3 229.8 220.1 222.4 223.4 199.9 224.4 175.1 174.6 179.2 178.1 174.2 449.2 445.9 432.2 505.4 449.1 343.3 262.7 241.4 198.6 185.7 54.0 46.1 39.2 32.7 31.4 30.1 26.3 16.6 22.3 20.6 17.7 13.1 13.0 10.9 11.3 10.4 11.1 8.6 5.3 4.6 4.4 5.0 7.1 21.2 51.5 63.7
213.9 229.4 229.1 232.3 192.1 197.7 178.3 178.1 177.8 179.2 178.9 179.1 179.5 181.3 181.6 182.2 183.1 184.6 188.3 190.6 204.1 194.4 195.3 195.5 195.6 194.5 213.1 219.3 213.2 223.5 236.1 239.4 228.0 220.9 201.2 171.6 169.8 183.7 186.2 195.0 460.7 443.8 470.6 482.1 383.7 278.0 258.4 256.0 190.9 72.1 52.3 39.5 33.1 30.9 28.0 24.0 17.9 19.5 17.1 16.1 11.7 12.2 10.5 7.8 6.9 8.2 5.0 1.6 1.0 2.2 1.2 3.6 15.0 34.9 54.9
229.9 256.5 236.3 203.7 207.1 211.2 177.6 178.1 177.8 177.8 177.8 177.8 178.0 178.2 179.0 179.8 182.1 182.7 183.7 188.4 189.6 191.9 191.9 191.9 191.0 545.5 213.3 242.5 240.7 229.0 222.9 244.1 260.1 235.2 209.0 190.1 167.6 184.4 192.9 188.1 192.3 454.0 449.9 488.0 414.1 323.7 366.6 357.5 226.2 190.7 81.5 51.3 34.6 31.9 28.0 20.2 15.1 16.1 14.1 11.2 12.4 11.5 8.2 6.4 5.0 9.7 2.5 -0.6 -0.9 -0.8 1.5 3.9 11.1 32.2 49.1
238.0 227.9 232.9 225.8 539.6 201.0 225.8 176.6 177.2 176.8 177.6 176.9 177.5 179.1 176.6 177.9 179.2 182.0 181.5 181.4 184.5 187.5 190.6 190.6 190.5 540.5 542.2 228.7 220.7 243.7 277.0 241.1 263.6 226.6 225.1 225.4 201.7 167.7 177.6 164.4 224.4 218.8 461.8 406.0 448.4 376.1 437.4 450.9 382.9 284.4 189.6 83.4 48.6 39.9 30.0 24.6 12.3 9.8 10.1 9.8 7.5 7.2 9.1 6.9 4.0 3.2 3.0 -1.4 -2.8 -2.4 -0.1 1.1 4.7 19.3 48.7
209.0 531.4 531.6 546.9 557.0 528.5 182.1 191.9 181.8 188.9 176.4 176.5 176.2 177.7 177.2 177.1 177.9 178.0 178.7 195.8 182.9 184.3 183.1 183.1 183.2 535.0 559.8 541.7 213.5 231.6 247.3 251.6 250.3 268.6 243.3 237.6 209.9 192.5 183.7 201.5 215.5 256.6 471.8 416.9 404.1 408.7 467.4 493.3 464.9 409.0 266.0 192.8 56.1 49.6 37.3 25.3 13.3 10.5 6.7 5.5 6.1 5.6 8.9 6.6 4.0 2.2 4.1 1.4 -4.1 -4.7 0.3 0.2 1.2 15.5 29.3
534.3 566.6 530.2 528.7 537.7 519.8 515.6 180.5 174.0 174.1 182.5 180.7 175.4 175.6 174.5 174.7 174.1 175.3 183.4 174.4 177.2 177.0 179.1 178.8 179.1 179.6 212.0 191.1 548.0 220.9 234.2 245.6 236.5 246.9 241.0 248.3 205.0 189.4 173.5 224.8 271.7 253.4 261.9 257.5 456.8 450.4 533.2 576.1 529.2 398.6 254.6 284.4 192.4 62.3 39.0 24.4 11.7 5.9 3.0 3.0 0.9 7.0 4.6 3.6 3.9 1.3 0.4 1.2 -3.8 -3.0 -3.5 0.1 -0.4 5.5 8.3
565.5 556.3 568.1 541.0 527.8 526.3 515.9 179.2 176.4 514.8 174.0 174.1 174.8 174.1 514.1 174.6 174.0 174.0 174.0 173.3 174.9 175.6 175.1 176.7 176.4 178.2 179.3 184.9 550.4 566.1 273.7 233.9 231.1 220.3 224.0 260.0 295.7 222.0 174.3 186.2 211.6 271.8 295.1 282.8 494.2 438.3 473.2 531.6 614.9 464.8 440.9 385.8 307.2 202.8 51.3 27.9 19.2 10.9 3.6 2.5 0.9 2.1 2.0 2.8 2.5 1.2 -0.1 -1.6 -3.6 -2.3 -1.4 -2.6 -1.7 -0.5 3.4
579.5 573.0 577.6 583.1 556.9 536.6 524.2 516.8 515.6 539.1 535.7 525.6 515.6 516.8 548.1 177.7 173.6 173.6 173.6 173.6 173.8 173.2 174.2 174.3 174.5 174.7 175.5 178.5 213.7 579.6 562.7 233.7 274.4 312.7 272.6 248.1 270.8 268.0 223.3 185.7 232.1 293.3 257.2 218.3 214.2 468.2 488.8 538.8 574.2 567.2 462.6 376.0 436.5 371.1 211.0 35.4 24.2 15.3 6.8 1.0 0.1 1.3 1.7 3.2 2.8 1.4 0.0 -1.0 -3.3 -2.7 -2.4 -2.5 -2.5 -2.1 -1.4
559.3 583.3 647.6 646.8 584.8 547.7 524.9 522.3 519.6 539.5 543.1 547.7 545.3 579.8 559.7 548.0 172.8 172.8 173.0 173.0 173.2 173.1 173.0 183.2 173.4 173.7 175.2 173.8 178.9 216.3 583.3 568.4 306.3 325.9 331.7 286.6 199.0 196.4 167.5 165.1 218.1 226.5 245.0 208.6 263.2 507.5 494.9 503.9 541.6 597.9 560.7 457.2 425.4 389.8 251.5 70.1 35.0 21.3 8.2 1.3 -1.8 1.2 2.2 4.2 3.4 3.9 0.9 -1.4 -3.0 -3.1 -2.8 -2.4 -2.2 -2.9 -2.7
622.8 655.2 586.0 579.8 579.5 552.9 538.4 574.7 561.7 544.7 527.0 529.9 561.2 607.5 603.1 561.2 515.0 173.4 173.5 186.7 173.4 173.5 173.4 173.2 173.0 173.7 173.8 174.0 175.5 180.4 525.1 583.0 557.2 229.9 213.0 204.2 207.6 181.8 168.2 163.6 174.8 184.3 213.0 248.0 206.4 505.3 542.5 517.2 546.5 638.3 661.4 493.9 420.3 265.6 212.0 210.5 44.6 21.8 10.6 2.1 -0.2 2.2 2.5 2.9 3.0 2.3 1.5 -0.7 -2.7 -3.0 -1.9 -1.7 -2.2 -2.2 -2.7
739.0 724.2 697.4 631.6 579.8 547.0 581.8 579.8 531.5 527.4 558.2 546.1 559.7 640.9 593.8 583.3 564.2 514.3 173.7 173.5 173.5 173.4 173.2 173.5 173.5 173.1 173.8 173.4 173.6 177.6 542.5 573.3 536.6 535.4 563.1 292.2 278.5 260.9 256.7 197.4 161.6 198.0 180.0 243.4 186.2 494.5 540.2 589.3 532.1 551.2 634.2 637.4 496.5 454.7 293.2 203.3 184.5 21.5 11.2 2.2 0.4 1.6 2.5 2.8 3.0 2.9 1.7 -0.2 -1.8 -2.9 -2.7 -1.9 -2.0 -2.5 -0.6
715.1 742.1 721.6 629.0 617.6 578.1 551.7 605.8 528.7 529.5 564.7 558.4 583.0 588.3 587.2 641.4 580.9 557.1 531.6 173.5 173.7 173.7 173.2 173.6 173.6 177.5 173.4 173.8 173.0 173.3 542.0 522.6 513.1 520.3 504.8 499.0 273.3 299.9 289.0 271.3 230.9 157.0 168.1 210.3 203.8 232.0 531.2 594.0 598.5 602.2 661.9 692.5 484.9 408.0 282.6 249.1 191.7 52.4 18.3 6.5 3.0 1.4 2.8 3.2 3.5 2.8 1.7 0.1 -1.1 -2.4 -2.4 -2.0 -2.0 -2.0 -2.2
612.6 674.5 699.1 650.9 698.2 634.2 575.6 639.2 583.0 528.9 529.1 574.4 618.6 672.2 584.8 584.7 577.2 536.4 177.9 173.5 173.8 173.8 174.0 173.8 173.5 173.4 173.4 172.7 173.6 173.8 173.6 190.5 163.3 201.7 483.0 490.9 481.5 466.9 220.9 214.0 176.1 156.4 157.8 170.9 162.1 200.3 469.4 591.7 662.1 640.1 728.5 741.3 613.1 453.6 390.1 364.3 229.1 190.0 33.7 157.6 10.6 0.9 2.2 3.1 3.0 2.8 2.3 0.2 -1.0 -2.3 -2.6 -0.9 -2.0 -1.9 -2.2
576.9 604.0 672.6 686.6 655.0 618.8 608.0 557.8 529.5 541.6 537.8 533.9 667.4 606.0 581.9 569.5 557.9 521.6 543.1 187.0 541.1 173.9 173.7 173.6 173.6 173.7 173.5 173.5 173.5 174.1 174.0 173.5 161.3 163.3 457.1 493.5 519.2 510.3 450.9 423.8 160.8 156.4 157.8 157.5 157.1 176.2 418.7 566.6 686.0 703.4 659.6 707.6 683.5 538.3 474.5 346.4 251.7 197.8 181.3 188.0 155.3 1.3 2.5 2.7 3.4 3.1 2.5 0.5 -1.2 -2.0 -2.7 -2.2 -1.0 -2.2 -2.4
689.0 677.1 673.1 649.4 685.0 678.5 615.2 628.8 584.5 581.9 585.7 586.2 656.7 579.6 546.7 528.7 543.0 553.7 208.1 542.7 548.8 539.2 202.3 173.8 174.0 173.6 173.8 173.6 173.6 173.9 174.0 172.6 159.2 160.1 142.4 458.2 479.6 543.4 534.1 467.1 428.8 394.5 156.2 155.4 160.0 169.1 430.2 465.7 553.7 591.2 658.1 651.2 638.5 656.5 583.8 443.7 343.3 243.7 191.4 178.6 182.2 171.0 15.8 2.7 2.5 3.1 2.4 0.7 -1.2 -1.9 -2.3 -2.4 -2.0 -2.2 -2.6
617.4 631.9 683.3 587.6 697.6 698.3 615.5 683.5 584.5 618.1 736.8 655.7 577.7 579.5 571.4 583.0 581.7 584.5 549.4 554.8 529.6 203.4 174.0 173.7 173.7 173.6 174.0 173.7 174.1 174.0 174.1 174.0 158.6 158.2 141.1 144.2 464.1 499.7 570.6 530.7 513.1 402.4 391.9 154.4 150.5 154.6 407.2 458.4 479.1 542.7 598.4 585.0 584.5 605.4 589.8 513.4 383.6 334.3 206.7 183.0 168.7 17.0 158.5 9.9 3.3 3.0 2.8 1.4 -0.5 -1.4 -2.0 -1.9 -2.1 -2.3 -2.7
591.1 601.4 650.7 553.7 603.3 671.4 672.0 617.6 584.8 615.5 711.9 692.8 650.6 650.9 699.1 678.9 615.5 629.0 559.4 563.0 546.8 190.8 192.3 173.6 173.6 173.6 173.6 173.7 173.4 174.0 174.1 173.8 159.2 159.7 157.6 169.1 163.2 187.8 478.4 288.1 253.5 442.3 393.2 378.9 150.5 158.5 390.0 409.3 476.0 508.3 562.7 605.4 576.9 583.8 624.3 626.5 486.2 435.5 266.4 209.7 179.9 18.2 8.0 46.9 3.2 2.9 2.7 1.3 -0.5 -1.4 -1.9 -2.3 -2.1 -2.2 -2.5
583.9 635.7 581.9 569.8 564.1 557.3 556.9 590.3 613.4 698.2 622.2 660.1 559.1 699.7 684.1 666.4 667.5 640.4 584.4 583.9 569.7 178.7 174.0 173.8 174.2 173.9 173.9 173.7 173.9 173.7 174.2 174.0 159.7 159.5 147.2 164.2 150.9 176.4 180.8 184.6 256.8 252.2 461.6 404.5 396.7 154.2 387.2 430.6 456.0 543.7 569.1 575.8 532.3 535.8 558.2 575.2 566.0 497.8 425.1 356.6 216.5 199.1 28.9 8.0 3.1 2.8 2.8 1.8 -0.3 -1.5 -2.3 -2.4 -2.1 -2.2 -2.4
584.9 547.4 565.1 -999.0 622.4 624.6 666.0 676.9 650.9 629.0 584.6 584.5 647.3 701.3 648.7 615.7 645.7 605.4 584.8 618.1 583.5 556.1 515.0 173.7 173.9 173.9 173.8 173.7 173.9 173.9 173.7 173.7 159.8 159.6 137.9 162.1 166.8 154.6 158.8 185.3 218.6 243.9 513.3 475.4 407.0 381.6 151.4 206.5 303.8 559.3 569.6 521.3 522.1 535.5 527.0 552.6 532.8 518.6 511.1 426.4 371.9 261.5 67.8 3.1 3.2 2.6 2.8 2.0 -0.4 -1.5 -2.2 -2.3 -2.2 -2.2 -2.5
-999.0 -999.0 -999.0 -999.0 -999.0 -999.0 785.6 746.6 584.5 587.1 551.7 586.3 678.7 655.2 660.3 553.7 591.5 222.2 207.8 292.2 288.6 231.5 181.9 515.0 515.0 173.9 173.9 173.9 173.9 173.8 173.8 173.7 159.8 159.6 137.6 133.2 144.6 156.0 189.7 195.4 189.8 209.5 512.7 491.0 501.4 432.8 390.1 134.6 199.1 292.6 276.9 268.7 271.2 221.0 512.6 530.4 540.2 504.2 503.6 256.0 223.9 249.9 172.5 5.6 3.3 3.5 2.0 2.2 -0.6 -1.6 -2.3 -2.3 -2.2 -2.2 -2.4
-999.0 -999.0 -999.0 -999.0 -999.0 -999.0 -999.0 695.1 670.3 541.2 567.1 579.1 569.4 584.3 572.8 544.7 544.7 535.9 186.4 185.2 182.1 173.2 173.5 177.8 560.0 561.2 515.0 173.9 173.8 173.9 174.0 174.1 159.6 159.6 137.7 138.0 158.1 160.4 179.4 215.5 173.1 176.8 186.0 181.9 507.6 468.1 424.6 133.6 161.8 167.5 172.2 187.2 285.1 194.3 248.8 255.0 462.7 493.4 460.0 245.1 232.1 199.8 223.7 167.2 3.1 2.3 2.7 1.9 -0.6 -1.7 -2.2 -2.2 -2.1 -2.2 -2.3
-999.0 -999.0 -999.0 -999.0 -999.0 -999.0 -999.0 610.1 566.9 563.9 623.9 699.0 700.2 656.7 621.9 566.0 576.7 546.9 514.9 514.8 173.3 173.5 173.8 174.0 193.7 224.0 201.8 173.9 173.7 173.9 173.9 173.9 159.8 159.8 138.1 140.7 132.6 142.3 170.0 180.9 173.2 184.1 148.5 193.9 251.0 241.3 246.2 226.2 193.6 125.3 115.6 136.2 161.9 140.9 225.8 218.6 390.6 355.5 195.4 207.9 244.8 164.4 233.4 172.3 140.5 3.0 2.9 2.0 -0.6 -1.7 -2.2 -0.8 -2.1 -2.2 -2.6
-999.0 -999.0 -999.0 -999.0 -999.0 -999.0 -999.0 296.3 219.7 565.7 617.9 591.1 613.7 577.7 576.7 540.5 563.9 560.8 523.7 541.4 538.4 173.6 173.5 174.0 177.6 173.7 173.6 173.7 173.8 173.9 173.9 173.9 159.8 159.8 137.9 141.0 125.8 146.2 135.6 163.4 171.7 154.5 148.9 192.2 207.9 247.3 203.3 275.9 290.7 244.1 159.1 140.9 113.2 107.8 114.6 116.6 119.4 350.1 336.1 185.4 211.5 204.6 291.9 202.4 138.6 2.6 2.7 2.1 -0.3 -2.0 -1.2 -2.2 -2.1 -2.5 -2.3
-999.0 -999.0 -999.0 -999.0 -999.0 -999.0 -999.0 -999.0 253.3 241.3 561.6 551.0 536.4 524.9 543.1 538.4 561.4 553.4 530.1 590.6 583.0 539.4 533.8 172.6 174.0 173.8 173.8 173.7 173.7 173.8 173.8 173.8 159.8 159.8 137.6 131.9 125.0 127.8 131.3 138.9 145.4 183.9 149.3 176.0 214.2 161.4 238.7 482.7 275.0 304.7 254.9 164.6 147.1 113.5 112.4 122.4 110.7 341.7 324.4 308.9 283.2 286.2 247.2 192.4 21.7 2.8 2.5 2.0 -0.3 -1.8 -1.9 -2.1 -2.4 -2.4 -2.4
-999.0 -999.0 -999.0 -999.0 -999.0 -999.0 -999.0 -999.0 192.2 227.6 201.7 239.3 583.7 572.8 563.1 517.7 515.5 515.2 539.0 525.9 569.7 582.4 569.9 557.1 197.1 183.3 173.8 173.8 173.8 173.7 173.8 173.8 159.8 159.7 137.7 132.8 125.4 117.0 113.7 119.6 138.8 141.4 128.8 174.9 151.7 145.8 177.2 467.0 519.7 546.5 295.4 234.0 188.2 145.1 103.9 93.0 113.1 328.3 313.2 278.1 254.0 223.6 192.6 30.3 3.0 2.8 2.5 2.0 -0.6 -1.9 -1.8 -2.1 -2.3 -2.2 -2.4
