GSP_annual_reports_SON_2024_v1/GIS/SON_2023_Fall_Deep.tif
NCOLS 191
NROWS  209
XLLCORNER 6295515.91401
YLLCORNER 1783415.49397
CELLSIZE 1000.0
NODATA_VALUE -999
[rows 99 to 131 of 209, columns 0 to 74 of 191]
-999.0 -999.0 -999.0 -999.0 -999.0 -999.0 -999.0 -999.0 -999.0 -999.0 -999.0 -999.0 -999.0 527.2 542.5 386.6 642.1 541.0 546.2 626.7 614.5 323.3 333.0 378.3 361.6 339.7 269.3 301.5 331.6 313.7 246.9 274.9 221.1 211.3 205.3 201.4 197.9 192.6 208.3 213.9 205.5 198.0 195.6 199.6 198.9 197.0 198.4 193.9 199.5 194.2 193.6 190.7 189.8 186.4 183.0 182.5 181.5 180.7 170.2 170.0 170.0 166.7 167.6 168.1 168.0 174.8 176.9 179.3 194.0 197.5 198.6 195.6 198.5 200.8 188.7
-999.0 -999.0 -999.0 -999.0 -999.0 -999.0 -999.0 -999.0 -999.0 -999.0 -999.0 -999.0 -999.0 591.0 618.9 596.4 695.8 591.6 662.0 658.1 550.6 319.4 377.7 390.3 341.3 231.7 216.5 214.0 259.5 324.5 270.0 216.9 221.4 219.2 215.8 201.2 206.4 200.7 207.0 225.4 228.9 212.7 211.9 214.1 210.7 213.5 204.2 217.4 207.3 210.0 203.1 207.0 203.8 202.2 203.2 199.8 195.1 195.5 193.1 193.6 192.2 183.9 183.1 184.3 183.9 183.3 189.0 192.6 202.9 206.8 212.9 209.8 212.6 210.3 204.6
-999.0 -999.0 -999.0 -999.0 -999.0 -999.0 -999.0 -999.0 -999.0 -999.0 -999.0 -999.0 -999.0 665.2 702.1 752.3 762.6 729.9 729.2 720.5 632.5 340.8 374.6 382.3 324.5 338.9 319.2 207.7 202.5 223.6 203.2 204.5 197.2 197.3 193.5 194.8 199.9 200.4 197.3 200.9 209.9 212.2 213.2 203.8 202.3 204.5 203.3 214.2 199.2 203.9 199.4 201.8 198.0 197.3 195.0 194.4 191.3 190.4 185.2 184.7 184.6 184.2 184.2 184.4 174.3 174.8 178.5 180.8 192.9 197.8 199.9 196.6 199.0 204.1 204.5
-999.0 -999.0 -999.0 -999.0 -999.0 -999.0 -999.0 -999.0 -999.0 -999.0 -999.0 -999.0 -999.0 550.6 696.0 643.0 698.3 826.1 814.4 666.2 592.3 352.9 366.5 376.6 363.1 334.9 309.9 298.2 220.5 205.6 190.0 190.3 190.8 192.8 193.3 200.1 206.0 207.4 201.5 203.6 209.4 196.5 199.5 203.7 203.2 204.3 206.7 202.8 211.2 197.4 198.3 196.9 198.0 196.1 197.4 197.4 195.7 192.0 189.5 189.7 185.9 181.9 183.8 181.4 183.3 182.7 175.9 177.9 187.9 192.9 196.2 195.3 198.7 200.3 200.0
-999.0 -999.0 -999.0 -999.0 -999.0 -999.0 -999.0 -999.0 -999.0 -999.0 -999.0 -999.0 -999.0 531.9 613.7 562.1 667.5 812.5 798.9 829.0 816.3 757.0 733.5 383.4 379.8 364.6 362.1 320.5 294.2 220.0 192.0 251.7 197.3 188.5 207.7 267.6 248.0 213.1 208.4 207.8 209.6 205.6 195.8 201.4 194.1 193.3 200.1 201.6 208.5 207.3 198.9 195.9 198.0 198.3 195.8 199.9 194.9 195.6 190.9 189.3 188.4 186.6 186.9 184.6 183.2 181.1 180.4 183.0 186.6 188.9 193.6 195.3 195.2 197.8 202.6
-999.0 -999.0 -999.0 -999.0 -999.0 -999.0 -999.0 -999.0 -999.0 -999.0 -999.0 -999.0 -999.0 220.7 281.8 526.6 648.2 747.3 800.3 833.1 833.3 750.7 613.8 601.2 637.0 353.5 354.7 307.4 283.2 201.0 193.7 213.4 282.1 182.6 202.6 202.3 226.3 271.3 204.1 202.3 204.2 198.4 187.3 200.1 197.7 198.4 187.2 192.9 195.6 204.7 205.8 194.2 192.2 193.8 191.8 190.8 189.0 193.1 187.9 190.4 186.7 184.5 184.2 180.3 181.6 179.2 175.4 178.1 180.5 182.6 184.1 185.6 186.7 190.5 198.3
-999.0 -999.0 -999.0 -999.0 -999.0 -999.0 -999.0 -999.0 -999.0 -999.0 -999.0 -999.0 -999.0 196.6 195.9 220.2 504.2 569.4 619.4 640.5 765.6 635.3 556.3 513.4 528.9 543.8 320.2 317.4 244.8 310.9 197.1 208.8 285.2 226.1 185.8 199.8 196.4 199.0 226.3 245.0 241.9 231.8 199.0 196.4 202.4 199.6 197.1 199.1 191.1 194.3 192.9 201.1 194.9 198.6 190.7 190.5 193.5 189.7 188.2 190.1 188.3 188.3 183.2 182.3 180.3 178.8 178.3 179.6 179.9 178.4 180.4 183.2 187.2 197.1 195.8
-999.0 -999.0 -999.0 -999.0 -999.0 -999.0 -999.0 -999.0 -999.0 -999.0 -999.0 -999.0 -999.0 195.1 190.5 211.2 283.0 197.8 476.0 501.9 578.8 622.7 564.6 475.1 207.2 265.0 312.1 306.3 281.3 278.5 251.3 190.0 296.0 264.2 214.8 187.7 201.2 265.2 244.4 258.0 194.3 194.3 194.9 195.5 195.0 194.8 189.9 194.1 189.9 189.9 192.9 188.7 184.2 187.0 190.5 190.8 189.3 188.3 190.1 187.5 185.3 185.1 182.6 183.3 178.2 177.3 176.8 175.4 175.2 176.1 173.8 175.1 185.8 183.0 189.6
-999.0 -999.0 -999.0 -999.0 -999.0 -999.0 -999.0 -999.0 -999.0 -999.0 -999.0 -999.0 -999.0 -999.0 183.7 213.7 315.5 241.5 182.9 186.4 434.3 498.8 527.9 467.4 271.2 243.9 300.8 323.0 342.5 263.2 313.5 193.4 238.4 301.7 203.6 182.7 196.7 239.6 308.4 265.5 234.6 186.2 189.2 190.9 186.3 180.0 183.7 183.8 173.9 178.3 174.5 180.9 174.1 175.1 173.0 174.2 185.0 185.8 183.4 181.2 182.8 179.9 178.0 180.4 174.7 177.5 171.7 168.8 169.3 168.2 166.3 168.7 171.2 174.7 181.0
-999.0 -999.0 -999.0 -999.0 -999.0 -999.0 -999.0 -999.0 -999.0 -999.0 -999.0 -999.0 -999.0 -999.0 180.8 273.4 283.8 227.6 172.6 195.5 284.6 197.1 440.4 480.2 276.6 182.1 272.1 301.9 312.0 309.9 272.1 307.5 216.0 237.2 241.7 180.8 181.7 237.4 302.0 302.5 287.9 249.0 215.1 241.5 181.3 180.8 172.6 171.0 423.9 477.2 457.5 446.0 165.0 165.9 165.7 165.4 169.1 168.6 173.2 174.1 177.2 170.7 173.0 167.7 160.3 164.0 159.2 161.9 156.1 154.7 153.4 153.6 154.7 160.5 170.3
-999.0 -999.0 -999.0 -999.0 -999.0 -999.0 -999.0 -999.0 -999.0 -999.0 -999.0 -999.0 -999.0 -999.0 -999.0 229.3 190.4 177.2 175.4 231.4 314.2 271.1 232.4 168.8 169.9 173.5 174.9 193.3 303.0 313.6 338.1 317.1 303.2 259.9 265.3 207.4 227.6 239.1 310.3 318.6 301.9 267.6 308.8 304.4 198.0 200.9 192.8 167.0 475.1 522.7 482.0 542.9 486.5 464.4 425.9 449.1 175.1 165.9 165.8 169.2 172.8 174.5 174.1 171.0 169.3 163.0 163.4 165.3 159.7 155.6 155.6 157.4 156.3 159.2 168.6
-999.0 -999.0 -999.0 -999.0 -999.0 -999.0 -999.0 -999.0 -999.0 -999.0 -999.0 -999.0 -999.0 -999.0 -999.0 -999.0 189.0 166.5 166.9 208.6 307.4 303.9 197.9 177.5 164.3 163.7 168.2 168.1 187.5 181.8 227.5 335.0 354.7 305.4 298.8 296.3 190.7 186.7 237.3 292.3 312.1 304.7 304.7 292.5 292.6 272.4 176.2 170.7 180.7 543.1 520.3 547.0 546.7 495.9 456.7 449.5 466.0 502.7 164.3 164.3 165.6 163.1 167.8 168.6 170.3 166.1 167.4 166.7 158.8 155.3 152.1 151.3 156.2 158.5 165.6
-999.0 -999.0 -999.0 -999.0 -999.0 -999.0 -999.0 -999.0 -999.0 -999.0 -999.0 -999.0 -999.0 -999.0 -999.0 -999.0 -999.0 159.8 170.5 169.9 166.8 190.6 176.7 158.3 156.6 178.9 176.9 160.6 161.3 163.8 214.0 262.9 350.3 301.6 269.6 173.0 158.2 160.9 169.1 171.8 217.2 232.8 298.1 288.9 257.3 204.1 175.0 168.3 167.7 483.3 589.3 545.2 532.2 473.1 463.1 427.3 441.1 458.6 446.8 160.5 161.1 156.1 160.6 154.7 163.3 167.5 165.9 159.1 163.3 163.4 158.0 156.4 155.5 157.1 162.6
-999.0 -999.0 -999.0 -999.0 -999.0 -999.0 -999.0 -999.0 -999.0 -999.0 -999.0 -999.0 -999.0 -999.0 -999.0 -999.0 -999.0 -999.0 160.1 175.4 178.2 162.4 165.4 158.4 165.4 191.4 177.4 162.7 191.5 175.6 251.5 277.8 272.5 272.3 174.5 163.2 198.9 208.0 185.5 196.4 181.2 185.5 262.1 218.5 206.3 177.8 171.9 167.0 176.0 178.4 255.5 282.8 284.0 567.5 520.7 468.0 505.3 501.6 527.3 173.0 160.6 166.8 160.4 163.2 162.6 158.5 164.4 171.0 166.9 163.0 155.3 156.4 152.5 153.2 151.7
-999.0 -999.0 -999.0 -999.0 -999.0 -999.0 -999.0 -999.0 -999.0 -999.0 -999.0 -999.0 -999.0 -999.0 -999.0 -999.0 -999.0 -999.0 -999.0 -999.0 168.6 159.9 154.8 163.1 158.5 176.3 217.5 169.5 173.1 198.5 198.4 170.2 527.4 529.0 155.1 206.4 271.8 348.9 279.1 623.2 600.4 612.7 549.6 556.9 535.3 170.2 170.8 169.4 172.1 175.0 174.9 253.5 196.3 171.8 168.2 482.4 255.0 217.6 175.2 515.1 487.7 155.5 165.7 161.2 162.2 157.1 160.5 157.1 160.4 167.7 162.2 153.7 155.1 154.3 155.2
-999.0 -999.0 -999.0 -999.0 -999.0 -999.0 -999.0 -999.0 -999.0 -999.0 -999.0 -999.0 -999.0 -999.0 -999.0 -999.0 -999.0 -999.0 -999.0 -999.0 159.9 154.1 145.9 155.4 158.5 190.7 284.5 234.1 161.6 163.0 152.9 158.2 532.1 503.1 513.5 239.3 291.4 332.4 719.7 728.4 714.5 644.6 701.9 668.4 628.3 582.9 208.1 171.9 168.3 204.3 201.0 176.5 181.6 166.7 164.6 164.4 175.3 250.0 208.7 195.1 208.3 161.7 178.3 161.4 168.2 156.9 153.4 158.6 153.8 153.6 152.4 153.2 152.0 159.6 156.6
-999.0 -999.0 -999.0 -999.0 -999.0 -999.0 -999.0 -999.0 -999.0 -999.0 -999.0 -999.0 -999.0 -999.0 -999.0 -999.0 -999.0 -999.0 -999.0 -999.0 -999.0 150.6 156.1 156.9 173.2 196.5 223.0 294.8 206.6 160.6 156.6 156.7 156.2 474.6 548.3 226.2 277.1 342.1 363.3 363.1 737.1 711.9 728.2 720.5 720.8 707.5 628.3 553.9 177.2 264.5 261.2 198.2 167.5 168.1 163.7 170.5 184.1 277.0 251.3 205.8 170.0 164.1 171.0 167.3 164.3 155.2 151.3 151.1 153.6 153.8 153.8 153.8 153.6 149.9 152.2
-999.0 -999.0 -999.0 -999.0 -999.0 -999.0 -999.0 -999.0 -999.0 -999.0 -999.0 -999.0 -999.0 -999.0 -999.0 -999.0 -999.0 -999.0 -999.0 -999.0 -999.0 -999.0 150.8 154.0 157.2 152.0 158.6 166.9 172.8 151.6 148.9 150.4 150.4 153.1 547.9 287.3 337.8 354.1 347.4 297.4 280.2 292.6 292.1 620.9 661.7 660.7 716.1 638.5 602.7 270.2 292.1 206.2 169.8 164.7 161.8 164.6 166.5 207.8 287.7 242.2 190.1 165.2 249.3 185.9 165.0 147.0 147.2 148.2 148.3 150.9 150.7 154.4 154.4 153.7 151.7
-999.0 -999.0 -999.0 -999.0 -999.0 -999.0 -999.0 -999.0 -999.0 -999.0 -999.0 -999.0 -999.0 -999.0 -999.0 -999.0 -999.0 -999.0 -999.0 -999.0 -999.0 -999.0 -999.0 -999.0 152.8 152.8 156.6 153.2 153.1 151.2 152.7 153.7 154.1 167.1 150.3 567.5 276.0 362.5 345.5 725.9 579.8 269.3 303.3 268.2 302.7 576.9 651.1 736.9 655.4 652.0 310.2 265.2 232.9 198.0 163.4 169.0 163.0 170.4 264.0 298.1 257.2 221.3 264.3 163.9 151.6 161.5 161.6 148.9 146.8 150.5 154.1 154.1 153.8 148.8 148.2
-999.0 -999.0 -999.0 -999.0 -999.0 -999.0 -999.0 -999.0 -999.0 -999.0 -999.0 -999.0 -999.0 -999.0 -999.0 -999.0 -999.0 -999.0 -999.0 -999.0 -999.0 -999.0 -999.0 -999.0 -999.0 -999.0 153.5 149.4 146.5 153.0 172.4 161.2 189.0 271.9 224.3 169.4 579.9 674.9 608.1 650.7 608.7 656.9 632.4 609.5 255.1 230.6 279.1 719.4 723.8 717.8 723.7 304.3 269.9 197.3 166.0 214.4 176.4 160.8 179.1 232.0 278.6 219.8 169.1 156.8 165.6 197.8 176.8 161.0 151.6 153.3 153.0 151.3 153.2 150.7 157.0
-999.0 -999.0 -999.0 -999.0 -999.0 -999.0 -999.0 -999.0 -999.0 -999.0 -999.0 -999.0 -999.0 -999.0 -999.0 -999.0 -999.0 -999.0 -999.0 -999.0 -999.0 -999.0 -999.0 -999.0 -999.0 -999.0 -999.0 143.1 146.3 148.4 178.9 256.1 269.4 287.6 182.8 289.3 277.4 565.6 663.7 535.6 573.1 514.0 495.7 522.1 497.6 172.1 255.1 303.4 727.5 688.4 663.5 658.7 585.6 611.0 166.9 219.2 167.2 158.6 155.4 159.7 159.3 167.3 525.1 524.1 263.4 261.2 166.7 160.8 151.5 145.8 150.2 144.7 151.4 151.2 147.8
-999.0 -999.0 -999.0 -999.0 -999.0 -999.0 -999.0 -999.0 -999.0 -999.0 -999.0 -999.0 -999.0 -999.0 -999.0 -999.0 -999.0 -999.0 -999.0 -999.0 -999.0 -999.0 -999.0 -999.0 -999.0 -999.0 -999.0 -999.0 -999.0 151.9 149.0 155.3 229.1 206.1 165.0 173.5 287.3 161.6 525.7 534.8 549.8 647.9 654.4 611.1 295.0 264.5 276.4 300.6 307.3 643.6 714.6 602.8 610.8 604.6 586.2 523.1 206.2 163.4 159.2 153.9 151.6 152.8 161.1 558.4 605.1 605.2 162.5 158.0 159.2 143.4 145.1 144.9 149.2 149.1 146.2
-999.0 -999.0 -999.0 -999.0 -999.0 -999.0 -999.0 -999.0 -999.0 -999.0 -999.0 -999.0 -999.0 -999.0 -999.0 -999.0 -999.0 -999.0 -999.0 -999.0 -999.0 -999.0 -999.0 -999.0 -999.0 -999.0 -999.0 -999.0 -999.0 -999.0 -999.0 -999.0 152.0 158.5 155.0 158.3 239.7 161.1 151.7 143.2 577.0 643.3 731.0 720.4 653.5 299.6 206.6 287.0 209.2 276.8 571.5 552.9 229.2 181.2 219.3 176.4 160.2 156.3 150.2 158.1 154.0 144.7 156.0 157.2 549.6 663.8 607.5 202.9 161.1 147.4 144.6 153.0 149.4 149.1 143.7
-999.0 -999.0 -999.0 -999.0 -999.0 -999.0 -999.0 -999.0 -999.0 -999.0 -999.0 -999.0 -999.0 -999.0 -999.0 -999.0 -999.0 -999.0 -999.0 -999.0 -999.0 -999.0 -999.0 -999.0 -999.0 -999.0 -999.0 -999.0 -999.0 -999.0 -999.0 -999.0 -999.0 157.3 142.1 142.3 158.6 157.4 144.7 141.1 159.5 161.7 579.5 726.3 717.1 616.0 187.6 269.5 205.0 159.2 159.8 193.1 168.1 157.7 151.2 143.4 144.3 150.5 154.0 163.3 160.6 154.4 147.1 147.1 150.9 217.7 596.7 531.4 192.0 157.4 152.7 143.1 142.5 143.3 146.4
-999.0 -999.0 -999.0 -999.0 -999.0 -999.0 -999.0 -999.0 -999.0 -999.0 -999.0 -999.0 -999.0 -999.0 -999.0 -999.0 -999.0 -999.0 -999.0 -999.0 -999.0 -999.0 -999.0 -999.0 -999.0 -999.0 -999.0 -999.0 -999.0 -999.0 -999.0 -999.0 -999.0 -999.0 161.3 146.7 157.7 154.1 145.4 145.8 141.5 157.7 205.6 289.7 579.2 591.5 502.8 200.8 189.9 157.2 153.6 160.5 145.4 141.6 145.8 145.8 145.4 158.6 164.3 171.3 157.8 147.4 140.4 142.5 145.3 148.0 530.9 644.7 601.5 174.5 157.4 146.0 144.9 141.0 144.0
-999.0 -999.0 -999.0 -999.0 -999.0 -999.0 -999.0 -999.0 -999.0 -999.0 -999.0 -999.0 -999.0 -999.0 -999.0 -999.0 -999.0 -999.0 -999.0 -999.0 -999.0 -999.0 -999.0 -999.0 -999.0 -999.0 -999.0 -999.0 -999.0 -999.0 -999.0 -999.0 -999.0 -999.0 -999.0 -999.0 145.8 145.5 144.2 147.2 173.4 172.7 271.5 293.4 175.3 157.0 486.1 540.0 543.3 515.6 510.8 509.3 147.7 145.1 144.2 145.9 146.0 157.8 198.5 165.7 159.9 153.7 146.3 147.2 145.3 147.2 148.9 146.0 584.0 220.0 154.2 144.4 149.9 144.8 143.9
-999.0 -999.0 -999.0 -999.0 -999.0 -999.0 -999.0 -999.0 -999.0 -999.0 -999.0 -999.0 -999.0 -999.0 -999.0 -999.0 -999.0 -999.0 -999.0 -999.0 -999.0 -999.0 -999.0 -999.0 -999.0 -999.0 -999.0 -999.0 -999.0 -999.0 -999.0 -999.0 -999.0 -999.0 -999.0 -999.0 -999.0 -999.0 -999.0 170.5 230.4 269.4 615.4 583.9 281.2 563.8 493.5 520.5 541.2 534.1 529.5 493.4 493.4 142.1 142.3 143.6 141.4 154.4 156.0 152.1 144.1 148.9 142.3 143.8 142.3 140.0 140.2 139.9 146.2 144.9 145.9 143.9 145.8 144.0 144.1
-999.0 -999.0 -999.0 -999.0 -999.0 -999.0 -999.0 -999.0 -999.0 -999.0 -999.0 -999.0 -999.0 -999.0 -999.0 -999.0 -999.0 -999.0 -999.0 -999.0 -999.0 -999.0 -999.0 -999.0 -999.0 -999.0 -999.0 -999.0 -999.0 -999.0 -999.0 -999.0 -999.0 -999.0 -999.0 -999.0 -999.0 -999.0 -999.0 -999.0 -999.0 -999.0 622.2 554.3 622.1 554.7 500.6 509.5 506.9 509.1 550.5 590.0 545.2 149.6 145.0 144.8 145.9 153.7 154.1 148.3 145.9 145.9 144.6 142.6 140.1 134.4 135.6 134.9 136.0 140.4 147.8 144.2 144.2 142.9 142.0
-999.0 -999.0 -999.0 -999.0 -999.0 -999.0 -999.0 -999.0 -999.0 -999.0 -999.0 -999.0 -999.0 -999.0 -999.0 -999.0 -999.0 -999.0 -999.0 -999.0 -999.0 -999.0 -999.0 -999.0 -999.0 -999.0 -999.0 -999.0 -999.0 -999.0 -999.0 -999.0 -999.0 -999.0 -999.0 -999.0 -999.0 -999.0 -999.0 -999.0 -999.0 -999.0 -999.0 -999.0 563.0 532.0 146.7 144.9 143.6 145.6 144.7 155.1 158.1 147.2 141.5 147.6 146.2 156.3 158.9 171.0 158.9 144.8 147.1 145.5 140.4 137.1 135.8 132.3 135.5 134.9 135.8 132.2 133.1 136.0 135.8
-999.0 -999.0 -999.0 -999.0 -999.0 -999.0 -999.0 -999.0 -999.0 -999.0 -999.0 -999.0 -999.0 -999.0 -999.0 -999.0 -999.0 -999.0 -999.0 -999.0 -999.0 -999.0 -999.0 -999.0 -999.0 -999.0 -999.0 -999.0 -999.0 -999.0 -999.0 -999.0 -999.0 -999.0 -999.0 -999.0 -999.0 -999.0 -999.0 -999.0 -999.0 -999.0 -999.0 -999.0 -999.0 536.1 142.6 142.9 145.5 147.5 157.1 221.8 157.7 147.3 142.9 163.8 217.5 157.3 157.6 154.8 160.1 157.9 141.4 151.2 144.2 141.6 135.8 135.1 135.1 134.2 130.5 135.8 134.6 134.9 135.5
-999.0 -999.0 -999.0 -999.0 -999.0 -999.0 -999.0 -999.0 -999.0 -999.0 -999.0 -999.0 -999.0 -999.0 -999.0 -999.0 -999.0 -999.0 -999.0 -999.0 -999.0 -999.0 -999.0 -999.0 -999.0 -999.0 -999.0 -999.0 -999.0 -999.0 -999.0 -999.0 -999.0 -999.0 -999.0 -999.0 -999.0 -999.0 -999.0 -999.0 -999.0 -999.0 -999.0 -999.0 -999.0 146.8 147.4 148.8 149.9 153.7 173.7 256.8 161.7 144.7 168.9 175.4 174.6 256.8 163.1 153.4 154.9 163.8 162.0 149.8 150.0 147.1 142.1 136.2 135.2 135.3 135.2 133.1 138.2 137.9 136.2
-999.0 -999.0 -999.0 -999.0 -999.0 -999.0 -999.0 -999.0 -999.0 -999.0 -999.0 -999.0 -999.0 -999.0 -999.0 -999.0 -999.0 -999.0 -999.0 -999.0 -999.0 -999.0 -999.0 -999.0 -999.0 -999.0 -999.0 -999.0 -999.0 -999.0 -999.0 -999.0 -999.0 -999.0 -999.0 -999.0 -999.0 -999.0 -999.0 -999.0 -999.0 -999.0 -999.0 -999.0 148.7 150.7 156.3 153.3 156.7 156.6 190.0 221.4 165.3 180.2 169.9 238.2 290.2 168.5 166.3 202.0 154.9 149.3 157.1 157.1 151.2 151.9 145.2 145.4 137.8 137.4 140.9 158.0 139.6 138.3 138.0
-999.0 -999.0 -999.0 -999.0 -999.0 -999.0 -999.0 -999.0 -999.0 -999.0 -999.0 -999.0 -999.0 -999.0 -999.0 -999.0 -999.0 -999.0 -999.0 -999.0 -999.0 -999.0 -999.0 -999.0 -999.0 -999.0 -999.0 -999.0 -999.0 -999.0 -999.0 -999.0 -999.0 -999.0 -999.0 -999.0 -999.0 -999.0 -999.0 -999.0 -999.0 -999.0 -999.0 -999.0 149.7 147.7 157.9 197.0 210.4 242.7 267.1 216.3 249.7 260.1 172.2 281.2 244.8 158.2 161.1 159.5 159.0 157.6 153.1 147.7 150.7 154.7 140.5 138.2 136.5 136.5 137.6 148.8 137.4 135.6 136.5
