GSP_annual_reports_SON_2024_v1/GIS/SON_2022_Spring_Shallow.tif
NCOLS 191
NROWS  209
XLLCORNER 6295515.91401
YLLCORNER 1783415.49397
CELLSIZE 1000.0
NODATA_VALUE -999
[rows 66 to 98 of 209, columns 75 to 149 of 191]
493.6 536.2 540.4 536.5 514.1 567.0 651.5 680.3 681.7 572.8 528.2 483.0 485.1 429.6 424.9 418.4 426.3 439.6 445.8 458.9 456.4 496.3 518.6 601.9 655.0 683.0 582.4 653.8 766.8 720.7 847.5 820.4 901.5 914.7 826.3 907.7 845.7 861.7 917.6 855.8 979.8 998.4 999.1 1055.2 1023.5 1023.7 1013.6 1009.6 1006.3 1037.0 1005.0 1004.4 1008.3 1009.4 1003.9 995.3 915.2 900.5 771.6 704.6 567.7 627.6 504.6 452.8 -999.0 -999.0 -999.0 -999.0 -999.0 -999.0 -999.0 -999.0 -999.0 -999.0 -999.0
492.0 503.4 514.7 516.3 511.6 549.3 608.1 696.0 758.6 693.1 603.6 534.6 506.1 477.0 484.7 421.3 425.7 434.8 440.8 451.7 469.5 470.4 473.4 470.7 485.1 482.8 473.4 608.5 661.3 675.5 691.6 737.8 799.3 784.1 723.8 724.8 839.3 702.0 733.7 789.6 963.2 1089.0 1030.1 1030.0 1044.2 1024.4 1013.0 1010.3 992.1 1069.2 1002.7 1001.7 999.0 1067.7 1002.1 1013.2 1007.1 922.5 911.4 760.2 896.9 815.3 533.2 544.2 -999.0 -999.0 -999.0 -999.0 -999.0 -999.0 -999.0 -999.0 -999.0 -999.0 -999.0
354.8 356.0 496.7 499.7 527.4 536.7 629.3 720.3 740.2 659.8 660.1 595.9 574.8 522.5 502.0 419.5 425.4 432.8 437.3 449.4 453.4 470.5 483.9 480.4 488.0 493.7 492.9 472.0 554.6 558.9 685.7 731.4 712.8 832.1 704.4 587.3 560.5 614.0 625.9 738.5 842.1 858.1 987.7 978.0 1023.5 1024.4 1012.9 1010.3 979.2 966.2 979.6 994.4 991.9 993.1 992.2 995.9 1007.1 1013.4 962.1 909.0 990.0 866.2 859.4 625.8 -999.0 -999.0 -999.0 -999.0 -999.0 -999.0 -999.0 -999.0 -999.0 -999.0 -999.0
355.4 357.2 496.7 499.7 526.1 548.1 615.7 779.9 695.3 685.4 711.3 666.6 618.9 650.3 535.3 445.7 426.9 430.8 439.3 448.4 453.5 464.2 465.6 474.8 479.7 483.2 483.3 499.3 476.9 657.0 563.0 581.8 642.8 723.0 694.2 506.5 563.5 501.3 648.1 713.1 614.1 816.4 1011.2 985.6 1017.5 983.1 959.6 1073.4 998.4 945.4 1032.9 991.7 989.2 990.5 989.5 992.5 996.3 999.8 1006.3 991.1 974.7 905.4 880.9 -999.0 -999.0 -999.0 -999.0 -999.0 -999.0 -999.0 -999.0 -999.0 -999.0 -999.0 -999.0
356.5 356.4 500.4 525.4 554.4 558.9 616.4 739.5 706.2 687.4 731.2 712.3 682.1 678.1 593.5 539.0 500.3 432.0 437.4 444.9 452.1 457.3 458.5 462.3 470.5 470.5 469.5 473.2 484.4 478.1 461.6 562.8 547.7 509.6 497.1 506.8 671.5 661.0 866.0 896.3 886.1 699.4 932.9 1046.8 967.6 1059.9 1063.0 1026.4 1050.9 946.3 986.8 992.4 1102.1 968.7 935.0 997.2 1025.2 997.0 996.3 1028.9 988.8 982.6 945.0 -999.0 -999.0 -999.0 -999.0 -999.0 -999.0 -999.0 -999.0 -999.0 -999.0 -999.0 -999.0
354.9 355.2 506.1 578.9 595.3 589.3 600.8 720.6 722.3 753.6 698.3 666.2 699.3 740.1 666.1 577.8 541.9 515.8 514.2 443.1 449.2 450.3 449.9 459.9 467.6 471.3 467.0 459.8 464.8 469.5 469.1 451.7 506.2 484.8 502.9 560.0 643.7 840.0 959.4 955.4 963.7 918.5 960.9 961.0 1061.3 1082.9 948.0 941.9 979.6 992.8 992.8 991.7 933.0 929.3 967.3 933.9 973.2 992.7 1007.9 996.3 1021.8 987.4 -999.0 -999.0 -999.0 -999.0 -999.0 -999.0 -999.0 -999.0 -999.0 -999.0 -999.0 -999.0 -999.0
354.7 356.1 531.9 567.1 638.9 615.8 656.0 610.6 765.9 769.3 707.5 700.5 773.7 697.4 708.7 668.2 567.2 535.9 529.8 530.1 462.7 449.7 450.5 451.9 460.2 463.0 463.5 455.5 451.3 450.5 452.8 443.3 430.6 495.8 508.6 517.3 700.7 849.6 921.1 863.5 868.5 934.0 985.4 1006.1 995.5 957.4 983.5 1072.9 993.6 992.4 996.6 999.1 918.5 783.3 721.4 889.0 975.9 970.9 1003.7 1003.8 1068.4 1001.9 -999.0 -999.0 -999.0 -999.0 -999.0 -999.0 -999.0 -999.0 -999.0 -999.0 -999.0 -999.0 -999.0
356.0 356.2 522.6 571.3 612.3 656.6 632.2 581.1 652.0 725.0 712.0 729.8 746.9 796.9 702.0 746.8 686.7 618.9 553.3 546.3 516.1 447.7 444.0 446.4 446.9 448.8 444.6 439.5 436.2 437.1 434.8 432.2 429.6 483.0 431.9 497.4 668.4 722.8 714.2 699.3 860.0 935.2 974.5 984.9 1002.3 1006.0 991.9 1062.2 1025.2 991.6 997.6 996.8 987.6 910.6 893.1 738.8 853.1 957.6 955.4 1002.9 1002.9 1002.9 -999.0 -999.0 -999.0 -999.0 -999.0 -999.0 -999.0 -999.0 -999.0 -999.0 -999.0 -999.0 -999.0
356.2 352.7 511.0 533.7 596.5 605.1 647.7 608.3 671.8 704.9 722.0 720.2 741.6 751.8 793.0 831.0 770.4 704.5 674.6 647.6 564.5 559.0 452.4 443.5 443.2 445.8 443.8 440.2 435.8 434.7 429.6 432.0 431.0 420.0 420.7 487.7 671.9 697.6 616.4 672.1 865.2 921.9 976.2 996.4 980.2 985.9 992.2 1017.9 1094.7 1029.1 994.2 982.6 937.0 900.8 730.0 679.1 820.4 985.8 934.5 948.8 939.5 928.0 -999.0 -999.0 -999.0 -999.0 -999.0 -999.0 -999.0 -999.0 -999.0 -999.0 -999.0 -999.0 -999.0
501.4 504.8 507.7 530.2 606.2 614.5 763.2 751.2 663.6 710.9 751.9 771.9 790.3 798.1 761.8 860.7 771.4 732.1 687.6 671.1 629.9 586.2 444.5 439.3 440.1 437.0 438.3 430.9 423.7 417.2 426.5 427.3 423.3 421.0 419.9 495.5 567.2 574.2 492.8 706.3 838.2 882.0 960.7 957.0 965.1 995.5 1050.2 993.4 989.5 994.8 991.0 924.2 848.0 738.5 873.3 734.2 667.6 872.6 884.5 871.9 912.0 959.3 930.8 -999.0 -999.0 -999.0 -999.0 -999.0 -999.0 -999.0 -999.0 -999.0 -999.0 -999.0 -999.0
500.9 500.8 514.2 558.0 588.9 644.7 763.1 824.8 760.3 791.1 817.6 850.2 868.1 842.5 851.1 822.9 867.4 817.5 734.3 691.9 639.7 628.1 526.2 445.9 439.2 434.5 431.8 421.7 417.0 417.2 423.5 422.1 420.0 415.7 409.5 488.7 487.0 486.6 487.8 570.9 650.4 875.0 883.9 865.2 926.4 979.3 1040.4 993.5 994.4 994.8 994.8 997.6 891.4 880.4 757.4 639.1 710.2 780.6 758.7 779.9 907.6 922.6 903.4 845.8 -999.0 -999.0 -999.0 -999.0 -999.0 -999.0 -999.0 -999.0 -999.0 -999.0 -999.0
516.0 510.2 514.9 549.3 577.2 617.4 710.4 772.4 764.6 862.8 923.5 916.8 956.8 925.9 916.0 866.1 826.5 839.0 804.8 673.5 618.3 649.3 624.2 462.7 453.0 447.4 435.2 430.1 422.6 421.0 420.4 415.8 415.2 409.4 406.9 407.9 450.8 519.1 616.1 609.2 769.9 844.4 838.2 862.7 893.0 936.9 1003.1 985.6 952.8 994.8 994.2 981.3 925.7 955.5 811.3 758.7 624.1 616.2 687.6 750.1 769.4 850.5 901.4 874.0 777.1 -999.0 -999.0 -999.0 -999.0 -999.0 -999.0 -999.0 -999.0 -999.0 -999.0
571.7 543.8 515.8 530.0 574.7 605.3 637.1 631.0 662.7 772.4 916.9 1027.0 1044.8 985.0 968.5 904.2 860.5 867.4 788.6 666.8 749.6 744.4 727.5 609.3 460.4 451.3 442.8 438.3 428.8 441.6 437.6 408.8 404.6 401.5 402.3 400.0 392.2 453.8 538.2 674.9 698.0 702.0 805.1 968.2 943.4 907.1 975.3 917.6 928.2 996.5 986.6 1026.8 990.8 976.3 937.7 809.6 681.4 634.7 625.8 740.5 700.2 681.4 754.8 745.3 894.0 -999.0 -999.0 -999.0 -999.0 -999.0 -999.0 -999.0 -999.0 -999.0 -999.0
619.0 595.0 553.5 521.5 556.3 569.8 579.2 615.8 740.0 777.8 902.6 1037.7 1037.8 1010.4 972.4 902.1 894.2 821.1 788.0 806.3 784.8 796.6 778.3 719.4 647.9 531.3 525.0 502.0 466.3 438.2 439.5 421.2 399.6 394.6 399.1 404.2 391.1 452.2 489.0 563.2 597.1 796.5 828.2 823.6 846.2 888.6 880.5 943.1 896.4 1025.1 990.2 1017.8 991.5 991.9 962.2 877.9 755.5 617.7 613.8 610.5 598.5 616.2 581.9 742.0 880.1 937.9 -999.0 -999.0 -999.0 -999.0 -999.0 -999.0 -999.0 -999.0 -999.0
652.7 619.0 599.1 525.1 562.8 599.3 578.5 611.7 710.5 764.7 774.2 886.3 991.5 1043.1 999.4 963.0 863.9 877.6 801.2 803.1 786.9 804.4 771.8 670.9 717.6 634.7 539.0 524.0 545.7 515.7 480.8 477.5 390.3 389.3 395.5 403.2 392.5 422.1 484.3 492.1 575.1 516.5 617.5 851.2 836.3 929.0 883.2 804.2 713.0 1004.1 960.8 958.9 991.6 991.9 993.0 909.1 814.8 745.9 739.4 621.2 589.6 561.4 585.1 585.0 874.2 924.1 -999.0 -999.0 -999.0 -999.0 -999.0 -999.0 -999.0 -999.0 -999.0
763.2 639.5 597.9 547.8 569.8 609.7 588.2 596.9 630.4 669.5 766.6 791.2 854.4 878.8 885.6 952.1 908.0 907.5 842.3 801.0 811.7 757.8 765.0 604.2 562.2 538.3 530.0 530.7 517.4 554.3 540.6 503.8 457.6 378.8 386.8 396.8 385.0 425.5 403.6 491.7 548.4 549.6 632.9 770.5 754.4 829.0 813.5 798.5 825.3 892.0 903.5 892.5 918.6 905.7 963.1 922.4 954.5 894.5 871.2 806.0 712.5 631.4 577.1 594.7 657.4 681.4 -999.0 -999.0 -999.0 -999.0 -999.0 -999.0 -999.0 -999.0 -999.0
827.0 748.2 610.5 604.0 573.7 646.0 587.9 433.2 435.7 633.9 645.3 720.0 749.1 817.6 780.2 762.6 898.4 880.5 840.7 828.3 805.3 753.0 625.7 555.7 605.1 538.1 527.3 532.2 518.4 519.4 561.5 505.9 408.0 373.5 387.8 388.4 378.0 376.8 445.5 484.1 531.8 549.1 503.0 694.9 858.6 673.0 658.2 710.0 752.1 706.6 788.4 806.3 848.9 940.4 916.8 934.0 959.3 947.4 991.0 888.7 827.0 761.0 817.2 728.6 542.7 547.7 587.3 -999.0 -999.0 -999.0 -999.0 -999.0 -999.0 -999.0 -999.0
822.5 797.3 683.8 607.2 594.1 574.0 573.3 434.0 434.2 433.1 622.9 640.2 611.4 679.3 663.5 678.9 797.3 912.9 869.0 846.9 780.6 766.3 731.6 671.6 538.9 547.7 564.4 520.3 522.1 516.2 524.9 396.6 363.4 396.9 413.9 433.0 374.4 375.1 385.6 470.1 523.9 525.4 464.1 582.9 577.4 586.2 492.2 501.1 790.9 798.1 900.7 999.5 899.4 883.4 964.1 984.7 1092.7 999.5 1025.0 921.0 899.2 926.2 723.0 585.0 530.0 616.2 753.4 530.1 -999.0 -999.0 -999.0 -999.0 -999.0 -999.0 -999.0
854.6 772.0 706.7 634.7 607.5 603.1 592.8 442.5 431.5 431.5 434.0 467.4 636.9 638.6 640.8 631.2 704.8 842.6 872.1 840.5 744.4 718.1 718.0 651.2 544.7 543.4 548.9 502.5 395.3 389.8 411.4 391.7 360.9 364.4 423.8 446.3 428.3 374.3 379.8 431.3 481.5 475.0 478.7 506.3 485.7 474.6 530.0 687.1 846.2 871.3 930.6 973.2 948.7 914.7 1033.1 1093.5 993.4 1014.0 992.3 914.6 903.6 895.0 718.3 620.2 577.7 795.8 826.5 655.5 544.2 -999.0 -999.0 -999.0 -999.0 -999.0 -999.0
840.3 755.1 756.0 737.2 652.0 647.6 612.7 603.1 435.2 449.9 445.2 441.7 470.6 635.0 638.6 635.9 626.2 793.5 819.4 844.4 764.0 764.2 716.6 636.3 542.3 556.6 522.7 392.7 393.4 390.8 413.0 403.5 359.2 366.0 395.8 376.8 450.1 374.6 375.9 436.9 439.6 452.3 455.2 465.5 466.1 472.6 575.4 654.5 760.8 866.3 886.9 958.8 995.6 962.9 1049.9 982.1 993.0 1033.4 983.3 1010.2 1018.9 887.6 806.1 586.7 688.8 735.0 969.0 746.3 632.9 669.7 -999.0 -999.0 -999.0 -999.0 -999.0
862.9 804.1 791.4 763.1 729.6 660.1 641.9 627.3 464.7 436.4 438.0 447.5 467.5 477.6 633.1 606.5 626.8 726.5 773.2 823.6 764.6 764.9 699.7 595.2 580.0 547.5 538.9 539.7 389.6 383.8 392.0 416.9 407.0 354.7 408.5 375.6 391.1 371.1 372.7 435.0 414.3 431.9 450.5 448.0 472.9 481.3 479.6 621.0 618.7 691.4 776.7 872.3 948.3 949.4 966.5 1004.7 1038.3 973.9 1014.7 984.1 987.8 975.7 801.8 715.7 706.5 922.7 756.7 644.0 663.6 519.2 512.3 -999.0 -999.0 -999.0 -999.0
885.0 861.8 781.9 783.2 790.0 715.5 662.8 659.3 645.1 447.5 427.5 436.9 432.2 440.0 441.5 610.6 671.1 651.1 749.7 821.7 750.0 782.8 650.7 621.9 580.6 569.6 514.3 534.9 390.9 383.8 394.2 387.3 391.2 356.7 420.5 444.5 402.9 367.9 367.3 391.1 375.9 401.1 433.3 457.8 463.3 505.8 517.1 771.9 811.8 798.8 848.7 893.2 955.8 965.8 1019.8 978.8 980.7 991.6 956.3 945.0 973.6 964.2 915.0 847.0 861.4 917.3 805.2 711.0 691.1 697.0 510.9 542.2 -999.0 -999.0 -999.0
821.9 891.0 836.4 782.8 778.9 790.0 744.5 694.7 472.6 475.3 448.3 461.5 466.8 467.7 470.1 460.1 627.4 711.2 692.2 764.7 749.9 691.1 691.1 634.2 618.5 560.0 511.0 395.7 391.6 381.3 382.7 367.9 400.5 384.0 444.4 480.2 440.3 415.7 356.9 357.9 377.4 375.4 380.4 437.1 457.9 471.9 462.4 517.7 649.6 820.3 851.6 921.0 826.9 917.7 950.5 943.5 947.3 948.4 962.4 954.9 958.3 943.7 977.5 944.8 970.5 887.3 860.1 786.2 688.8 618.3 637.5 737.3 -999.0 -999.0 -999.0
837.0 819.5 817.9 788.6 752.5 772.9 774.1 731.6 481.6 481.0 468.6 472.3 470.1 476.3 471.5 471.5 471.5 468.2 669.7 730.2 772.6 696.7 695.5 685.5 607.5 587.6 561.1 446.2 391.1 401.4 369.0 356.2 401.2 389.2 448.0 447.9 438.5 391.5 441.2 358.4 372.4 345.8 350.0 416.6 437.1 439.8 459.3 501.9 669.3 705.7 833.1 827.7 809.0 826.0 896.5 888.0 934.2 1000.5 946.7 974.6 953.9 958.3 953.2 957.5 961.7 966.2 937.7 955.2 747.1 674.9 646.3 873.8 -999.0 -999.0 -999.0
565.2 569.8 773.6 803.4 790.5 791.0 753.4 753.5 718.7 482.6 466.5 468.6 467.7 472.1 466.2 474.1 484.8 496.0 667.2 684.9 778.2 727.6 747.7 759.4 658.8 604.9 572.5 533.7 405.5 389.3 381.5 335.1 322.7 351.4 405.3 471.9 450.9 405.7 430.2 347.0 349.2 325.6 311.1 335.8 406.5 426.1 465.2 582.6 685.6 691.3 839.1 711.6 825.7 772.4 809.8 947.4 953.2 959.6 948.3 960.9 1006.6 942.9 945.5 1004.6 982.6 996.1 970.6 922.2 798.9 779.2 579.8 691.3 552.3 -999.0 -999.0
523.1 519.8 549.9 725.7 800.9 799.3 773.5 727.4 724.2 472.9 459.8 465.6 483.5 493.8 502.5 530.2 482.7 481.1 513.9 705.3 779.6 784.0 810.7 743.5 653.2 595.0 603.7 563.0 555.5 384.3 367.9 383.6 307.6 360.7 391.7 454.9 420.5 393.9 389.2 341.1 299.8 292.5 328.6 307.8 341.3 411.5 448.9 494.1 749.3 713.1 599.4 702.8 902.7 888.0 810.5 877.1 928.1 926.2 970.5 944.2 944.5 944.6 947.1 947.8 934.5 947.9 869.1 886.0 842.7 690.2 791.9 569.7 604.2 -999.0 -999.0
642.7 660.9 613.4 771.6 755.1 774.7 790.1 719.7 723.1 501.2 470.5 458.7 464.5 499.2 506.0 516.1 533.1 513.8 491.1 732.9 770.7 791.3 823.9 799.2 720.2 626.3 619.8 621.5 566.3 400.4 384.6 379.5 287.9 367.1 397.3 426.6 405.4 352.7 371.8 375.0 330.3 286.7 295.8 318.5 306.4 402.3 423.3 436.9 609.5 741.5 568.4 760.5 923.9 917.7 890.8 914.4 920.5 923.8 927.9 927.1 969.8 932.4 935.6 975.7 950.2 1020.9 941.7 862.4 871.5 853.7 759.7 738.0 854.5 -999.0 -999.0
410.7 605.8 612.8 632.5 634.5 770.7 758.5 745.2 515.4 502.5 503.1 493.5 471.3 475.6 498.2 515.6 544.7 551.1 520.9 510.9 551.2 540.9 889.5 803.1 734.7 694.3 694.0 669.1 610.9 561.1 394.7 380.1 365.2 274.0 297.9 372.5 381.3 299.1 360.0 378.8 372.5 279.0 289.2 288.8 311.4 372.0 440.8 457.9 584.9 524.1 575.1 771.9 902.2 894.5 912.2 898.8 904.4 903.9 903.2 931.7 917.5 940.8 914.1 929.3 929.9 939.7 948.9 930.6 893.0 870.8 823.7 913.1 862.9 -999.0 -999.0
316.9 340.1 349.7 562.1 627.3 698.5 706.9 716.4 514.9 495.4 482.8 519.9 454.3 512.8 538.0 544.8 569.0 569.8 564.4 551.2 569.9 557.9 592.3 837.6 840.0 812.7 797.5 741.3 693.5 576.1 398.4 346.6 335.8 307.0 276.9 286.5 274.8 279.6 371.7 367.6 312.2 255.6 279.2 283.4 288.6 374.5 389.0 415.1 458.8 441.1 582.3 811.0 917.8 940.0 911.5 926.3 930.0 912.6 912.5 937.3 916.0 926.0 951.0 932.7 926.3 942.9 957.9 969.3 951.5 953.4 873.0 860.2 890.1 933.1 -999.0
304.6 309.8 313.4 544.5 601.7 594.7 638.3 693.3 514.1 515.6 759.6 780.5 654.3 509.7 779.2 797.4 569.5 568.5 555.6 550.0 564.9 565.9 589.7 889.9 865.4 819.1 799.4 776.7 703.9 617.2 564.5 388.9 344.3 335.3 328.0 275.8 268.9 329.5 332.7 308.6 258.6 275.3 276.4 284.6 286.3 320.4 378.2 369.8 397.9 496.3 773.3 794.9 918.0 899.0 896.0 893.4 896.6 899.8 904.9 910.3 916.6 913.4 907.2 918.2 927.9 937.2 985.1 965.9 959.8 947.3 959.9 948.1 880.9 919.3 921.5
290.6 293.8 298.2 309.4 567.1 627.0 640.4 701.2 464.1 510.0 783.6 773.7 746.8 750.1 808.4 797.9 865.0 887.2 870.1 873.1 567.9 879.9 955.6 938.0 927.2 875.7 875.1 862.6 764.9 654.1 600.3 601.0 363.6 394.0 479.4 450.6 405.5 332.4 235.3 265.9 238.1 261.8 330.1 324.6 306.2 343.7 386.1 440.2 411.6 502.0 645.7 773.5 779.2 907.8 909.1 913.0 914.9 915.0 916.5 921.6 925.2 935.3 931.0 931.8 942.5 957.9 982.0 981.5 978.1 992.0 983.9 995.8 885.7 842.6 820.5
277.2 281.6 282.8 286.5 299.4 547.5 620.0 673.3 482.2 556.9 557.7 526.0 565.6 905.6 868.5 886.5 892.3 861.3 892.9 954.3 916.5 996.1 1044.3 1033.0 967.0 952.0 976.3 915.5 860.2 839.1 707.0 637.9 587.6 543.5 480.6 444.2 388.9 389.4 310.4 227.9 224.3 261.2 356.2 333.8 303.8 318.1 378.3 406.3 434.1 569.2 600.0 726.6 769.1 851.2 899.5 893.7 855.0 894.6 896.2 894.9 906.4 919.1 927.1 927.2 936.1 944.7 951.0 971.6 955.6 980.7 1017.2 974.3 875.4 907.3 808.1
268.7 272.7 277.5 283.6 319.0 549.9 618.4 671.8 778.1 557.9 556.6 584.1 578.4 861.3 855.7 919.0 1000.5 969.6 928.6 1052.1 1067.3 1105.5 1176.6 1116.5 1192.8 1081.5 1144.2 1061.1 1031.2 894.4 832.3 698.3 629.8 547.2 488.1 477.7 505.9 422.7 375.8 278.1 211.4 260.2 260.6 380.8 401.8 326.9 273.6 284.4 400.9 524.0 463.3 728.1 751.2 836.5 865.4 880.1 766.0 840.9 886.5 894.9 886.7 893.0 899.4 934.8 935.1 925.7 935.4 947.3 945.6 968.2 985.2 975.3 954.1 839.0 798.1
