GSP_annual_reports_SON_2024_v1/GIS/SON_2022_Spring_Deep.tif
NCOLS 191
NROWS  209
XLLCORNER 6295515.91401
YLLCORNER 1783415.49397
CELLSIZE 1000.0
NODATA_VALUE -999
[rows 132 to 164 of 209, columns 75 to 149 of 191]
143.7 141.3 141.1 141.5 139.3 141.4 141.7 141.9 147.2 145.6 147.7 151.5 152.9 155.5 150.8 164.6 146.6 146.6 174.7 162.0 177.1 187.7 174.7 221.9 214.3 262.6 164.9 247.1 712.7 720.7 772.7 767.9 746.5 747.0 800.1 680.6 699.5 689.2 678.1 596.8 483.5 440.9 355.8 326.4 2.9 -1.4 -0.8 2.3 23.1 23.0 14.7 1.5 0.5 -11.0 -15.0 -13.6 -18.4 -16.9 -18.1 -27.1 -29.7 -34.5 -33.8 -50.8 -76.5 -68.2 -71.5 -103.3 -100.6 -108.8 -107.1 -110.7 -77.9 -59.4 -53.6
141.5 140.4 141.4 141.5 140.7 140.7 141.2 139.7 142.1 145.2 144.1 149.0 149.4 150.8 150.8 150.1 149.4 148.0 150.8 149.3 146.5 186.0 168.7 179.4 164.8 241.2 175.5 258.2 248.7 286.0 744.3 768.6 689.9 761.7 799.8 776.7 695.6 592.5 681.7 631.1 486.5 424.8 412.5 318.5 262.5 0.4 -4.6 0.3 14.4 14.3 11.1 -1.8 -0.9 -10.7 -8.5 -14.4 -18.9 -19.2 -11.4 -18.8 -24.3 -32.3 -33.2 -44.1 -58.8 -60.2 -63.9 -99.8 -83.9 -114.6 -117.5 -116.4 -95.1 -67.4 -50.7
134.2 134.5 133.9 133.9 133.8 133.2 133.5 133.5 134.4 131.2 136.7 134.4 135.6 141.5 141.0 142.6 141.9 141.9 141.9 142.6 141.1 151.7 157.1 161.9 153.0 156.9 152.6 206.2 158.5 256.4 258.4 699.1 648.4 735.8 719.0 763.2 773.6 681.2 595.7 587.1 522.7 392.0 361.8 290.8 283.6 18.1 15.4 4.9 12.2 11.7 0.4 -0.8 -6.0 -8.5 -8.6 -11.6 -16.0 -18.2 -14.2 -17.4 -21.4 -23.0 -34.2 -36.9 -48.2 -49.0 -61.5 -69.6 -99.1 -84.0 -109.0 -121.4 -93.4 -74.3 -57.8
141.4 138.5 145.7 133.8 133.8 133.7 132.7 133.3 133.5 133.5 131.1 135.5 136.7 136.7 135.5 137.5 137.5 139.0 140.2 142.1 142.1 139.1 142.7 148.4 151.0 153.7 151.7 164.7 165.1 213.0 200.7 174.5 263.7 256.5 725.4 612.6 658.9 687.0 729.4 697.3 539.5 421.2 364.1 275.6 245.3 256.9 64.9 5.6 7.6 4.7 -2.3 0.9 -8.6 -7.6 -10.3 -11.9 -14.7 -15.1 -17.9 -12.9 -16.6 -21.8 -25.6 -33.5 -34.9 -41.6 -44.7 -57.4 -57.6 -82.2 -87.3 -99.8 -82.3 -71.8 -45.7
140.6 136.9 151.1 132.3 133.8 133.7 133.7 132.9 133.3 133.9 133.7 133.8 131.1 136.5 134.8 136.8 134.1 134.3 139.3 135.3 139.1 139.5 139.4 142.1 141.5 138.8 140.4 148.1 145.4 157.2 170.8 166.4 207.4 191.9 224.8 597.7 598.6 615.1 632.6 593.5 590.7 456.3 345.6 277.4 296.4 272.8 52.4 10.4 2.9 -2.8 -0.7 -1.1 -3.4 -5.4 -10.1 -10.4 -13.9 -14.2 -15.4 -15.5 -15.1 -20.0 -22.4 -24.9 -30.9 -37.2 -36.3 -44.9 -44.1 -56.4 -91.6 -83.7 -85.4 -73.6 -54.2
140.0 146.3 140.9 144.3 133.7 134.5 134.0 131.9 133.6 133.1 131.4 133.6 134.0 133.8 138.9 136.9 135.3 134.5 136.3 134.8 136.3 140.9 139.0 139.7 137.5 136.6 138.0 136.8 143.7 142.2 160.7 157.6 148.8 143.5 196.2 242.0 602.1 545.7 581.9 562.0 599.8 528.8 448.4 294.1 277.2 327.7 256.3 2.4 8.1 -0.7 -0.3 -7.2 -4.0 -3.3 -7.3 -6.8 -10.8 -9.9 -12.9 -16.2 -16.8 -18.0 -19.6 -23.0 -24.7 -28.9 -35.7 -36.9 -38.2 -44.7 -59.3 -76.1 -69.9 -59.2 -60.1
140.4 144.0 138.7 132.0 135.1 137.6 133.8 134.1 134.0 133.8 133.3 133.5 133.5 135.6 133.9 134.0 135.4 135.4 135.6 135.5 134.8 138.4 139.5 138.8 138.3 138.8 138.9 139.3 139.6 139.9 143.9 149.2 143.6 136.4 138.5 142.2 160.8 521.0 484.3 477.9 533.4 546.2 517.6 406.4 273.3 301.2 259.9 7.1 4.1 -2.1 0.8 -3.0 -3.6 -4.6 -4.0 -6.2 -10.2 -4.7 -11.8 -12.4 -16.3 -16.0 -19.1 -19.3 -24.2 -25.9 -29.0 -32.8 -34.9 -44.9 -48.1 -51.5 -46.4 -55.5 -30.5
138.6 138.5 138.9 139.0 138.0 132.2 133.6 133.4 134.6 133.4 133.6 133.3 132.9 133.0 131.9 133.4 133.7 130.6 134.3 135.3 136.2 133.2 140.4 138.1 138.0 138.3 137.1 145.3 144.8 159.7 156.6 137.6 134.0 134.3 124.6 107.1 98.8 89.7 88.0 431.8 486.7 495.8 537.6 404.7 319.1 252.7 263.7 219.8 6.7 1.5 -2.5 0.1 -1.7 -2.2 -4.5 -6.4 -3.8 -10.2 -6.7 -12.3 -14.5 -14.9 -17.3 -19.6 -23.2 -21.4 -25.2 -26.2 -33.9 -38.5 -42.5 -45.0 -64.8 -44.6 -37.9
141.4 143.1 139.8 136.1 137.2 132.7 133.8 133.4 133.9 133.8 131.3 133.9 134.0 134.0 133.9 132.7 133.5 134.1 133.6 132.4 136.1 135.7 134.5 132.8 135.2 135.4 163.1 151.0 153.8 148.0 150.0 144.6 128.7 144.1 108.3 104.7 93.8 87.2 83.2 429.4 422.0 405.6 456.2 424.9 313.1 255.6 247.5 208.4 201.9 3.6 -1.2 1.4 -2.1 -5.7 -4.1 -4.3 -4.9 -9.3 -9.3 -11.3 -13.7 -17.4 -15.6 -17.6 -17.6 -24.8 -21.5 -22.2 -27.8 -31.3 -41.0 -38.2 -36.8 -71.5 -36.5
145.5 158.1 148.9 156.5 133.9 137.9 134.4 134.4 134.7 134.0 134.2 134.2 134.0 134.1 134.0 133.5 133.2 132.9 133.9 134.3 133.4 135.7 133.4 135.4 134.6 135.2 140.2 138.7 140.2 143.5 151.9 157.3 142.8 139.2 122.3 103.3 92.9 88.3 85.6 88.4 428.5 415.2 451.6 442.3 363.4 274.3 263.1 262.2 206.5 4.1 4.7 -0.0 -1.6 -0.7 -2.8 -3.4 -4.4 -7.6 -6.6 -11.4 -12.0 -15.5 -11.9 -16.5 -19.8 -20.7 -22.5 -18.5 -25.7 -26.5 -31.1 -33.5 -34.7 -52.5 -51.9
151.7 163.6 151.8 138.2 139.0 138.2 134.7 134.4 134.6 134.6 134.6 134.6 134.3 134.6 134.0 134.0 134.0 133.9 133.2 134.2 133.1 132.2 131.5 131.5 133.0 518.0 138.2 153.8 160.0 151.0 147.2 156.0 171.4 144.8 125.3 105.0 93.1 88.2 87.9 88.2 87.5 418.7 430.0 452.5 392.9 308.1 337.3 343.0 232.6 210.4 11.6 -4.0 -2.4 -0.7 -1.9 -1.6 -3.1 -3.5 -4.1 -7.8 -13.1 -6.8 -17.0 -16.2 -17.1 -16.7 -21.2 -20.6 -23.6 -27.5 -25.3 -29.3 -34.5 -47.7 -59.3
155.4 154.8 154.9 143.8 498.6 134.6 156.0 134.4 134.6 134.4 134.4 134.1 134.4 133.7 133.3 134.3 133.7 133.5 133.9 133.0 132.6 132.1 132.6 132.7 132.9 504.8 508.4 154.2 148.6 153.7 196.5 156.7 193.0 147.3 129.1 131.7 98.7 83.9 81.5 76.0 135.7 120.4 441.2 374.9 424.1 345.1 408.6 439.3 351.4 273.9 213.2 14.4 -2.5 1.6 -2.8 -2.7 -3.1 -4.2 -2.9 -4.2 -7.2 -16.1 -17.1 -15.0 -16.2 -18.6 -19.6 -19.7 -21.5 -23.8 -22.6 -22.0 -29.4 -27.0 -49.3
138.2 488.3 489.2 508.5 520.5 484.7 133.6 135.4 137.0 134.9 134.6 134.4 134.4 131.7 134.6 134.4 134.1 134.1 133.7 134.8 133.2 132.6 131.9 131.9 131.9 495.0 530.9 507.8 137.2 151.1 158.7 168.9 159.5 192.8 151.2 152.4 102.0 91.6 79.4 92.2 128.6 180.6 447.3 387.9 383.1 384.6 445.4 488.4 482.8 383.4 254.3 212.5 7.2 0.0 -0.1 -3.3 -2.0 -3.6 -3.2 -4.2 -7.0 -13.8 -9.8 -17.5 -16.0 -17.8 -17.2 -18.9 -19.6 -22.6 -20.6 -20.0 -23.4 -28.3 -39.0
490.4 529.5 486.7 483.6 498.8 479.4 476.9 135.5 134.1 134.3 133.6 136.3 133.7 133.7 133.9 133.9 134.1 134.2 134.0 132.1 133.4 131.4 131.8 132.1 132.1 131.9 135.4 134.4 510.6 141.6 155.6 158.7 152.0 155.7 158.1 167.0 103.1 93.6 83.3 135.2 197.4 189.0 183.0 156.6 424.5 423.8 521.6 592.3 564.0 373.0 252.7 278.5 208.6 7.7 -1.1 -1.7 -0.8 -3.0 -3.5 -5.6 -8.4 -5.6 -14.8 -16.0 -12.2 -15.9 -16.0 -13.3 -16.0 -15.2 -18.5 -12.7 -12.2 -24.2 -21.1
524.2 519.8 527.4 502.3 485.6 484.2 477.4 134.0 134.2 477.3 132.6 134.7 135.3 134.0 477.6 135.0 132.8 134.7 134.4 134.2 134.6 134.1 133.2 132.7 132.6 132.9 132.5 131.8 511.3 526.1 205.3 153.2 145.9 143.1 130.5 201.6 211.5 133.0 83.0 86.9 129.1 184.0 207.0 196.2 472.7 425.0 453.6 518.2 641.2 453.0 427.3 356.8 294.9 217.3 -1.3 -4.2 -2.2 -2.8 -2.3 -3.3 -7.8 -8.4 -11.0 -14.5 -15.3 -16.9 -15.3 -15.2 -15.5 -15.1 -16.5 -15.4 -9.6 -14.3 -20.1
548.3 536.5 545.0 551.2 519.0 496.8 484.2 477.8 477.4 504.3 505.3 490.8 477.0 477.5 511.7 137.1 134.9 134.9 134.9 134.9 134.8 134.7 133.1 133.1 132.7 132.7 132.6 132.4 138.6 544.6 532.2 158.7 186.6 238.6 201.7 179.5 195.6 195.1 113.3 87.0 150.4 207.4 168.0 134.2 137.2 438.9 451.5 509.6 588.9 580.7 474.1 344.8 439.7 348.1 222.3 0.5 -5.0 -3.0 -1.0 -5.7 -6.4 -5.6 -8.8 -11.6 -10.8 -14.5 -13.0 -11.9 -13.1 -13.6 -15.7 -13.6 -9.9 -9.8 -12.5
517.4 553.1 622.8 621.6 554.9 507.5 483.8 481.1 479.6 498.9 505.8 507.5 505.3 543.5 524.1 518.8 134.6 134.4 134.7 134.9 133.2 134.8 133.6 132.4 133.3 133.0 132.4 133.1 131.1 140.2 556.6 542.1 239.4 252.0 240.0 202.2 110.4 101.5 82.6 80.7 127.5 157.6 160.8 117.1 168.8 493.7 491.1 487.1 532.3 608.1 587.7 458.9 398.7 366.6 245.5 12.3 -1.2 -4.4 -1.2 -1.7 -5.1 -4.5 -7.2 -6.8 -11.6 -10.8 -11.2 -11.3 -12.3 -11.4 -12.0 -12.3 -9.7 -8.6 -8.6
596.4 621.2 556.6 549.1 541.7 516.4 497.5 535.8 526.9 508.4 483.8 483.4 523.6 584.0 573.2 525.4 477.4 134.2 135.0 134.2 135.3 135.0 133.7 133.4 133.1 133.0 133.0 132.7 132.4 131.6 488.6 555.0 540.0 143.3 120.7 108.0 118.1 93.7 83.1 78.3 86.3 91.0 109.9 162.5 110.9 492.7 529.2 486.0 555.5 649.3 684.6 487.1 389.9 261.7 219.1 218.0 -1.9 -3.3 -0.9 -1.7 -2.7 -2.8 -4.7 -7.5 -6.6 -12.0 -10.6 -10.2 -10.8 -10.4 -12.7 -13.1 -9.4 -8.1 -8.8
721.5 691.2 667.7 602.1 543.5 508.4 551.0 543.5 485.7 485.6 522.6 508.4 524.1 613.9 565.5 550.9 529.5 477.4 135.1 135.2 135.4 135.1 134.1 133.7 134.0 133.3 133.3 133.6 133.5 131.2 511.5 547.0 510.8 512.2 543.1 199.7 200.9 180.9 166.3 98.7 85.3 95.0 82.3 173.9 91.0 478.2 511.4 572.6 533.4 555.7 645.0 666.9 496.4 454.0 281.0 212.5 197.2 -6.9 0.2 -0.9 -3.4 -3.8 -3.7 -6.1 -6.3 -9.2 -9.6 -8.1 -9.5 -8.8 -10.5 -9.8 -6.7 -6.2 -5.6
689.6 724.9 687.7 597.4 587.5 542.8 510.4 582.3 483.9 481.6 524.6 515.0 551.2 557.1 548.9 614.3 547.3 523.6 498.5 134.9 135.4 135.4 134.3 134.1 134.0 136.7 134.0 134.0 133.6 133.6 511.6 484.8 485.5 492.7 478.9 466.5 190.4 220.8 200.4 187.7 161.4 80.5 82.3 112.9 103.0 170.1 517.9 606.7 612.2 612.6 691.3 719.0 488.2 376.6 274.3 251.7 196.6 -2.1 -1.8 0.7 -2.2 -3.1 -3.4 -6.0 -5.8 -7.5 -8.6 -6.8 -8.6 -9.1 -9.0 -7.9 -5.5 -5.0 -5.1
585.7 643.0 663.6 621.7 670.5 607.4 537.6 614.3 551.2 484.6 483.9 535.7 591.5 639.5 553.0 553.0 543.5 498.5 133.9 134.7 134.9 135.3 134.0 133.9 134.0 134.0 134.0 132.5 134.5 134.1 134.1 136.0 119.1 133.0 457.6 459.9 437.7 431.8 135.8 104.4 86.6 80.8 82.8 81.5 79.6 126.1 459.2 598.4 674.4 655.6 740.9 760.0 636.2 433.0 366.4 338.7 236.7 195.4 -6.3 180.9 -1.3 -5.2 -3.1 -3.9 -4.9 -6.2 -8.2 -6.4 -8.2 -7.7 -9.3 -9.7 -5.3 -4.0 -4.4
543.1 574.0 641.2 656.9 621.2 591.2 577.2 516.6 484.6 500.5 491.3 488.7 633.8 579.6 551.2 536.2 520.8 479.6 510.1 136.8 507.9 135.3 133.9 133.9 134.2 133.9 134.2 134.0 134.0 134.2 134.2 133.4 121.8 120.9 436.2 456.2 485.5 471.9 405.7 390.9 82.2 80.8 81.6 79.5 78.5 85.6 405.8 533.3 694.2 728.8 689.0 731.7 713.1 539.7 465.7 340.0 248.6 203.0 185.2 205.9 178.7 -5.3 -2.6 -4.2 -4.4 -5.7 -7.6 -6.1 -8.3 -7.1 -9.1 -8.0 -7.3 -5.3 -4.4
662.8 646.7 639.5 620.3 647.7 644.3 586.0 597.1 554.2 551.2 553.5 552.4 622.7 541.5 507.4 483.9 499.6 516.3 137.4 503.9 509.8 501.6 144.4 133.9 134.1 134.0 133.9 134.0 134.4 134.2 134.1 133.6 122.4 121.4 100.6 424.1 435.2 505.6 499.1 425.7 396.4 375.3 77.6 80.9 77.4 81.4 409.9 457.3 546.9 590.5 668.7 661.7 649.9 688.8 619.0 430.2 328.0 245.0 194.8 196.3 200.4 195.7 -0.6 -3.6 -3.2 -5.3 -5.8 -6.4 -8.3 -6.7 -8.2 -6.9 -5.3 -4.9 -3.7
590.8 601.6 656.8 554.8 667.9 669.8 585.7 657.0 554.2 590.8 705.3 624.5 545.3 541.7 539.3 551.2 550.6 554.2 511.6 517.3 483.9 140.9 134.0 133.9 133.9 134.0 133.8 134.1 134.2 134.2 134.2 134.1 122.2 120.0 101.9 93.2 420.3 459.1 506.4 494.3 474.9 378.4 373.1 77.5 79.7 75.2 378.9 443.4 470.8 504.5 610.2 589.7 601.8 608.3 602.1 514.5 369.3 323.8 216.1 195.0 186.1 -6.4 175.1 3.1 -1.3 -5.2 -6.0 -5.0 -7.3 -6.5 -7.6 -6.8 -5.2 -5.0 -4.4
560.8 568.1 624.0 506.4 572.5 637.6 640.6 587.5 553.8 585.7 680.2 662.8 621.5 621.7 663.6 644.0 585.7 597.3 522.3 527.1 505.8 133.5 134.1 134.1 134.0 134.0 134.0 133.9 134.3 134.3 134.2 134.1 122.6 121.9 101.3 90.6 84.7 95.5 432.3 200.6 189.1 397.2 374.8 355.5 79.5 75.5 367.6 387.8 459.9 501.3 531.2 617.0 590.8 599.6 635.9 656.7 500.7 411.9 272.1 213.7 190.5 -6.1 -4.6 -8.5 -2.4 -5.1 -4.7 -5.2 -7.0 -6.5 -7.6 -5.6 -5.2 -4.9 -4.2
552.6 613.3 551.2 537.6 524.8 519.9 512.4 556.2 583.2 670.3 594.1 628.6 513.3 671.2 651.2 635.6 636.4 611.0 554.1 552.4 531.3 132.2 134.4 134.2 134.3 134.5 134.2 134.3 134.4 134.3 134.6 134.3 123.2 122.4 104.8 94.8 84.4 92.8 80.0 80.2 183.8 187.4 423.7 371.6 364.2 76.8 363.1 403.7 440.4 524.0 568.2 585.2 526.3 547.6 573.5 579.4 591.2 506.1 399.7 339.2 225.5 221.0 -8.8 -3.1 -2.1 -2.9 -3.5 -4.2 -5.7 -5.3 -6.8 -4.4 -4.5 -4.2 -3.4
553.2 500.5 522.4 -999.0 593.4 597.3 632.6 643.4 614.2 597.3 554.2 554.2 620.7 666.6 621.7 585.2 616.8 578.4 553.9 590.8 551.7 519.0 475.4 134.2 134.2 134.4 134.2 134.2 134.3 134.2 134.4 134.3 123.2 122.2 103.3 91.4 85.6 73.6 74.0 84.1 140.6 167.4 464.1 430.0 376.3 358.4 73.6 115.5 208.6 543.9 573.2 509.8 503.6 515.3 518.4 564.9 545.2 532.2 541.4 418.0 341.6 281.8 4.3 -3.0 -1.2 -1.3 -4.3 -2.9 -5.6 -4.6 -6.9 -4.5 -4.5 -4.1 -1.8
-999.0 -999.0 -999.0 -999.0 -999.0 -999.0 757.0 720.2 554.2 552.7 510.3 553.2 644.3 621.2 628.4 516.3 561.3 154.0 137.4 208.1 214.4 161.8 135.4 475.2 475.4 134.4 134.4 134.2 134.5 134.2 134.2 134.3 123.2 122.2 103.2 94.9 85.3 74.1 86.9 94.2 97.6 111.1 455.3 443.1 459.0 407.7 363.0 64.0 107.1 209.0 201.8 199.4 189.9 153.4 486.6 510.7 547.0 508.3 513.2 186.2 154.1 270.2 197.2 -5.1 -1.1 -1.0 -5.5 -3.5 -5.1 -5.0 -6.8 -4.4 -4.4 -3.6 -1.7
-999.0 -999.0 -999.0 -999.0 -999.0 -999.0 -999.0 665.8 637.6 500.6 528.4 541.5 533.3 554.1 534.3 501.5 506.6 501.5 137.3 137.7 136.3 135.0 134.3 137.1 522.4 523.9 476.4 134.2 134.2 134.4 134.5 134.1 123.2 122.2 103.2 92.8 84.6 81.5 87.6 138.0 85.8 87.2 75.9 76.9 467.4 442.3 390.8 64.7 73.8 82.3 83.0 114.1 198.7 113.5 166.8 191.7 457.6 457.7 459.6 175.0 171.8 132.6 238.0 188.7 -1.0 -3.3 -4.3 -2.5 -5.6 -4.8 -5.0 -5.3 -4.2 -3.6 -2.3
-999.0 -999.0 -999.0 -999.0 -999.0 -999.0 -999.0 580.6 528.4 527.7 592.5 663.5 664.9 621.9 595.1 529.3 543.5 509.6 475.8 475.8 135.1 135.3 134.4 134.4 133.5 155.1 138.7 134.2 134.4 134.4 134.2 134.5 123.2 122.1 103.3 90.0 83.3 75.4 78.3 84.7 89.7 86.9 75.4 88.9 163.8 163.6 179.2 153.7 92.1 64.7 58.2 73.0 72.6 72.2 157.4 139.1 384.4 353.1 126.5 140.0 176.2 96.0 246.8 194.3 162.1 -0.8 -4.2 -2.3 -5.3 -4.6 -4.6 -6.5 -4.5 -3.0 -1.7
-999.0 -999.0 -999.0 -999.0 -999.0 -999.0 -999.0 221.0 146.8 527.2 590.6 555.9 583.7 543.9 543.5 499.8 527.7 525.3 489.1 507.3 503.0 135.3 134.3 134.4 137.0 134.3 134.5 134.3 134.2 134.2 134.2 134.4 123.2 122.3 103.3 93.8 85.5 75.3 66.1 78.6 84.8 77.0 74.8 84.3 104.5 166.3 106.3 199.5 194.5 172.9 77.5 72.2 52.8 56.8 56.0 61.9 57.2 353.0 334.7 120.7 157.0 141.8 302.1 237.5 164.7 -1.1 -4.0 -2.3 -5.4 -4.7 -4.3 -4.8 -4.0 -2.8 -1.3
-999.0 -999.0 -999.0 -999.0 -999.0 -999.0 -999.0 -999.0 174.5 167.8 525.3 520.0 497.2 489.6 511.9 501.5 525.1 521.6 493.4 556.6 551.2 502.0 497.5 133.9 134.4 134.4 134.4 134.3 134.3 134.2 134.4 134.2 123.4 122.1 103.0 95.6 86.0 72.7 66.3 62.1 69.9 87.1 68.2 79.1 115.8 71.5 160.9 439.3 193.8 233.0 171.0 77.6 73.4 57.5 52.9 55.8 54.8 337.0 324.2 307.0 288.7 289.8 261.8 214.4 -6.5 -2.4 -4.3 -2.3 -4.6 -4.6 -3.5 -4.6 -4.2 -2.7 -1.3
-999.0 -999.0 -999.0 -999.0 -999.0 -999.0 -999.0 -999.0 136.3 158.3 136.3 167.5 552.0 534.3 526.7 477.1 475.7 475.7 501.9 482.4 531.7 551.2 530.7 522.3 136.9 134.3 134.4 134.2 134.4 134.7 134.2 134.2 123.2 122.1 103.2 95.5 86.3 74.9 64.0 61.4 68.3 66.1 64.9 77.0 75.7 69.0 78.9 435.7 485.7 534.8 211.8 163.1 89.5 73.0 55.7 47.9 52.0 317.1 311.7 289.9 256.6 233.8 206.0 -1.7 -0.2 -2.2 -4.1 -2.5 -4.5 -4.7 -4.4 -4.7 -4.0 -1.2 -1.3
