GSP_annual_reports_SON_2024_v1/GIS/SON_2022_Fall_Deep.tif
NCOLS 191
NROWS  209
XLLCORNER 6295515.91401
YLLCORNER 1783415.49397
CELLSIZE 1000.0
NODATA_VALUE -999
[rows 33 to 65 of 209, columns 75 to 149 of 191]
489.1 447.5 487.6 447.8 482.6 512.2 615.7 630.9 680.5 717.9 878.3 789.8 789.0 777.0 859.6 859.6 858.4 853.7 864.0 865.6 866.1 867.2 862.1 863.5 856.9 869.9 870.1 868.0 874.1 868.2 722.8 680.2 546.9 597.7 566.3 571.7 489.6 507.6 478.5 440.2 415.2 391.3 -999.0 -999.0 -999.0 -999.0 -999.0 -999.0 -999.0 -999.0 -999.0 -999.0 -999.0 -999.0 -999.0 -999.0 -999.0 -999.0 -999.0 -999.0 -999.0 -999.0 -999.0 -999.0 -999.0 -999.0 -999.0 -999.0 -999.0 -999.0 -999.0 -999.0 -999.0 -999.0 -999.0
418.4 480.2 515.3 441.2 518.9 446.8 587.0 686.7 740.4 778.9 766.1 826.9 820.5 884.5 873.0 859.6 847.3 858.4 864.2 864.8 870.0 867.2 869.6 877.3 871.4 879.2 879.2 877.1 838.6 744.9 746.6 717.9 702.6 707.0 753.8 690.4 601.1 658.9 670.5 491.8 443.7 395.1 393.9 -999.0 -999.0 -999.0 -999.0 -999.0 -999.0 -999.0 -999.0 -999.0 -999.0 -999.0 -999.0 -999.0 -999.0 -999.0 -999.0 -999.0 -999.0 -999.0 -999.0 -999.0 -999.0 -999.0 -999.0 -999.0 -999.0 -999.0 -999.0 -999.0 -999.0 -999.0 -999.0
492.2 451.0 479.3 430.5 444.6 437.7 600.0 735.6 838.3 832.8 826.7 835.3 831.0 880.5 877.3 870.6 859.6 859.6 863.7 858.5 862.7 847.1 869.1 875.7 877.3 867.5 889.2 888.1 890.0 884.1 853.9 867.9 824.6 820.8 813.2 781.3 687.8 693.1 661.2 531.8 440.2 431.4 379.9 426.9 -999.0 -999.0 -999.0 -999.0 -999.0 -999.0 -999.0 -999.0 -999.0 -999.0 -999.0 -999.0 -999.0 -999.0 -999.0 -999.0 -999.0 -999.0 -999.0 -999.0 -999.0 -999.0 -999.0 -999.0 -999.0 -999.0 -999.0 -999.0 -999.0 -999.0 -999.0
483.5 513.4 464.6 458.7 442.4 442.1 626.8 746.5 780.4 882.4 885.3 874.0 862.4 847.4 843.8 849.9 874.7 859.6 854.4 859.6 859.6 858.1 866.3 870.2 848.5 856.2 892.2 888.1 890.0 884.1 878.6 867.9 816.5 820.8 814.8 815.5 787.6 677.2 525.0 531.0 581.2 492.6 458.6 406.6 -999.0 -999.0 -999.0 -999.0 -999.0 -999.0 -999.0 -999.0 -999.0 -999.0 -999.0 -999.0 -999.0 -999.0 -999.0 -999.0 -999.0 -999.0 -999.0 -999.0 -999.0 -999.0 -999.0 -999.0 -999.0 -999.0 -999.0 -999.0 -999.0 -999.0 -999.0
560.0 490.3 539.7 450.3 408.6 573.5 481.9 519.0 497.9 766.0 771.0 826.7 753.3 845.4 876.8 790.9 825.7 869.1 848.7 847.3 859.6 838.5 817.8 779.4 868.3 843.3 876.1 875.4 868.1 871.1 864.6 858.8 813.2 813.8 797.3 787.8 735.6 698.6 790.2 737.6 656.9 607.3 534.9 470.2 390.9 -999.0 -999.0 -999.0 -999.0 -999.0 -999.0 -999.0 -999.0 -999.0 -999.0 -999.0 -999.0 -999.0 -999.0 -999.0 -999.0 -999.0 -999.0 -999.0 -999.0 -999.0 -999.0 -999.0 -999.0 -999.0 -999.0 -999.0 -999.0 -999.0 -999.0
574.1 528.6 577.1 414.8 419.9 467.6 480.2 476.0 691.5 660.2 686.7 733.3 693.6 789.0 827.8 779.4 763.8 782.3 754.0 843.3 792.6 826.5 762.5 866.1 870.8 883.9 883.9 879.2 880.1 866.8 855.2 854.1 819.4 805.1 807.7 780.5 785.7 809.9 783.3 770.7 765.6 654.5 533.6 458.6 416.8 -999.0 -999.0 -999.0 -999.0 -999.0 -999.0 -999.0 -999.0 -999.0 -999.0 -999.0 -999.0 -999.0 -999.0 -999.0 -999.0 -999.0 -999.0 -999.0 -999.0 -999.0 -999.0 -999.0 -999.0 -999.0 -999.0 -999.0 -999.0 -999.0 -999.0
631.1 584.5 488.3 409.4 442.1 459.7 457.6 621.8 604.2 630.2 610.1 635.8 657.4 717.3 783.0 713.5 743.2 698.2 827.8 809.7 757.5 823.7 785.8 775.4 870.8 883.8 883.8 884.1 884.1 867.9 872.1 864.6 816.7 814.7 799.2 778.0 774.7 808.9 784.6 753.6 733.1 734.2 655.6 651.7 469.5 -999.0 -999.0 -999.0 -999.0 -999.0 -999.0 -999.0 -999.0 -999.0 -999.0 -999.0 -999.0 -999.0 -999.0 -999.0 -999.0 -999.0 -999.0 -999.0 -999.0 -999.0 -999.0 -999.0 -999.0 -999.0 -999.0 -999.0 -999.0 -999.0 -999.0
614.4 595.6 501.2 422.0 441.9 457.3 459.4 653.6 602.2 654.4 585.4 618.5 588.9 624.3 625.6 615.4 611.7 708.5 783.8 767.4 731.4 732.9 780.4 843.6 878.6 849.0 883.8 882.0 894.2 877.9 877.4 861.7 820.7 812.2 797.6 782.6 779.9 804.0 783.7 755.7 728.1 687.9 671.4 638.7 652.7 460.2 -999.0 -999.0 -999.0 -999.0 -999.0 -999.0 -999.0 -999.0 -999.0 -999.0 -999.0 -999.0 -999.0 -999.0 -999.0 -999.0 -999.0 -999.0 -999.0 -999.0 -999.0 -999.0 -999.0 -999.0 -999.0 -999.0 -999.0 -999.0 -999.0
751.2 601.1 558.6 520.2 397.9 422.3 634.7 580.1 630.9 594.3 653.9 723.7 706.9 685.5 692.7 610.0 668.5 700.4 680.5 735.7 812.9 821.6 826.6 786.9 798.1 893.1 903.3 902.9 895.0 888.5 876.2 859.4 810.6 811.3 800.3 793.0 783.7 791.4 802.7 690.2 694.9 666.0 621.6 460.4 510.3 602.7 -999.0 -999.0 -999.0 -999.0 -999.0 -999.0 -999.0 -999.0 -999.0 -999.0 -999.0 -999.0 -999.0 -999.0 -999.0 -999.0 -999.0 -999.0 -999.0 -999.0 -999.0 -999.0 -999.0 -999.0 -999.0 -999.0 -999.0 -999.0 -999.0
835.7 695.8 609.4 512.1 429.3 582.3 573.1 558.6 636.0 622.2 657.5 643.4 721.9 751.4 715.1 634.2 725.3 739.7 778.4 800.9 882.0 888.8 881.7 889.4 883.6 896.3 896.3 895.7 899.5 898.9 893.5 877.3 837.3 820.6 817.8 811.2 780.3 789.1 786.3 695.7 696.5 621.9 541.6 438.9 450.4 389.3 389.5 -999.0 -999.0 -999.0 -999.0 -999.0 -999.0 -999.0 -999.0 -999.0 -999.0 -999.0 -999.0 -999.0 -999.0 -999.0 -999.0 -999.0 -999.0 -999.0 -999.0 -999.0 -999.0 -999.0 -999.0 -999.0 -999.0 -999.0 -999.0
836.0 786.3 633.0 589.1 531.9 430.3 435.1 439.5 446.3 623.9 650.6 730.7 686.3 797.2 806.5 714.7 770.9 805.9 859.0 845.8 887.0 888.5 881.1 895.5 902.7 906.3 904.1 899.9 903.6 898.2 894.4 868.3 822.9 824.3 809.7 817.3 797.5 806.6 783.8 700.6 719.6 663.7 562.8 503.9 493.8 460.4 418.3 -999.0 -999.0 -999.0 -999.0 -999.0 -999.0 -999.0 -999.0 -999.0 -999.0 -999.0 -999.0 -999.0 -999.0 -999.0 -999.0 -999.0 -999.0 -999.0 -999.0 -999.0 -999.0 -999.0 -999.0 -999.0 -999.0 -999.0 -999.0
753.5 874.1 725.4 607.8 540.7 411.1 462.2 441.7 421.9 477.2 674.9 716.3 803.1 706.3 755.6 818.3 846.5 889.8 894.9 887.6 887.6 888.1 890.9 898.2 898.6 918.3 907.7 911.8 908.3 803.2 900.2 879.4 836.7 827.7 839.0 827.5 817.6 821.7 820.1 791.5 734.3 668.7 615.3 617.4 649.2 522.1 454.7 -999.0 -999.0 -999.0 -999.0 -999.0 -999.0 -999.0 -999.0 -999.0 -999.0 -999.0 -999.0 -999.0 -999.0 -999.0 -999.0 -999.0 -999.0 -999.0 -999.0 -999.0 -999.0 -999.0 -999.0 -999.0 -999.0 -999.0 -999.0
748.5 801.8 742.4 621.6 570.8 424.5 425.9 422.8 459.5 468.1 725.2 745.2 815.7 804.2 744.5 752.1 814.8 823.4 800.4 833.8 797.7 891.2 893.3 907.7 901.0 914.3 909.6 908.4 910.8 906.0 744.4 882.5 838.1 844.3 821.5 808.6 795.5 795.7 783.7 716.8 689.8 711.6 703.0 683.4 678.4 553.0 478.0 378.6 -999.0 -999.0 -999.0 -999.0 -999.0 -999.0 -999.0 -999.0 -999.0 -999.0 -999.0 -999.0 -999.0 -999.0 -999.0 -999.0 -999.0 -999.0 -999.0 -999.0 -999.0 -999.0 -999.0 -999.0 -999.0 -999.0 -999.0
709.1 721.6 777.1 619.2 575.7 610.8 441.7 481.0 463.7 485.7 710.5 746.7 747.4 747.6 816.9 800.3 799.3 827.2 802.7 843.6 910.3 915.9 873.7 906.3 905.7 918.4 934.2 910.9 826.3 810.4 697.5 753.8 781.4 841.2 825.9 802.6 797.8 800.4 823.6 776.7 773.7 779.5 688.7 729.9 683.2 551.8 446.3 418.8 -999.0 -999.0 -999.0 -999.0 -999.0 -999.0 -999.0 -999.0 -999.0 -999.0 -999.0 -999.0 -999.0 -999.0 -999.0 -999.0 -999.0 -999.0 -999.0 -999.0 -999.0 -999.0 -999.0 -999.0 -999.0 -999.0 -999.0
620.3 632.8 721.6 613.2 627.2 628.4 602.5 460.8 460.8 460.8 489.3 679.6 721.2 769.0 816.8 825.0 882.8 933.4 926.9 912.0 921.6 923.4 924.2 931.9 931.7 945.4 942.0 930.1 791.4 790.5 706.6 801.0 809.4 899.6 844.1 826.8 805.1 807.7 790.4 733.4 748.6 693.9 683.5 692.1 671.9 474.4 476.8 388.0 -999.0 -999.0 -999.0 -999.0 -999.0 -999.0 -999.0 -999.0 -999.0 -999.0 -999.0 -999.0 -999.0 -999.0 -999.0 -999.0 -999.0 -999.0 -999.0 -999.0 -999.0 -999.0 -999.0 -999.0 -999.0 -999.0 -999.0
362.1 393.3 564.8 613.6 601.4 589.3 582.3 650.0 714.5 677.6 480.9 759.7 742.4 784.3 898.8 932.8 922.1 921.5 937.1 926.0 948.6 870.0 858.3 951.5 950.6 977.6 981.7 912.9 895.7 823.2 822.4 902.8 898.4 897.4 870.7 846.7 862.8 806.1 800.3 688.5 679.0 501.2 514.6 627.3 674.0 707.8 593.2 473.7 -999.0 -999.0 -999.0 -999.0 -999.0 -999.0 -999.0 -999.0 -999.0 -999.0 -999.0 -999.0 -999.0 -999.0 -999.0 -999.0 -999.0 -999.0 -999.0 -999.0 -999.0 -999.0 -999.0 -999.0 -999.0 -999.0 -999.0
363.3 367.3 480.3 595.0 609.3 633.9 650.3 607.9 632.4 671.5 692.4 705.5 768.4 816.8 864.0 872.1 922.1 920.8 946.8 930.8 954.6 890.9 874.2 847.3 890.5 880.8 911.0 995.2 948.3 762.2 860.8 968.7 914.0 908.5 898.5 870.3 888.4 860.5 876.0 782.5 698.1 588.9 402.8 408.1 408.0 487.6 672.1 517.1 -999.0 -999.0 -999.0 -999.0 -999.0 -999.0 -999.0 -999.0 -999.0 -999.0 -999.0 -999.0 -999.0 -999.0 -999.0 -999.0 -999.0 -999.0 -999.0 -999.0 -999.0 -999.0 -999.0 -999.0 -999.0 -999.0 -999.0
368.4 371.5 346.5 498.4 686.2 793.2 701.8 644.6 654.9 640.0 642.8 747.9 737.4 750.6 755.9 818.8 885.1 921.4 931.3 940.8 947.8 971.5 908.2 884.2 786.4 717.6 720.4 796.5 879.4 706.0 843.0 809.8 830.5 920.7 910.6 877.1 881.1 899.6 852.1 744.3 700.9 454.7 625.0 534.3 339.0 358.7 537.6 495.2 495.1 -999.0 -999.0 -999.0 -999.0 -999.0 -999.0 -999.0 -999.0 -999.0 -999.0 -999.0 -999.0 -999.0 -999.0 -999.0 -999.0 -999.0 -999.0 -999.0 -999.0 -999.0 -999.0 -999.0 -999.0 -999.0 -999.0
358.6 368.4 370.7 514.7 601.2 737.1 770.3 725.5 740.3 791.1 741.2 726.3 815.7 772.6 811.4 825.9 828.1 914.6 946.8 962.3 952.6 983.3 1007.5 899.9 927.1 877.0 798.1 711.7 689.9 821.5 790.5 722.0 827.9 917.2 866.7 876.8 858.1 873.7 817.7 765.4 705.8 731.0 677.0 562.2 414.5 305.7 309.0 341.4 324.7 346.4 367.0 -999.0 -999.0 -999.0 -999.0 -999.0 -999.0 -999.0 -999.0 -999.0 -999.0 -999.0 -999.0 -999.0 -999.0 -999.0 -999.0 -999.0 -999.0 -999.0 -999.0 -999.0 -999.0 -999.0 -999.0
351.9 355.6 347.0 391.6 657.8 628.1 601.8 627.7 719.5 749.5 794.7 777.8 840.6 850.4 833.8 864.2 888.1 924.0 864.1 846.4 857.4 911.8 997.6 843.4 840.2 947.1 827.6 710.1 711.6 830.9 906.7 776.9 701.0 816.6 857.5 877.4 875.1 896.9 860.7 793.6 766.7 833.4 732.5 480.6 309.0 358.5 487.9 361.6 366.9 354.2 327.3 323.7 -999.0 -999.0 -999.0 -999.0 -999.0 -999.0 -999.0 -999.0 -999.0 -999.0 -999.0 -999.0 -999.0 -999.0 -999.0 -999.0 -999.0 -999.0 -999.0 -999.0 -999.0 -999.0 -999.0
341.4 345.5 349.3 350.3 363.9 509.7 606.1 618.0 734.7 749.1 738.6 793.3 888.9 890.7 891.7 892.1 903.1 845.9 828.1 779.7 815.2 913.8 912.2 893.6 701.3 854.4 808.6 710.0 833.4 932.2 903.1 884.9 825.4 884.9 907.5 876.1 861.3 857.3 869.8 848.8 883.4 805.8 780.9 373.5 410.0 644.7 696.8 544.2 569.0 576.9 492.0 433.4 332.1 -999.0 -999.0 -999.0 -999.0 -999.0 -999.0 -999.0 -999.0 -999.0 -999.0 -999.0 -999.0 -999.0 -999.0 -999.0 -999.0 -999.0 -999.0 -999.0 -999.0 -999.0 -999.0
321.1 327.6 338.9 356.9 355.5 560.3 604.6 649.5 763.2 721.0 716.4 784.3 885.4 819.3 793.1 791.2 781.4 731.6 750.3 666.2 710.5 741.3 724.9 705.1 785.6 712.7 744.5 616.7 814.3 836.9 871.2 890.3 922.0 917.2 905.9 877.7 857.4 894.0 843.1 822.1 804.6 788.7 719.7 566.7 515.3 687.8 719.1 709.2 719.0 596.6 506.9 363.6 332.2 329.0 -999.0 -999.0 -999.0 -999.0 -999.0 -999.0 -999.0 -999.0 -999.0 -999.0 -999.0 -999.0 -999.0 -999.0 -999.0 -999.0 -999.0 -999.0 -999.0 -999.0 -999.0
311.9 323.7 333.6 346.4 364.8 364.6 520.9 549.3 637.1 621.8 722.7 728.7 745.5 737.3 749.1 635.8 624.3 617.2 637.6 614.6 622.8 500.3 535.9 579.4 686.6 598.0 715.0 719.5 672.6 706.0 838.2 850.6 873.6 895.7 824.8 835.3 859.3 867.7 843.1 862.9 818.6 779.7 780.2 742.4 724.4 760.9 803.5 800.5 721.8 692.2 500.0 345.3 416.3 340.4 370.3 -999.0 -999.0 -999.0 -999.0 -999.0 -999.0 -999.0 -999.0 -999.0 -999.0 -999.0 -999.0 -999.0 -999.0 -999.0 -999.0 -999.0 -999.0 -999.0 -999.0
307.8 317.2 328.0 332.3 351.5 344.0 387.8 455.8 492.9 596.8 724.1 691.5 748.8 721.9 610.7 579.2 558.4 543.6 455.5 512.9 555.3 638.2 665.5 680.1 631.6 859.6 914.4 748.7 719.2 911.5 889.8 837.2 778.7 814.0 867.5 880.2 825.5 855.8 859.2 821.8 834.3 780.2 788.3 804.0 804.3 815.4 804.2 809.3 724.3 685.5 522.5 471.5 363.1 365.5 433.6 446.0 393.2 362.6 -999.0 -999.0 -999.0 -999.0 -999.0 -999.0 -999.0 -999.0 -999.0 -999.0 -999.0 -999.0 -999.0 -999.0 -999.0 -999.0 -999.0
302.8 310.6 319.8 319.0 347.0 356.2 365.6 357.5 370.1 394.1 493.7 575.7 560.9 610.0 485.1 451.5 441.8 547.6 612.9 733.6 743.8 706.5 777.0 787.6 748.4 866.9 974.2 856.2 912.3 993.5 989.2 967.5 854.9 908.5 968.3 894.9 849.4 847.4 861.2 860.5 834.4 818.3 805.8 803.5 807.4 817.2 816.4 807.1 734.5 728.3 560.5 503.1 368.0 411.8 606.7 519.0 470.4 391.8 412.5 -999.0 -999.0 -999.0 -999.0 -999.0 -999.0 -999.0 -999.0 -999.0 -999.0 -999.0 -999.0 -999.0 -999.0 -999.0 -999.0
299.8 304.7 324.4 317.7 322.8 346.2 348.1 359.5 379.4 365.1 385.5 380.2 402.9 458.0 473.7 591.6 600.0 611.1 594.1 608.5 739.9 896.0 843.5 896.3 901.3 844.8 848.7 899.7 930.1 977.9 994.5 955.8 914.2 909.2 900.3 867.7 849.4 847.4 836.6 861.3 808.9 805.8 805.8 808.6 807.4 834.7 823.0 819.7 810.0 726.7 663.2 569.8 566.5 570.8 619.2 620.2 615.5 504.0 433.0 398.5 -999.0 -999.0 -999.0 -999.0 -999.0 -999.0 -999.0 -999.0 -999.0 -999.0 -999.0 -999.0 -999.0 -999.0 -999.0
303.2 304.3 321.2 335.1 323.0 340.0 347.6 374.7 368.7 365.8 368.8 362.8 382.2 425.8 469.7 490.8 490.4 543.7 634.6 772.5 717.9 747.4 839.9 781.5 860.1 919.0 917.2 919.1 931.4 941.0 988.6 947.2 933.3 909.3 888.6 863.3 851.8 851.4 861.9 813.5 806.8 824.3 808.3 804.0 807.4 828.7 825.1 828.7 825.2 737.0 730.2 701.1 708.7 713.0 708.7 685.3 670.9 526.6 438.5 417.4 378.7 -999.0 -999.0 -999.0 -999.0 -999.0 -999.0 -999.0 -999.0 -999.0 -999.0 -999.0 -999.0 -999.0 -999.0
302.8 322.4 343.3 350.3 334.7 346.8 356.3 348.5 362.1 359.9 385.4 373.7 369.3 469.1 491.1 493.1 484.7 555.6 682.8 786.1 695.9 744.9 652.4 730.0 861.8 842.7 911.5 919.9 916.8 917.9 915.6 935.7 889.4 916.0 906.4 873.1 844.0 842.7 838.3 816.9 813.3 857.2 858.0 806.7 809.5 828.7 825.4 831.7 834.1 827.7 809.4 795.8 717.2 790.0 694.6 594.6 601.5 517.9 444.3 399.4 386.9 339.9 -999.0 -999.0 -999.0 -999.0 -999.0 -999.0 -999.0 -999.0 -999.0 -999.0 -999.0 -999.0 -999.0
408.6 417.6 416.8 449.7 420.1 425.6 345.0 351.8 371.5 351.8 376.7 381.7 364.3 379.0 420.4 520.9 507.8 557.8 590.3 683.1 664.0 610.7 571.2 661.4 722.8 810.0 908.9 907.8 910.4 908.7 910.6 901.9 854.9 899.9 908.1 881.2 903.9 842.0 832.8 808.5 803.6 809.7 811.4 806.7 847.2 818.8 822.5 831.7 834.1 873.4 852.8 809.4 806.6 720.2 699.3 539.8 485.2 544.8 460.7 435.4 355.4 330.5 349.1 -999.0 -999.0 -999.0 -999.0 -999.0 -999.0 -999.0 -999.0 -999.0 -999.0 -999.0 -999.0
440.6 456.5 476.8 330.4 334.5 423.3 415.5 422.0 352.5 371.7 362.0 364.1 371.0 387.4 395.5 421.2 536.4 512.2 588.4 620.4 689.0 524.0 611.0 735.5 884.9 902.7 854.5 836.6 909.0 905.4 904.4 886.4 847.5 848.7 843.1 839.5 852.5 842.8 829.7 835.2 804.3 813.2 810.2 807.1 807.8 819.7 826.7 846.3 834.1 852.6 832.5 814.5 806.7 809.1 754.2 688.7 473.9 521.0 581.1 481.1 374.1 374.4 367.7 -999.0 -999.0 -999.0 -999.0 -999.0 -999.0 -999.0 -999.0 -999.0 -999.0 -999.0 -999.0
480.6 416.1 448.5 429.9 343.4 455.0 452.8 427.9 413.8 353.6 342.1 355.7 363.4 389.6 395.8 384.6 396.3 412.0 466.4 595.8 513.4 571.4 740.3 753.6 781.6 894.7 747.5 814.2 864.4 902.8 902.0 882.7 840.3 844.0 835.0 818.3 819.0 830.8 871.5 820.1 801.9 810.2 810.2 812.2 820.7 878.9 823.8 890.4 833.7 834.2 836.3 843.0 811.1 809.7 724.7 725.6 691.1 413.0 412.2 534.5 417.5 376.4 338.1 -999.0 -999.0 -999.0 -999.0 -999.0 -999.0 -999.0 -999.0 -999.0 -999.0 -999.0 -999.0
428.3 499.2 476.2 463.3 329.4 376.8 488.5 507.8 479.4 416.7 351.8 352.8 365.4 382.0 395.2 398.7 411.4 434.4 423.6 420.5 562.0 608.8 670.0 703.7 798.2 804.0 688.5 757.7 845.5 881.6 899.8 879.6 836.3 838.9 826.4 812.5 745.6 820.2 816.1 809.4 742.5 828.7 811.4 810.0 808.3 819.6 825.0 828.2 835.8 836.3 834.2 834.2 821.3 809.0 740.8 722.5 722.2 510.3 353.4 368.1 514.6 374.7 343.8 297.2 -999.0 -999.0 -999.0 -999.0 -999.0 -999.0 -999.0 -999.0 -999.0 -999.0 -999.0
472.2 472.1 476.6 474.8 329.4 373.8 543.8 511.0 535.5 441.8 412.9 372.3 371.7 392.3 385.0 397.9 404.2 420.9 418.6 421.4 477.5 523.1 535.6 614.3 679.9 738.9 592.8 625.1 775.1 725.9 869.3 866.8 827.1 831.2 825.9 765.9 711.3 719.9 739.5 732.5 783.8 755.2 858.9 809.6 808.3 819.2 840.6 830.8 833.3 833.4 874.8 835.9 878.6 824.3 814.1 734.2 738.5 420.8 544.2 341.4 315.3 302.0 295.6 315.3 -999.0 -999.0 -999.0 -999.0 -999.0 -999.0 -999.0 -999.0 -999.0 -999.0 -999.0
