GSP_annual_reports_SON_2024_v1/GIS/SON_2023_Fall_Shallow.tif
NCOLS 191
NROWS  209
XLLCORNER 6295515.91401
YLLCORNER 1783415.49397
CELLSIZE 1000.0
NODATA_VALUE -999
[rows 66 to 98 of 209, columns 0 to 74 of 191]
-999.0 -999.0 -999.0 -999.0 -999.0 -999.0 -999.0 -999.0 -999.0 325.8 322.2 317.5 316.0 317.5 321.2 315.8 325.2 349.8 353.7 354.3 358.6 349.4 331.0 317.5 319.7 316.4 307.9 308.0 308.0 308.0 313.1 312.3 312.3 312.1 313.5 315.3 316.2 315.3 314.9 313.9 314.1 313.8 314.6 315.0 314.0 313.6 316.7 320.0 318.4 320.5 315.6 315.2 314.0 315.1 316.7 315.9 312.0 310.0 312.1 313.2 318.7 322.8 327.1 326.1 332.4 339.5 342.4 346.5 347.6 348.1 348.8 349.8 350.6 349.8 486.3
-999.0 -999.0 -999.0 -999.0 -999.0 -999.0 -999.0 -999.0 -999.0 -999.0 330.4 322.0 316.3 318.0 316.3 316.3 317.0 340.9 351.5 351.7 356.4 348.1 345.2 320.7 314.8 308.0 308.0 309.8 308.4 310.5 311.8 311.9 312.0 314.6 316.1 315.3 316.1 315.1 314.5 314.1 315.1 313.6 314.5 314.6 319.2 319.3 317.6 317.6 317.3 317.3 317.6 316.5 318.7 315.7 315.2 306.6 307.5 312.1 314.6 314.4 301.9 308.1 315.8 325.9 326.0 342.0 342.4 346.5 347.3 347.7 347.7 348.1 348.2 348.8 485.8
-999.0 -999.0 -999.0 -999.0 -999.0 -999.0 -999.0 -999.0 -999.0 -999.0 324.3 316.0 326.2 317.8 316.3 316.0 316.3 330.0 353.9 349.7 360.6 354.4 344.9 320.7 315.6 308.0 307.9 308.0 312.1 316.4 311.8 316.4 317.2 317.1 317.6 326.2 315.3 319.9 314.0 313.9 313.9 314.0 320.0 319.4 317.2 316.2 316.7 315.3 315.5 318.5 313.1 314.2 312.0 312.2 308.0 299.5 308.1 314.3 314.5 311.7 294.7 300.1 306.7 309.4 329.8 332.4 339.3 344.8 347.3 347.3 347.7 346.1 348.2 348.2 348.8
-999.0 -999.0 -999.0 -999.0 -999.0 -999.0 -999.0 -999.0 -999.0 -999.0 316.1 316.3 355.8 332.7 327.0 318.4 318.3 342.8 350.2 350.5 357.7 349.5 351.8 331.7 316.9 308.0 308.0 312.3 312.4 316.0 315.6 316.5 316.0 315.3 317.5 316.3 316.7 315.2 315.0 315.1 315.0 318.8 318.5 314.8 315.7 315.0 315.3 317.5 314.9 320.4 312.3 308.7 305.3 303.8 303.1 312.2 309.9 299.4 293.2 293.8 300.9 302.5 307.9 308.0 326.2 330.2 343.7 345.8 346.4 347.2 347.6 348.2 348.7 348.1 349.8
-999.0 -999.0 -999.0 -999.0 -999.0 -999.0 -999.0 -999.0 -999.0 -999.0 316.1 316.5 319.6 351.0 319.2 318.3 326.2 317.0 339.7 348.4 351.2 353.8 353.8 330.0 317.4 307.9 308.0 308.0 316.4 315.8 315.7 317.9 316.3 317.6 316.3 316.7 315.9 314.6 316.7 314.8 320.0 316.4 316.9 316.9 318.2 318.0 314.7 315.1 314.5 316.1 307.3 300.9 301.1 302.2 303.9 306.9 289.7 292.7 295.0 293.1 307.3 298.9 306.0 297.9 326.7 330.2 340.9 344.9 354.1 350.9 348.7 348.8 350.6 350.6 350.7
-999.0 -999.0 -999.0 -999.0 -999.0 -999.0 -999.0 -999.0 -999.0 -999.0 327.3 316.3 361.5 349.2 327.9 315.1 314.8 316.1 340.5 346.4 349.5 355.6 341.8 344.2 329.3 306.7 306.8 306.8 311.2 315.1 314.1 314.4 314.8 315.1 315.5 318.7 314.5 314.7 314.3 317.2 315.4 314.2 315.6 317.6 316.9 312.3 312.4 312.4 301.4 297.4 297.2 297.9 296.5 293.9 281.9 285.6 285.1 287.1 287.1 288.4 288.7 288.4 296.9 304.9 325.5 329.0 478.5 483.6 344.9 349.7 349.8 362.4 349.5 349.9 350.6
-999.0 -999.0 -999.0 -999.0 -999.0 -999.0 -999.0 -999.0 -999.0 -999.0 322.3 335.7 376.5 361.1 329.9 314.5 314.5 315.8 346.2 349.1 347.7 350.2 345.2 343.1 343.4 328.2 306.5 306.4 306.5 315.5 310.6 311.1 310.6 312.7 312.9 314.7 312.4 312.1 324.4 318.7 314.6 314.1 317.4 314.1 314.3 309.5 306.9 291.5 285.7 285.9 286.1 267.7 269.1 270.3 267.7 275.6 279.0 282.8 283.7 282.9 301.1 300.3 293.1 305.6 323.3 328.7 339.0 483.6 364.5 365.1 376.3 355.2 349.3 350.4 350.3
-999.0 -999.0 -999.0 -999.0 -999.0 -999.0 -999.0 -999.0 -999.0 -999.0 -999.0 338.0 354.7 358.6 339.6 313.6 313.7 313.5 340.0 344.0 353.6 341.7 340.3 344.4 334.5 323.2 310.6 309.4 309.1 309.4 309.5 311.2 312.5 313.3 311.3 311.2 312.6 317.2 312.0 311.6 312.3 315.7 312.7 310.6 306.2 298.7 291.2 282.8 281.0 273.4 267.4 266.9 267.0 271.4 270.6 276.5 279.6 278.8 280.6 284.3 283.5 280.0 286.7 296.0 320.1 328.2 339.2 481.1 487.9 575.3 577.8 430.4 352.2 349.6 349.8
-999.0 -999.0 -999.0 -999.0 -999.0 -999.0 -999.0 -999.0 -999.0 -999.0 -999.0 347.0 375.2 369.4 343.4 315.1 313.9 313.6 316.0 336.9 326.8 329.3 333.3 340.2 340.7 324.9 319.9 316.4 306.7 309.9 317.2 312.8 312.8 312.5 312.6 313.7 315.3 313.4 313.3 313.2 315.5 314.9 309.4 308.0 298.9 289.8 287.5 278.3 262.8 264.4 263.5 265.8 265.7 267.7 266.2 267.8 267.3 274.4 280.5 285.6 284.0 283.6 278.9 291.4 314.1 329.3 479.1 486.4 496.0 539.3 598.6 565.5 407.2 350.9 491.7
-999.0 -999.0 -999.0 -999.0 -999.0 -999.0 -999.0 -999.0 -999.0 -999.0 -999.0 364.3 398.2 362.9 351.5 322.9 313.9 322.7 313.9 328.4 342.5 348.9 325.8 338.4 344.0 349.7 322.0 322.7 305.1 307.0 316.2 312.2 314.2 311.7 312.1 311.7 316.9 312.3 314.8 314.7 316.2 313.6 308.3 298.4 297.8 277.5 277.6 263.9 259.3 258.2 263.1 264.9 263.4 262.2 267.2 264.5 268.9 273.9 276.3 281.0 283.1 281.8 278.6 288.1 312.5 330.7 469.4 491.5 508.5 547.0 588.2 568.7 547.0 493.5 494.8
-999.0 -999.0 -999.0 -999.0 -999.0 -999.0 -999.0 -999.0 -999.0 -999.0 -999.0 421.0 420.6 373.5 341.1 316.9 306.9 314.2 309.1 337.4 339.1 342.8 333.7 336.5 340.8 352.0 325.8 327.1 313.9 303.1 302.0 303.6 312.0 305.7 307.2 309.5 308.0 308.0 306.3 309.0 307.9 305.7 295.4 291.7 291.1 276.3 274.6 259.8 260.2 260.0 262.5 264.5 266.4 264.0 264.6 264.7 264.9 267.4 270.8 274.4 280.3 282.5 280.0 287.0 313.8 330.2 336.8 485.1 495.0 550.1 587.2 600.2 566.0 528.3 500.0
-999.0 -999.0 -999.0 -999.0 -999.0 -999.0 -999.0 -999.0 -999.0 -999.0 -999.0 -999.0 375.4 345.5 352.2 349.4 325.8 307.8 307.4 339.4 346.5 345.7 333.7 333.9 338.2 342.1 327.0 308.0 340.4 300.1 302.1 302.2 307.1 306.0 306.7 311.0 306.5 306.3 308.6 309.8 308.4 300.9 293.8 293.2 283.5 276.6 276.2 259.8 259.6 261.2 262.3 264.8 266.8 267.6 268.2 268.2 266.4 267.9 266.5 274.0 276.0 282.8 280.5 287.3 321.2 329.7 472.5 484.7 492.1 529.5 627.9 626.1 635.3 562.1 527.5
-999.0 -999.0 -999.0 -999.0 -999.0 -999.0 -999.0 -999.0 -999.0 -999.0 -999.0 -999.0 -999.0 377.3 361.8 354.9 338.2 321.6 307.4 329.4 338.2 343.6 338.2 335.1 338.2 337.0 344.5 315.1 307.2 303.5 302.7 302.4 299.6 301.4 308.0 308.9 305.8 306.3 308.6 307.7 306.4 300.8 292.6 290.7 281.8 273.4 262.0 264.0 260.5 260.6 261.2 266.7 266.6 269.0 268.5 269.3 268.2 266.5 267.5 269.9 273.1 278.0 278.1 280.3 321.0 458.1 471.3 509.1 518.6 502.7 563.9 614.8 658.7 651.3 581.2
-999.0 -999.0 -999.0 -999.0 -999.0 -999.0 -999.0 -999.0 -999.0 -999.0 -999.0 -999.0 -999.0 -999.0 410.4 374.3 342.3 324.1 307.6 308.0 336.3 341.9 332.6 332.6 332.7 337.3 337.5 309.8 305.7 307.1 303.3 300.7 301.9 300.9 308.4 307.3 305.3 305.7 307.0 307.3 305.8 299.2 294.9 290.8 282.1 272.7 274.5 259.5 260.8 262.3 259.6 262.8 265.2 267.9 265.4 266.5 267.9 268.1 264.6 269.0 266.2 274.2 273.2 279.2 312.7 457.1 480.3 548.3 568.7 584.3 564.2 590.1 669.5 742.2 644.2
-999.0 -999.0 -999.0 -999.0 -999.0 -999.0 -999.0 -999.0 -999.0 -999.0 -999.0 -999.0 -999.0 -999.0 -999.0 375.3 344.7 342.5 327.7 306.3 316.3 340.7 331.6 333.1 341.7 338.2 336.1 326.1 310.7 305.4 308.6 303.0 300.9 302.7 310.4 307.5 306.7 305.0 308.2 307.2 308.4 301.2 293.5 292.3 285.8 273.5 277.4 259.9 260.9 262.2 260.8 262.7 263.7 265.9 267.5 266.8 269.7 266.3 265.2 266.7 270.3 271.6 271.8 279.2 308.1 452.1 483.6 538.0 590.1 637.2 602.0 633.2 674.9 790.4 777.6
-999.0 -999.0 -999.0 -999.0 -999.0 -999.0 -999.0 -999.0 -999.0 -999.0 -999.0 -999.0 -999.0 -999.0 -999.0 405.6 366.6 346.5 337.2 312.9 314.0 304.5 318.8 336.3 336.8 336.7 340.2 314.1 314.8 306.0 305.2 301.1 299.9 305.5 306.0 303.4 304.7 305.1 307.4 306.6 305.1 299.3 295.6 290.5 285.2 274.8 272.9 259.3 259.6 259.8 259.9 258.8 259.7 261.1 263.5 268.1 267.7 264.2 262.7 263.2 265.7 267.5 271.8 273.9 296.5 463.1 486.9 586.6 598.4 712.7 732.1 790.4 795.7 812.9 748.8
-999.0 -999.0 -999.0 -999.0 -999.0 -999.0 -999.0 -999.0 -999.0 -999.0 -999.0 -999.0 -999.0 -999.0 -999.0 370.1 343.3 347.4 318.4 306.6 312.9 306.6 306.6 331.2 336.1 335.1 330.3 318.6 312.4 308.3 304.2 304.8 304.1 304.0 305.4 304.1 305.1 306.7 309.1 305.8 304.9 300.0 294.9 291.7 290.3 280.9 272.7 262.2 258.5 260.1 261.0 259.2 261.0 261.7 265.3 265.8 265.8 265.8 263.0 264.3 264.6 267.8 270.4 275.0 301.2 318.8 492.0 435.6 475.7 672.5 768.3 794.9 873.9 840.5 779.9
-999.0 -999.0 -999.0 -999.0 -999.0 -999.0 -999.0 -999.0 -999.0 -999.0 -999.0 -999.0 -999.0 -999.0 -999.0 336.7 340.7 329.4 316.0 358.8 350.5 336.7 307.8 328.1 332.3 332.9 336.8 335.8 311.4 310.6 303.8 312.3 306.4 305.8 303.2 304.0 304.6 307.1 310.2 308.1 308.6 304.7 295.7 294.4 291.8 285.1 278.4 274.5 259.5 258.8 260.9 260.6 260.0 262.0 262.2 262.2 265.6 266.0 264.2 265.4 265.1 266.2 266.9 289.2 300.6 316.4 337.0 432.8 480.3 701.4 772.3 870.7 908.7 886.4 850.1
-999.0 -999.0 -999.0 -999.0 -999.0 -999.0 -999.0 -999.0 -999.0 -999.0 -999.0 -999.0 -999.0 -999.0 -999.0 360.1 315.5 316.6 350.6 342.3 349.8 338.6 313.3 312.4 332.1 336.5 341.2 321.2 309.7 332.9 303.9 306.6 301.3 300.5 298.1 298.4 302.4 303.9 304.9 304.7 305.1 302.3 292.3 292.3 289.6 282.6 277.2 270.8 259.3 255.1 255.8 258.3 257.7 257.2 257.1 257.1 257.4 260.8 261.8 263.4 263.8 262.9 260.6 285.7 297.2 312.9 330.6 387.0 599.5 478.8 520.2 760.3 883.0 938.0 882.9
-999.0 -999.0 -999.0 -999.0 -999.0 -999.0 -999.0 -999.0 -999.0 -999.0 -999.0 -999.0 -999.0 -999.0 -999.0 316.4 321.9 336.3 342.4 348.9 363.5 339.3 333.4 310.7 339.9 355.2 337.5 332.6 302.2 327.2 322.8 301.4 305.7 299.9 298.1 298.2 301.7 301.3 305.5 304.2 301.4 302.5 295.1 291.5 286.3 290.1 279.5 272.6 270.2 257.2 255.7 256.0 256.6 258.0 256.0 256.2 255.8 258.6 258.9 263.5 263.6 263.8 266.4 290.5 299.3 314.3 328.9 343.4 568.3 630.7 514.9 553.0 863.7 923.2 863.2
-999.0 -999.0 -999.0 -999.0 -999.0 -999.0 -999.0 -999.0 -999.0 -999.0 -999.0 -999.0 -999.0 -999.0 -999.0 -999.0 343.4 394.0 371.5 372.0 369.7 341.3 327.5 318.4 336.8 344.2 338.9 326.9 335.4 336.1 324.2 303.8 306.8 303.1 301.7 301.5 302.2 301.8 304.6 304.0 302.6 298.9 298.4 289.3 289.9 288.1 288.5 279.1 268.1 271.1 254.1 255.1 255.6 256.3 256.7 256.8 257.0 256.8 258.5 260.9 263.6 262.5 278.2 295.5 303.5 317.0 326.8 337.3 372.3 566.8 604.4 706.4 562.5 610.2 869.5
-999.0 -999.0 -999.0 -999.0 -999.0 -999.0 -999.0 -999.0 -999.0 -999.0 -999.0 -999.0 -999.0 -999.0 -999.0 -999.0 390.4 424.8 425.9 425.1 391.8 346.4 340.9 314.0 325.1 346.0 337.9 353.7 337.9 327.9 338.1 327.9 305.5 304.4 299.3 298.3 298.4 298.6 305.6 300.6 300.0 295.7 293.1 285.2 289.2 284.3 285.5 278.0 274.9 270.2 271.5 253.2 253.6 253.4 256.0 254.9 255.1 255.1 259.2 260.1 260.5 263.7 277.5 292.6 296.8 310.7 319.8 323.7 361.8 425.0 623.4 735.9 556.2 603.7 596.7
-999.0 -999.0 -999.0 -999.0 -999.0 -999.0 -999.0 -999.0 -999.0 -999.0 -999.0 -999.0 -999.0 -999.0 -999.0 -999.0 374.4 423.0 427.6 423.7 409.4 367.0 338.9 326.2 333.3 341.7 361.0 343.1 328.1 327.0 324.8 311.2 301.0 301.2 298.1 295.0 295.3 295.1 296.1 296.9 295.9 296.2 290.5 286.3 286.6 282.3 280.1 282.2 273.4 266.5 267.4 265.3 249.4 250.3 252.9 251.0 250.8 253.4 252.9 260.1 257.2 274.7 275.4 289.4 293.7 296.4 309.5 310.0 332.1 419.5 568.9 637.0 692.1 782.6 842.9
-999.0 -999.0 -999.0 -999.0 -999.0 -999.0 -999.0 -999.0 -999.0 -999.0 -999.0 -999.0 -999.0 -999.0 -999.0 -999.0 389.3 411.6 431.6 425.9 427.0 398.7 357.8 331.5 328.2 352.1 371.3 359.9 363.0 332.3 324.5 321.7 316.0 297.4 296.0 291.7 295.9 291.4 293.9 295.1 294.5 293.1 291.2 287.2 279.8 283.0 280.7 277.7 278.2 269.9 262.7 263.4 264.7 251.6 246.6 246.5 249.1 248.7 250.0 252.7 268.6 268.6 272.3 287.4 292.2 293.0 296.7 301.9 320.5 328.0 368.2 473.7 630.2 746.6 750.6
-999.0 -999.0 -999.0 -999.0 -999.0 -999.0 -999.0 -999.0 -999.0 -999.0 -999.0 -999.0 -999.0 -999.0 -999.0 -999.0 427.1 428.8 430.9 415.7 413.4 386.6 332.9 317.4 319.5 335.0 367.7 371.0 394.6 357.8 321.1 320.5 296.2 299.5 293.9 292.7 291.8 291.0 291.3 298.3 294.9 293.5 289.7 287.7 284.1 281.2 282.5 279.1 278.2 278.2 267.2 262.8 262.2 262.9 263.4 253.0 248.4 248.1 253.9 266.2 268.2 270.2 276.0 288.7 290.4 291.5 291.4 295.1 307.0 322.6 340.9 435.0 488.4 506.2 519.1
-999.0 -999.0 -999.0 -999.0 -999.0 -999.0 -999.0 -999.0 -999.0 -999.0 -999.0 -999.0 -999.0 -999.0 -999.0 -999.0 430.5 439.9 439.9 413.8 335.6 332.6 313.2 308.1 308.1 327.7 367.2 386.1 370.3 343.6 312.3 303.0 302.4 301.0 286.8 285.6 284.6 282.4 285.8 287.8 285.8 287.6 285.8 283.9 282.3 276.0 274.5 274.5 270.7 271.0 270.4 261.9 260.4 254.9 256.3 256.4 259.1 257.3 258.2 260.8 262.7 263.4 267.9 282.0 283.7 283.6 285.9 284.2 290.1 297.2 309.6 340.7 384.8 465.5 503.0
-999.0 -999.0 -999.0 -999.0 -999.0 -999.0 -999.0 -999.0 -999.0 -999.0 -999.0 -999.0 -999.0 -999.0 -999.0 -999.0 417.5 446.1 430.9 402.9 354.9 312.9 303.8 352.0 320.0 315.0 352.9 388.9 356.2 319.3 307.8 310.8 311.6 316.4 301.7 300.6 277.9 276.9 288.8 284.9 281.3 281.1 283.0 279.8 275.9 275.8 267.0 267.0 268.0 262.4 266.6 264.9 258.9 255.4 250.9 250.1 250.5 252.0 251.8 257.6 257.5 262.8 263.6 274.1 277.5 277.1 279.2 276.6 277.6 282.0 293.0 314.9 321.6 360.4 582.1
-999.0 -999.0 -999.0 -999.0 -999.0 -999.0 -999.0 -999.0 -999.0 -999.0 -999.0 -999.0 -999.0 -999.0 -999.0 383.0 427.2 411.0 409.7 397.4 325.1 304.9 317.5 353.7 325.0 318.2 338.1 369.2 351.5 325.4 329.0 310.2 315.2 319.6 311.9 294.5 295.7 283.3 275.2 277.0 284.1 282.2 278.6 282.4 284.0 278.8 271.9 265.4 264.6 266.5 260.9 260.4 264.0 261.9 252.7 252.3 248.2 247.6 247.7 254.4 260.7 257.8 259.5 271.7 273.1 274.7 279.3 275.5 274.4 278.1 293.3 297.9 299.0 304.6 340.5
-999.0 -999.0 -999.0 -999.0 -999.0 -999.0 -999.0 -999.0 -999.0 -999.0 -999.0 -999.0 -999.0 -999.0 -999.0 387.3 424.7 408.1 390.5 394.2 340.9 303.2 388.7 399.1 359.1 320.4 336.7 358.3 348.2 295.1 320.3 317.1 306.8 311.2 306.5 302.1 292.6 291.1 271.4 272.6 272.4 275.2 275.2 291.0 292.9 277.6 273.7 270.5 260.3 262.2 262.7 253.2 252.3 252.3 252.5 245.8 243.5 243.5 245.3 256.0 252.4 252.0 253.7 255.7 266.1 266.3 269.5 274.7 270.9 273.4 280.1 277.7 290.9 294.6 298.7
-999.0 -999.0 -999.0 -999.0 -999.0 -999.0 -999.0 -999.0 -999.0 -999.0 -999.0 -999.0 -999.0 -999.0 359.3 409.1 411.1 537.1 502.6 494.9 485.6 312.6 400.8 405.5 404.3 349.9 325.9 359.7 362.2 363.3 309.6 344.7 307.9 305.1 305.0 308.7 297.1 288.7 275.7 277.8 277.9 271.9 273.0 292.1 290.2 286.8 272.2 269.5 268.1 261.5 261.6 261.2 253.8 251.2 251.2 250.8 242.4 242.6 243.0 251.2 251.8 251.2 252.5 252.6 260.5 265.1 266.8 281.0 272.2 271.6 274.2 278.0 280.4 292.9 295.2
-999.0 -999.0 -999.0 -999.0 -999.0 -999.0 -999.0 -999.0 -999.0 -999.0 -999.0 -999.0 -999.0 -999.0 465.1 448.3 427.2 619.0 568.8 497.4 583.8 302.4 416.0 413.0 418.0 416.7 381.9 381.5 385.8 378.9 369.5 374.9 305.2 302.7 304.5 290.8 290.4 282.0 273.1 271.4 262.6 264.0 266.3 263.9 265.3 265.3 265.8 266.8 262.9 261.9 255.5 255.5 256.4 248.4 245.2 245.2 247.0 244.7 245.5 244.8 245.2 245.6 245.2 246.6 253.1 255.5 260.6 267.2 265.7 263.6 265.6 270.7 269.0 273.8 285.8
-999.0 -999.0 -999.0 -999.0 -999.0 -999.0 -999.0 -999.0 -999.0 -999.0 -999.0 -999.0 -999.0 423.3 462.7 456.9 458.3 648.2 537.9 614.2 615.2 532.5 394.4 423.7 418.2 415.2 411.4 414.0 407.4 407.0 343.7 315.2 291.6 290.2 293.1 280.3 285.2 283.0 259.1 253.7 254.5 251.9 251.8 254.2 254.9 265.9 265.8 263.8 255.6 253.0 252.0 243.8 245.6 245.6 239.2 238.4 233.5 235.2 236.2 236.2 235.2 235.7 235.2 236.1 236.2 244.4 250.3 257.6 258.7 254.0 253.8 257.4 261.3 262.9 270.6
-999.0 -999.0 -999.0 -999.0 -999.0 -999.0 -999.0 -999.0 -999.0 -999.0 -999.0 -999.0 -999.0 600.9 452.9 484.9 735.1 620.2 582.7 649.2 653.5 580.1 377.2 447.3 456.6 382.4 330.1 378.4 410.7 365.2 319.2 324.0 290.6 292.5 290.3 277.7 257.7 258.3 261.7 252.3 262.0 267.5 248.0 247.2 249.9 252.8 267.4 269.8 253.1 251.3 249.1 249.1 244.9 242.4 241.1 251.2 233.4 233.8 232.9 231.5 233.0 232.5 232.3 231.9 233.5 240.0 246.2 247.6 253.6 253.7 249.2 251.7 258.6 260.2 261.5
