GSP_annual_reports_SON_2024_v1/GIS/SON_2023_Spring_Shallow.tif
NCOLS 191
NROWS  209
XLLCORNER 6295515.91401
YLLCORNER 1783415.49397
CELLSIZE 1000.0
NODATA_VALUE -999
[rows 33 to 65 of 209, columns 0 to 74 of 191]
-999.0 -999.0 -999.0 -999.0 -999.0 -999.0 -999.0 -999.0 -999.0 -999.0 -999.0 -999.0 -999.0 508.8 508.6 500.4 489.9 325.2 322.0 322.3 320.4 314.1 321.8 322.0 333.8 355.3 347.8 323.3 322.7 324.2 324.2 323.4 318.5 315.5 308.7 307.6 291.3 294.1 298.4 304.3 310.6 319.3 314.4 310.6 318.1 339.6 403.2 391.5 463.8 432.8 447.9 421.1 423.8 436.2 457.4 514.4 686.6 655.5 545.3 487.6 544.1 703.7 809.3 748.0 789.3 773.8 757.2 692.7 559.0 606.1 721.1 550.8 538.6 594.7 680.0
-999.0 -999.0 -999.0 -999.0 -999.0 -999.0 -999.0 -999.0 -999.0 -999.0 -999.0 -999.0 -999.0 506.2 504.0 497.7 493.8 328.6 322.0 319.4 315.3 320.1 322.3 322.0 354.7 357.3 353.5 348.0 328.9 323.2 324.2 321.4 320.0 320.0 305.9 309.0 288.9 293.9 302.3 296.2 307.1 305.4 302.7 305.7 317.9 329.1 338.6 401.7 442.6 389.3 399.8 428.9 433.3 440.9 448.7 435.0 453.6 598.0 501.4 653.4 761.4 548.6 747.0 776.7 842.6 843.4 787.4 735.1 671.8 575.0 655.1 700.9 550.9 544.3 557.1
-999.0 -999.0 -999.0 -999.0 -999.0 -999.0 -999.0 -999.0 -999.0 -999.0 -999.0 -999.0 -999.0 559.8 504.4 503.5 490.9 324.1 322.0 320.0 315.4 321.7 320.0 335.2 368.6 357.4 354.7 348.5 333.1 322.7 322.8 320.3 318.2 319.4 315.8 292.4 288.6 298.0 302.9 299.5 297.1 298.4 294.8 305.7 320.0 330.9 335.8 392.1 374.2 362.1 458.0 455.4 447.2 428.4 457.7 425.7 425.9 512.7 480.2 679.3 544.2 506.3 701.5 715.0 807.0 796.4 876.2 834.3 757.0 671.6 593.4 655.3 713.8 679.7 571.4
-999.0 -999.0 -999.0 -999.0 -999.0 -999.0 -999.0 -999.0 -999.0 -999.0 -999.0 -999.0 -999.0 549.6 544.6 532.5 483.0 464.9 322.3 318.4 315.6 318.7 320.7 327.3 357.2 347.0 331.2 338.3 323.5 323.2 320.2 321.3 319.9 318.4 309.4 292.0 290.1 296.5 300.5 294.7 291.2 296.3 294.9 308.3 318.8 329.7 334.6 338.0 396.3 445.8 468.3 452.6 444.2 437.1 453.0 438.2 419.3 504.2 428.6 455.5 504.2 541.4 637.0 687.7 771.3 827.9 834.0 892.8 807.3 773.5 674.3 683.6 648.5 710.7 616.6
-999.0 -999.0 -999.0 -999.0 -999.0 -999.0 -999.0 -999.0 -999.0 -999.0 -999.0 579.5 580.9 570.8 515.8 497.4 483.5 484.2 463.2 313.7 319.0 321.0 322.3 332.2 364.3 324.9 323.8 333.1 324.2 320.2 322.8 321.7 319.7 321.9 307.8 292.9 293.0 298.3 298.6 289.5 286.5 291.7 297.6 311.5 321.8 325.7 333.8 343.7 446.9 447.7 466.7 471.8 468.3 467.2 456.6 431.8 422.2 478.8 427.0 441.1 462.6 488.6 484.8 626.8 684.6 797.3 874.8 882.8 900.3 840.5 694.7 702.9 763.2 691.1 703.3
-999.0 -999.0 -999.0 -999.0 -999.0 -999.0 -999.0 -999.0 -999.0 -999.0 490.9 530.8 541.7 566.3 517.4 522.1 494.8 475.6 469.3 323.7 320.0 314.1 322.0 322.3 356.1 337.3 323.2 322.1 323.2 320.4 321.9 321.7 318.9 323.7 307.6 309.8 294.5 295.3 298.4 289.7 289.7 289.4 296.7 303.6 313.8 317.4 328.1 338.3 385.0 464.8 460.2 492.0 505.3 456.1 449.9 454.9 446.7 509.0 432.6 455.8 455.0 458.9 452.9 481.2 698.6 767.3 817.8 876.1 923.4 862.2 718.8 699.1 811.5 738.3 758.6
-999.0 -999.0 -999.0 -999.0 -999.0 -999.0 -999.0 607.4 513.0 472.5 475.5 477.1 498.6 335.2 336.5 330.5 360.4 338.9 322.9 314.9 326.9 320.1 327.0 355.7 323.2 323.9 334.9 322.0 326.4 322.5 325.6 322.8 318.5 323.2 310.2 304.0 293.7 295.0 296.4 289.9 282.2 284.8 291.0 296.6 298.1 309.4 319.3 335.7 349.1 423.6 442.7 464.2 444.8 464.2 449.0 442.2 453.7 492.8 450.0 454.5 460.2 456.5 454.2 469.9 516.9 536.9 785.8 732.0 907.2 840.2 758.6 762.4 802.2 807.6 786.5
-999.0 -999.0 -999.0 -999.0 -999.0 606.7 493.3 598.9 567.2 485.9 471.6 469.8 469.0 318.4 318.7 318.6 318.7 323.7 332.2 314.4 315.2 327.4 337.4 323.0 323.9 333.8 324.6 322.0 320.4 320.4 320.4 321.4 325.0 321.4 310.7 307.7 295.5 294.6 294.3 290.9 280.0 286.2 289.8 295.3 293.9 293.3 302.3 323.4 337.2 346.5 436.9 439.7 419.0 431.5 452.4 460.2 480.1 436.9 548.3 428.5 444.1 414.1 438.6 450.5 450.6 480.9 588.4 687.6 808.5 814.6 824.4 804.1 787.2 833.5 835.8
-999.0 -999.0 -999.0 -999.0 679.2 652.0 529.3 534.0 580.6 535.1 569.4 508.1 504.0 324.5 318.5 323.3 315.1 318.7 314.1 315.5 319.8 337.4 341.3 323.8 333.1 327.0 320.5 322.0 321.4 327.3 320.4 321.2 332.4 320.9 324.4 312.1 292.5 291.7 293.2 291.1 283.4 281.4 287.1 292.0 293.4 297.5 303.6 309.5 328.6 332.3 394.4 420.3 381.8 457.6 446.5 449.5 557.2 507.1 503.1 528.4 419.2 395.7 501.2 417.9 450.9 449.4 450.9 588.2 686.6 821.5 796.2 800.6 836.7 809.7 842.5
-999.0 -999.0 -999.0 368.7 394.9 458.3 557.5 506.5 607.9 586.4 550.6 506.3 539.4 315.4 315.7 344.3 360.7 331.2 314.1 314.1 322.3 339.3 348.2 334.0 327.7 320.4 320.4 324.0 321.3 320.4 321.6 322.3 326.6 319.7 320.5 310.5 308.5 292.2 293.8 289.2 283.5 284.0 288.1 291.4 293.0 304.1 303.1 312.8 324.6 326.3 329.2 402.2 422.1 438.4 412.2 513.0 500.8 533.9 443.4 507.9 500.5 483.8 503.4 413.0 412.3 421.6 452.1 477.7 527.1 790.5 730.5 808.8 812.7 799.5 845.6
-999.0 -999.0 324.1 315.4 315.6 331.5 424.5 337.4 593.0 579.9 529.7 478.9 364.1 324.6 332.4 355.7 361.6 323.2 323.3 348.2 324.3 357.5 343.7 323.2 323.0 318.7 318.9 323.0 322.9 322.9 323.7 320.9 324.8 324.6 319.2 311.8 310.5 292.1 291.0 289.8 282.9 285.1 287.5 288.4 307.2 298.7 304.2 305.9 315.9 322.9 328.0 346.2 430.9 498.5 455.9 476.9 431.6 503.9 474.0 416.4 467.7 481.6 389.9 393.7 406.7 417.7 445.8 453.5 469.9 539.5 698.1 743.3 707.3 806.2 755.8
-999.0 -999.0 368.9 357.0 323.2 314.1 314.4 336.0 358.4 550.2 573.1 373.5 327.0 327.6 353.1 352.6 357.0 338.5 328.9 348.2 359.5 358.4 333.6 322.0 318.4 318.6 321.3 324.2 322.8 324.0 328.5 320.1 321.7 324.0 318.7 318.9 315.1 307.1 289.8 290.8 288.3 278.7 285.2 289.9 290.9 294.0 310.2 309.9 308.6 320.0 318.6 338.2 400.7 443.2 405.9 413.7 410.7 456.7 439.1 453.5 451.8 499.4 504.9 413.0 410.6 418.1 446.4 447.6 447.1 464.4 536.1 700.0 689.5 692.8 758.4
-999.0 360.7 456.3 440.5 349.4 317.6 314.5 318.1 335.6 367.3 389.7 352.4 320.4 327.4 358.4 357.7 356.9 360.6 335.5 341.4 367.9 352.1 322.0 322.6 318.1 324.7 318.4 323.3 332.1 329.1 329.5 320.5 322.7 324.4 321.0 319.9 322.2 310.9 292.2 292.5 287.7 281.6 283.4 282.3 279.4 293.8 297.8 300.3 300.6 302.0 311.2 315.6 334.6 386.4 385.6 405.5 413.6 415.9 431.5 448.2 479.0 497.5 518.6 518.1 518.1 453.9 455.7 421.8 418.8 451.9 452.6 525.0 629.7 690.7 781.1
-999.0 462.3 460.8 372.3 406.7 345.3 326.9 316.1 318.7 327.6 323.8 319.0 320.0 317.9 358.9 358.6 357.7 341.9 331.0 337.4 334.4 356.9 323.3 314.4 315.6 323.0 332.5 322.9 320.0 327.7 322.9 322.6 320.6 324.8 322.1 318.7 321.9 315.5 311.6 291.1 289.5 286.0 285.0 283.5 284.6 282.9 288.6 292.7 298.7 296.4 303.1 324.0 324.0 319.5 404.9 413.0 487.9 526.0 503.8 503.1 529.1 499.5 520.6 573.8 547.9 533.8 533.1 418.8 424.5 411.1 419.9 452.6 491.4 717.5 765.6
-999.0 479.9 440.0 416.4 339.3 313.8 336.5 334.9 315.2 330.3 319.0 319.4 321.1 317.5 346.5 358.7 358.0 342.1 324.1 328.7 338.2 343.6 353.8 314.4 334.9 333.1 323.2 322.3 328.3 325.1 320.8 320.4 321.5 323.1 325.3 322.9 319.2 325.9 315.6 308.4 290.1 288.7 288.6 281.4 282.6 282.2 289.5 291.3 291.7 300.3 308.3 319.5 325.1 328.0 324.2 421.1 473.0 533.4 539.3 551.5 564.9 535.5 563.3 574.4 575.4 561.6 558.6 542.1 430.2 405.8 410.2 417.9 433.2 539.3 649.8
-999.0 391.9 397.5 357.0 343.0 360.7 384.9 350.3 323.7 327.1 319.3 327.0 317.0 318.2 318.4 333.9 337.4 324.6 314.4 336.5 329.0 324.0 331.5 315.4 323.5 323.0 323.9 328.2 332.9 327.6 323.3 323.1 321.3 320.3 324.8 321.8 321.4 319.1 322.5 314.4 309.2 289.6 288.9 290.3 290.4 292.4 296.1 298.8 302.3 305.1 312.7 319.0 324.4 326.5 326.7 369.7 472.6 523.9 628.9 714.4 600.5 567.3 568.6 625.1 618.0 605.3 626.4 592.4 418.3 399.8 414.0 420.3 404.7 418.2 453.5
491.1 485.5 404.3 409.1 357.0 420.2 386.5 362.0 327.6 320.1 328.5 320.9 316.3 318.4 318.1 314.4 314.4 318.2 332.2 324.6 317.5 314.4 324.0 323.9 316.3 318.2 318.4 324.2 332.2 321.8 320.8 322.1 326.9 321.4 320.9 324.8 321.3 321.5 319.1 322.5 315.0 308.9 293.6 290.2 290.4 295.3 303.5 299.6 306.2 316.6 312.3 315.9 320.4 321.4 316.8 338.1 473.8 502.6 571.0 662.9 685.6 576.8 584.2 641.9 654.9 674.4 661.3 604.3 533.9 447.4 399.0 401.1 406.6 389.8 400.0
406.7 399.3 350.5 315.5 362.0 403.3 362.1 362.1 345.2 324.9 326.5 323.3 319.2 317.5 314.4 321.2 314.4 314.5 327.0 315.4 314.1 328.9 367.1 360.4 319.5 318.2 318.6 318.7 322.0 321.4 321.4 320.8 321.3 321.0 321.4 321.3 325.8 322.1 321.4 319.1 322.6 314.3 309.6 309.9 291.5 297.2 298.9 300.0 304.2 307.4 307.4 311.3 309.2 309.8 310.2 324.1 406.0 503.0 545.1 561.9 570.5 588.0 579.2 618.3 618.3 705.2 697.1 676.1 616.2 552.2 412.4 376.2 411.3 375.6 380.7
396.2 350.3 324.3 356.9 368.4 368.7 408.1 399.3 387.6 344.6 348.9 350.8 350.8 356.0 369.7 393.7 357.0 322.2 321.2 322.6 324.2 335.8 392.7 367.6 335.5 321.7 318.6 322.3 323.3 321.4 321.4 321.4 320.8 321.0 321.0 322.2 323.4 327.9 321.5 323.8 319.2 318.0 322.6 317.1 316.4 302.0 298.9 299.1 300.2 304.0 306.0 306.2 306.2 301.3 301.1 316.7 332.8 410.6 547.6 548.0 562.9 564.9 572.7 587.1 596.0 646.1 675.3 687.2 685.0 591.1 427.7 359.3 393.7 388.6 385.8
-999.0 432.5 363.6 316.2 363.5 390.7 358.4 391.8 357.9 349.0 354.0 362.8 364.4 367.8 459.8 463.5 459.7 391.9 349.0 323.9 336.5 334.2 345.6 390.8 338.3 318.2 318.4 319.0 322.0 322.0 321.4 325.0 324.1 323.5 322.5 323.2 323.1 325.0 326.1 322.5 328.6 324.0 320.0 329.4 320.8 317.4 318.9 309.1 299.0 301.8 301.9 301.4 299.8 300.3 299.9 309.6 347.6 431.2 441.4 557.0 554.8 560.0 565.4 565.3 582.9 618.1 584.2 650.6 665.0 604.6 545.0 374.4 361.4 374.5 356.2
-999.0 457.1 418.3 334.3 321.1 318.6 323.5 363.5 369.8 352.5 358.0 359.8 388.2 363.4 367.1 408.9 451.5 368.4 370.6 362.6 336.1 336.7 324.9 323.6 314.4 316.4 323.4 327.0 322.3 332.2 324.6 329.4 321.7 323.4 326.7 329.1 322.0 323.1 323.2 325.9 331.6 330.1 331.7 326.7 326.7 321.5 314.7 318.1 316.2 314.1 312.0 306.5 303.9 304.1 318.3 427.9 344.6 345.0 426.5 440.6 566.1 566.8 590.8 603.9 562.9 579.7 569.8 606.1 645.7 593.2 549.5 389.2 371.5 353.5 356.0
-999.0 459.2 399.3 438.2 394.9 357.3 319.6 357.0 372.3 361.7 358.0 360.0 360.9 367.6 352.7 359.7 419.7 399.9 419.9 368.9 356.5 331.0 328.3 324.6 315.6 318.2 318.7 318.7 328.5 324.0 322.7 324.2 324.3 347.1 336.5 325.3 329.8 333.2 328.5 324.0 324.5 325.8 332.1 330.2 328.1 328.0 330.7 322.6 318.6 316.0 316.0 319.3 316.7 315.7 318.0 437.1 457.8 347.9 372.3 434.2 561.5 614.5 588.6 574.2 521.6 558.1 559.9 632.1 645.3 611.3 539.7 373.1 368.7 370.5 352.2
-999.0 403.2 432.5 453.2 397.2 420.0 336.5 356.1 359.4 353.9 367.8 359.4 363.6 341.4 352.5 350.5 392.5 424.1 389.2 390.9 369.4 376.7 344.3 324.4 316.4 319.4 318.9 328.4 321.7 324.2 327.4 324.0 322.4 326.5 331.2 329.9 331.9 336.3 333.7 329.8 331.0 331.1 332.2 333.4 330.3 327.2 331.4 327.5 330.7 320.0 321.4 321.3 317.6 315.8 316.3 320.6 438.7 464.6 383.3 378.7 453.9 565.1 611.2 555.8 520.1 504.7 558.8 625.1 661.2 611.7 547.6 497.8 377.6 370.2 366.7
-999.0 453.4 369.1 338.4 357.0 322.4 330.5 360.8 347.3 354.0 352.7 347.2 336.8 323.7 354.1 354.3 365.7 391.6 411.7 391.1 355.9 327.8 322.1 335.2 319.5 316.2 313.8 318.7 324.2 322.7 322.4 322.8 324.0 322.3 328.4 324.7 326.1 331.6 325.2 328.5 329.8 331.0 323.1 324.4 332.2 332.2 331.4 328.7 328.7 327.6 328.7 328.7 323.3 321.2 321.9 325.3 321.4 477.6 484.5 365.9 382.4 435.8 570.1 599.6 536.3 506.3 551.0 605.9 619.3 598.6 576.0 494.7 360.4 360.7 365.1
-999.0 -999.0 458.6 458.6 338.4 356.5 337.4 362.6 356.3 352.1 332.5 324.0 324.3 340.8 339.4 358.8 366.3 386.5 388.2 384.0 353.1 350.0 354.8 326.6 335.3 323.7 327.9 318.6 322.2 322.2 322.2 324.5 322.4 324.1 322.5 324.0 328.6 334.9 330.2 326.1 332.7 327.6 331.1 329.0 327.8 328.9 332.2 334.9 332.4 331.1 332.3 332.3 332.3 330.0 324.4 330.0 328.4 457.7 460.9 513.6 488.2 376.6 398.2 571.5 536.7 504.2 529.6 569.1 577.3 571.9 537.9 505.9 357.9 360.4 359.8
-999.0 -999.0 -999.0 362.1 363.5 354.7 323.3 368.5 368.6 354.9 337.7 324.2 324.9 351.6 355.3 360.0 360.3 366.2 379.3 358.1 372.4 367.0 361.7 349.2 335.7 314.4 314.4 318.4 321.7 322.9 323.5 324.1 322.2 322.4 322.5 322.5 322.5 322.5 322.5 325.1 341.2 337.7 334.8 328.5 328.6 328.3 322.8 331.7 328.2 327.8 325.6 322.9 322.9 328.3 322.9 319.7 326.6 329.0 469.2 476.5 505.8 377.9 349.4 500.6 525.6 504.7 566.3 559.7 578.8 589.6 538.6 362.6 357.4 357.6 358.0
-999.0 -999.0 -999.0 -999.0 364.4 334.9 321.2 324.3 337.4 355.1 328.3 324.2 323.3 345.6 359.9 361.3 358.7 359.4 361.3 373.4 361.1 358.4 361.1 352.9 327.6 330.9 314.4 328.9 319.6 332.1 322.7 322.7 324.2 322.4 324.1 322.4 324.4 322.5 322.4 322.4 321.4 327.7 335.2 331.2 331.2 325.0 322.5 325.3 327.9 329.7 321.4 320.3 317.3 319.5 322.2 329.3 327.8 334.3 331.3 469.8 490.6 491.3 360.0 375.8 487.3 497.3 553.2 544.7 582.6 592.7 514.9 358.3 358.7 357.2 357.2
-999.0 -999.0 -999.0 -999.0 -999.0 362.5 324.3 332.1 323.0 323.0 344.3 345.6 331.7 352.9 354.2 360.4 359.0 356.8 362.6 364.5 349.6 351.2 353.9 348.9 342.4 321.9 314.5 315.1 328.3 324.1 321.1 327.2 329.5 324.2 322.4 322.4 322.5 322.2 322.4 322.4 322.4 321.4 321.7 337.3 328.5 324.7 325.5 322.0 323.7 321.8 324.6 321.7 317.4 319.2 321.8 319.7 326.7 327.9 331.7 335.1 338.6 472.9 383.1 360.8 355.5 486.5 536.6 580.0 598.7 552.0 538.0 359.3 358.8 358.3 360.1
-999.0 -999.0 -999.0 -999.0 -999.0 -999.0 342.6 381.3 327.0 327.4 347.5 350.2 348.9 353.1 357.7 357.3 348.8 349.1 341.8 362.7 356.8 325.9 349.1 327.2 324.9 319.4 314.3 314.3 318.9 320.0 327.9 324.0 322.7 322.7 324.2 322.2 322.4 322.4 324.2 322.4 324.2 321.2 321.4 323.2 320.5 322.5 321.1 324.8 322.2 325.1 323.3 322.3 321.2 316.3 321.8 329.0 327.8 335.6 335.0 336.3 337.9 471.6 479.4 355.2 345.7 482.9 569.3 515.6 602.8 530.9 521.0 359.0 358.9 359.4 376.9
-999.0 -999.0 -999.0 -999.0 -999.0 -999.0 -999.0 -999.0 339.1 323.5 327.6 351.7 349.2 349.1 357.2 353.8 356.8 332.5 348.8 353.8 355.7 323.2 330.2 321.7 334.0 322.9 315.2 314.4 314.4 323.9 319.3 332.2 322.6 322.7 322.7 322.4 322.4 322.5 322.7 328.2 324.2 321.7 321.4 323.2 321.3 320.0 320.0 322.6 324.7 320.4 323.3 323.5 319.5 319.1 319.1 319.8 332.7 337.7 335.1 335.6 336.1 342.6 345.9 354.1 344.4 363.5 409.2 391.8 598.7 565.9 488.3 359.0 358.8 361.0 490.0
-999.0 -999.0 -999.0 -999.0 -999.0 -999.0 -999.0 -999.0 -999.0 331.0 323.9 336.3 342.4 337.4 332.3 336.8 332.9 326.5 361.7 352.9 325.2 321.7 327.8 323.2 323.8 323.3 314.5 314.4 314.4 320.3 322.3 323.2 325.0 324.2 324.1 324.5 324.0 327.9 324.2 323.8 324.1 321.4 321.4 321.7 321.0 321.8 332.8 320.5 320.9 322.7 320.7 320.7 319.8 319.2 319.1 329.2 330.1 336.5 326.3 327.2 327.2 332.7 347.9 345.4 345.2 348.8 350.6 354.0 432.5 567.9 493.6 488.0 359.0 359.1 543.4
-999.0 -999.0 -999.0 -999.0 -999.0 -999.0 -999.0 -999.0 -999.0 326.8 322.2 334.1 349.8 336.9 324.4 322.7 330.8 356.7 348.1 355.2 350.8 350.0 324.5 322.7 333.8 326.2 325.0 314.4 323.7 321.4 321.7 322.4 323.2 322.7 324.2 324.0 322.4 323.8 322.7 323.8 322.4 321.4 321.4 321.0 321.0 322.8 321.3 321.7 322.5 322.9 323.7 320.9 323.1 319.1 319.2 325.3 330.0 334.3 324.0 325.0 326.5 337.0 340.3 349.9 345.9 347.9 352.1 354.0 354.5 434.9 524.1 352.6 358.5 372.0 503.7
-999.0 -999.0 -999.0 -999.0 -999.0 -999.0 -999.0 -999.0 -999.0 338.9 324.2 322.4 337.2 323.3 322.4 324.5 347.1 354.1 358.4 354.5 366.2 359.0 325.4 323.9 323.8 316.3 314.4 324.6 319.5 322.9 323.0 323.2 323.3 323.3 327.0 322.0 321.4 322.8 321.7 325.0 320.8 321.7 323.1 321.0 321.3 321.4 322.7 322.1 322.1 326.5 320.4 319.7 321.6 318.2 319.6 324.4 331.9 321.1 319.5 320.1 326.8 333.1 334.2 339.2 349.3 346.2 353.0 354.0 354.4 355.6 358.6 361.1 357.8 358.3 493.5
