GSP_annual_reports_SON_2024_v1/GIS/SON_2022_Spring_Deep.tif
NCOLS 191
NROWS  209
XLLCORNER 6295515.91401
YLLCORNER 1783415.49397
CELLSIZE 1000.0
NODATA_VALUE -999
[rows 99 to 131 of 209, columns 0 to 74 of 191]
-999.0 -999.0 -999.0 -999.0 -999.0 -999.0 -999.0 -999.0 -999.0 -999.0 -999.0 -999.0 -999.0 536.4 553.2 397.1 657.8 551.6 557.7 643.1 636.0 329.7 338.9 390.5 371.4 347.2 275.3 309.1 338.9 321.0 252.5 280.3 225.8 215.1 209.1 205.2 202.9 197.2 211.9 217.8 210.3 204.7 202.7 204.7 203.9 203.4 203.6 200.6 205.3 201.0 200.0 199.5 198.5 195.2 190.2 189.2 190.1 189.4 179.6 179.7 179.7 176.0 176.7 177.0 176.6 184.1 186.1 188.6 201.0 204.3 204.6 202.5 205.5 207.4 194.4
-999.0 -999.0 -999.0 -999.0 -999.0 -999.0 -999.0 -999.0 -999.0 -999.0 -999.0 -999.0 -999.0 605.5 637.8 611.7 709.1 606.1 677.7 672.8 561.0 326.6 386.8 401.9 347.0 237.0 221.0 218.6 264.7 331.7 275.4 221.2 226.2 223.3 220.3 206.5 210.7 205.3 210.8 229.6 233.1 217.8 218.7 218.4 216.0 218.4 208.8 221.8 213.9 216.5 209.1 213.7 212.5 210.9 209.1 207.0 202.1 202.8 202.8 202.4 200.0 193.2 193.2 193.2 192.9 192.4 197.9 202.2 211.8 213.4 217.7 216.5 217.9 217.3 210.0
-999.0 -999.0 -999.0 -999.0 -999.0 -999.0 -999.0 -999.0 -999.0 -999.0 -999.0 -999.0 -999.0 685.3 719.2 763.4 773.7 744.3 742.1 735.5 653.5 347.5 385.9 393.9 329.9 344.8 326.1 212.4 206.8 227.2 207.1 208.4 201.7 202.1 198.4 199.4 203.7 205.9 203.5 204.7 214.3 217.8 217.4 210.9 209.4 210.0 208.1 218.4 205.3 208.4 206.3 208.3 203.8 203.1 200.9 201.6 200.2 199.5 194.0 193.4 193.5 193.3 193.2 193.1 182.3 182.3 187.1 189.5 202.2 204.9 207.6 204.0 205.9 210.8 210.0
-999.0 -999.0 -999.0 -999.0 -999.0 -999.0 -999.0 -999.0 -999.0 -999.0 -999.0 -999.0 -999.0 561.5 713.3 659.6 713.3 836.3 823.6 681.7 607.6 361.3 376.5 386.6 372.2 341.5 316.6 305.1 224.7 210.4 196.6 197.2 195.3 197.2 198.5 203.9 210.3 211.6 205.6 208.0 214.0 201.2 204.0 210.5 207.3 208.7 210.9 209.6 215.6 202.9 202.5 203.6 204.6 202.4 204.3 204.3 201.5 200.8 198.1 198.3 193.9 189.6 192.2 188.6 192.0 191.3 185.4 187.5 197.2 200.4 200.6 203.8 206.0 207.3 206.8
-999.0 -999.0 -999.0 -999.0 -999.0 -999.0 -999.0 -999.0 -999.0 -999.0 -999.0 -999.0 -999.0 541.9 629.6 573.0 682.9 821.7 807.4 838.3 825.5 769.6 750.9 392.7 387.2 373.9 369.7 326.6 300.9 224.6 198.4 258.0 202.4 196.1 212.0 273.3 253.9 218.0 212.9 212.3 213.9 210.4 199.5 205.8 200.2 198.5 205.7 206.2 212.5 211.6 202.4 199.2 203.7 204.3 203.2 206.6 202.0 202.7 200.3 198.7 197.0 194.5 196.1 193.8 191.8 190.1 188.3 191.5 195.4 198.8 201.1 203.6 204.6 203.4 208.3
-999.0 -999.0 -999.0 -999.0 -999.0 -999.0 -999.0 -999.0 -999.0 -999.0 -999.0 -999.0 -999.0 226.1 287.6 536.7 669.0 757.2 808.1 840.8 841.7 764.5 629.0 615.0 656.5 362.3 363.4 312.9 289.2 206.0 198.3 218.9 287.9 190.5 207.6 206.8 231.5 277.2 209.1 206.8 208.5 203.5 192.6 204.9 202.4 203.0 191.8 198.2 202.7 209.9 211.0 197.9 198.8 198.3 197.8 197.1 196.9 200.0 195.8 197.9 195.9 193.7 193.1 189.3 190.6 188.8 184.8 187.8 190.0 191.4 192.6 194.5 196.1 198.3 201.9
-999.0 -999.0 -999.0 -999.0 -999.0 -999.0 -999.0 -999.0 -999.0 -999.0 -999.0 -999.0 -999.0 201.8 201.4 225.7 513.4 579.3 631.7 655.3 775.9 649.5 566.3 523.7 539.2 555.4 325.9 324.4 251.2 317.0 202.3 214.0 292.3 232.1 191.1 205.2 201.8 204.4 232.4 251.5 248.3 238.0 204.3 201.8 207.6 205.1 202.3 204.3 195.0 199.6 197.9 207.0 199.9 202.3 196.4 196.1 198.7 196.0 195.5 197.2 195.7 195.5 192.5 191.0 188.7 187.9 187.6 188.6 188.8 188.4 190.2 192.5 192.9 201.6 202.8
-999.0 -999.0 -999.0 -999.0 -999.0 -999.0 -999.0 -999.0 -999.0 -999.0 -999.0 -999.0 -999.0 200.7 195.5 216.4 289.6 203.9 485.5 511.5 591.6 636.2 575.0 483.6 212.2 272.5 317.6 313.2 289.1 285.4 257.6 195.3 302.4 271.7 221.1 192.9 207.2 272.7 250.7 264.4 199.7 199.7 200.5 200.7 200.2 200.4 195.4 199.5 195.4 195.4 198.9 193.5 188.8 192.0 194.9 195.6 194.2 193.5 195.4 193.2 192.3 192.6 189.3 190.2 187.2 186.5 185.7 184.3 184.5 183.8 181.9 185.4 192.2 190.5 197.1
-999.0 -999.0 -999.0 -999.0 -999.0 -999.0 -999.0 -999.0 -999.0 -999.0 -999.0 -999.0 -999.0 -999.0 189.1 219.9 322.3 248.2 188.6 191.7 443.7 509.4 539.3 476.1 278.7 250.9 307.7 330.2 349.7 270.3 319.7 198.3 245.1 308.3 209.7 188.0 202.6 245.8 314.8 273.2 241.4 191.5 194.5 196.6 191.5 185.5 189.1 189.4 179.4 183.6 179.7 185.8 179.9 178.8 176.0 179.0 190.1 189.0 188.4 186.4 188.3 186.1 184.9 185.7 182.1 183.9 181.0 178.3 178.7 178.1 174.3 177.0 180.0 183.0 188.9
-999.0 -999.0 -999.0 -999.0 -999.0 -999.0 -999.0 -999.0 -999.0 -999.0 -999.0 -999.0 -999.0 -999.0 185.6 279.6 289.7 233.5 177.2 200.0 290.9 201.6 449.6 488.6 283.0 187.1 278.1 307.1 317.2 314.4 279.0 313.3 221.9 243.0 247.8 186.1 186.8 242.4 307.6 308.2 294.6 253.9 220.9 248.2 185.3 185.7 177.2 176.5 433.0 486.6 466.9 455.8 170.4 169.8 170.4 170.0 174.2 170.9 178.1 178.8 179.8 173.7 177.0 172.8 167.9 170.6 166.9 169.0 166.1 162.7 161.9 161.6 163.4 169.5 177.8
-999.0 -999.0 -999.0 -999.0 -999.0 -999.0 -999.0 -999.0 -999.0 -999.0 -999.0 -999.0 -999.0 -999.0 -999.0 235.5 195.9 181.8 179.7 237.8 318.9 277.6 237.8 171.7 174.2 177.9 179.4 197.6 307.9 318.6 345.6 322.5 307.1 266.3 272.1 213.0 233.7 245.0 315.9 326.4 307.2 274.4 314.1 309.9 203.7 205.9 198.2 172.6 486.3 534.3 492.9 556.1 497.3 475.3 436.4 460.6 179.5 170.4 171.5 171.6 175.8 178.0 178.0 174.4 175.1 167.3 168.9 171.1 168.2 164.7 164.3 165.8 164.9 166.3 175.1
-999.0 -999.0 -999.0 -999.0 -999.0 -999.0 -999.0 -999.0 -999.0 -999.0 -999.0 -999.0 -999.0 -999.0 -999.0 -999.0 193.4 169.7 171.2 214.1 312.0 308.8 202.3 180.1 167.6 166.8 171.0 171.6 191.9 186.6 232.8 340.8 362.3 309.5 303.3 301.9 196.2 192.1 243.1 297.4 316.6 309.6 309.6 297.2 297.6 278.2 180.4 175.4 185.8 555.8 532.0 559.6 559.2 506.4 467.3 461.0 477.3 512.4 170.9 169.6 170.0 166.0 173.3 174.1 174.8 171.7 172.7 171.9 162.8 161.1 158.5 159.7 162.7 166.2 173.1
-999.0 -999.0 -999.0 -999.0 -999.0 -999.0 -999.0 -999.0 -999.0 -999.0 -999.0 -999.0 -999.0 -999.0 -999.0 -999.0 -999.0 163.3 175.0 174.2 171.5 194.8 181.0 160.3 161.7 181.3 179.3 163.8 167.0 167.4 219.0 268.0 357.1 305.7 275.2 177.7 162.9 165.8 173.6 176.3 222.6 238.6 301.7 293.1 262.8 209.5 180.0 173.0 171.9 494.4 603.7 557.7 543.5 484.3 471.8 437.9 450.6 470.1 457.7 165.1 165.5 162.2 164.6 159.2 168.7 171.0 170.8 165.2 167.6 168.1 163.4 163.1 162.7 164.3 168.8
-999.0 -999.0 -999.0 -999.0 -999.0 -999.0 -999.0 -999.0 -999.0 -999.0 -999.0 -999.0 -999.0 -999.0 -999.0 -999.0 -999.0 -999.0 163.6 179.0 181.9 167.1 165.9 160.5 169.4 195.9 181.0 165.5 194.9 179.4 256.4 283.2 277.4 278.3 178.1 167.9 202.5 212.5 190.1 199.6 185.3 190.1 265.8 222.7 210.9 181.8 176.5 171.3 180.0 182.4 260.7 287.9 288.9 579.9 530.1 476.8 515.3 512.0 536.9 177.5 165.1 171.6 164.4 165.5 166.6 162.6 167.1 173.9 170.9 166.3 162.0 162.6 159.8 160.5 158.1
-999.0 -999.0 -999.0 -999.0 -999.0 -999.0 -999.0 -999.0 -999.0 -999.0 -999.0 -999.0 -999.0 -999.0 -999.0 -999.0 -999.0 -999.0 -999.0 -999.0 172.1 161.3 157.2 165.3 162.2 180.0 222.5 173.0 177.1 203.0 201.8 173.6 538.2 538.8 160.4 210.4 276.3 353.1 283.6 634.5 610.0 625.7 560.0 567.3 545.1 173.7 174.6 173.0 175.9 178.3 178.6 256.9 201.2 175.6 172.0 490.7 259.6 222.7 179.2 525.1 497.6 161.2 169.1 166.1 166.7 161.6 164.0 161.0 162.9 171.1 167.5 159.7 160.6 160.2 161.5
-999.0 -999.0 -999.0 -999.0 -999.0 -999.0 -999.0 -999.0 -999.0 -999.0 -999.0 -999.0 -999.0 -999.0 -999.0 -999.0 -999.0 -999.0 -999.0 -999.0 161.8 154.1 150.4 157.9 161.8 194.2 287.5 237.7 165.2 166.5 157.1 162.5 541.9 513.8 522.9 244.0 295.4 337.8 732.9 743.9 728.0 655.9 714.9 678.8 638.0 594.1 212.3 175.7 171.9 208.7 205.2 179.8 185.2 170.0 168.4 168.1 179.9 254.6 212.7 199.8 213.1 164.9 182.1 165.1 171.6 161.2 156.4 160.9 158.3 158.3 155.6 157.7 156.3 164.6 162.0
-999.0 -999.0 -999.0 -999.0 -999.0 -999.0 -999.0 -999.0 -999.0 -999.0 -999.0 -999.0 -999.0 -999.0 -999.0 -999.0 -999.0 -999.0 -999.0 -999.0 -999.0 154.4 157.9 160.5 176.2 200.7 227.8 297.9 210.6 162.4 159.1 159.1 157.4 482.3 556.9 230.4 281.0 346.7 368.2 368.1 752.6 722.8 739.7 733.5 736.1 718.6 638.0 563.7 181.0 269.6 265.9 202.6 170.8 171.7 167.6 173.5 188.1 282.0 256.9 210.5 173.2 167.9 175.0 170.8 168.2 159.1 156.6 155.9 158.3 157.7 158.3 158.3 156.3 153.8 157.1
-999.0 -999.0 -999.0 -999.0 -999.0 -999.0 -999.0 -999.0 -999.0 -999.0 -999.0 -999.0 -999.0 -999.0 -999.0 -999.0 -999.0 -999.0 -999.0 -999.0 -999.0 -999.0 153.9 157.7 160.9 156.0 162.3 171.3 177.3 154.5 151.4 153.2 154.4 154.3 556.5 291.0 342.5 358.8 352.6 300.3 284.2 296.1 294.6 632.6 672.3 669.9 730.8 648.2 613.4 275.0 295.5 210.4 172.8 168.5 165.7 168.2 170.3 212.0 292.3 247.1 193.4 168.6 254.1 190.4 168.9 152.6 152.4 153.1 153.6 155.4 155.4 157.3 157.3 156.3 154.1
-999.0 -999.0 -999.0 -999.0 -999.0 -999.0 -999.0 -999.0 -999.0 -999.0 -999.0 -999.0 -999.0 -999.0 -999.0 -999.0 -999.0 -999.0 -999.0 -999.0 -999.0 -999.0 -999.0 -999.0 155.0 155.0 158.6 154.5 155.5 152.1 155.2 154.9 158.3 171.3 155.3 576.4 280.7 366.3 349.2 740.0 588.8 273.8 306.8 273.3 306.5 584.6 662.2 749.7 665.1 665.6 313.1 269.7 237.8 202.1 167.3 173.0 166.7 174.4 269.4 302.5 262.8 225.4 268.2 167.9 155.6 165.6 165.4 153.7 152.0 155.0 156.5 156.0 155.6 153.1 153.3
-999.0 -999.0 -999.0 -999.0 -999.0 -999.0 -999.0 -999.0 -999.0 -999.0 -999.0 -999.0 -999.0 -999.0 -999.0 -999.0 -999.0 -999.0 -999.0 -999.0 -999.0 -999.0 -999.0 -999.0 -999.0 -999.0 154.0 150.7 151.1 155.8 175.7 164.8 192.7 277.6 228.7 173.5 589.6 687.1 618.5 660.4 618.5 670.4 641.5 618.6 260.2 234.5 283.8 734.1 738.6 730.4 733.8 306.9 274.5 201.0 169.5 218.2 180.6 165.0 182.6 236.4 282.3 224.3 172.7 160.8 169.2 201.5 180.6 164.8 156.0 155.2 155.1 155.2 155.2 153.2 161.1
-999.0 -999.0 -999.0 -999.0 -999.0 -999.0 -999.0 -999.0 -999.0 -999.0 -999.0 -999.0 -999.0 -999.0 -999.0 -999.0 -999.0 -999.0 -999.0 -999.0 -999.0 -999.0 -999.0 -999.0 -999.0 -999.0 -999.0 147.5 147.4 150.8 183.6 261.7 274.5 291.6 186.4 293.2 281.7 575.5 675.3 544.0 580.9 522.4 503.6 530.7 505.6 176.1 260.7 306.8 740.9 697.3 676.3 670.2 592.7 621.4 171.0 223.3 170.5 162.1 158.8 163.5 163.0 171.8 533.7 532.7 268.8 265.0 171.0 164.3 155.7 149.7 152.9 149.0 153.2 152.8 151.7
-999.0 -999.0 -999.0 -999.0 -999.0 -999.0 -999.0 -999.0 -999.0 -999.0 -999.0 -999.0 -999.0 -999.0 -999.0 -999.0 -999.0 -999.0 -999.0 -999.0 -999.0 -999.0 -999.0 -999.0 -999.0 -999.0 -999.0 -999.0 -999.0 152.7 151.7 159.2 233.2 210.6 168.0 178.1 291.3 165.6 535.0 541.1 557.6 658.3 663.4 621.0 299.1 269.9 281.3 304.3 310.2 652.7 723.5 613.5 621.3 615.1 595.3 532.0 210.3 167.8 162.8 158.2 156.2 157.2 165.5 568.2 615.9 615.7 166.7 161.9 162.8 149.2 149.6 149.2 150.7 150.9 150.0
-999.0 -999.0 -999.0 -999.0 -999.0 -999.0 -999.0 -999.0 -999.0 -999.0 -999.0 -999.0 -999.0 -999.0 -999.0 -999.0 -999.0 -999.0 -999.0 -999.0 -999.0 -999.0 -999.0 -999.0 -999.0 -999.0 -999.0 -999.0 -999.0 -999.0 -999.0 -999.0 155.6 162.5 159.4 162.1 243.8 165.5 156.7 150.3 585.7 652.4 745.2 733.9 662.4 302.4 211.3 291.7 213.7 280.8 581.2 562.5 233.4 185.1 223.4 180.3 164.0 159.8 155.9 161.8 158.5 151.5 159.6 161.6 557.6 674.2 618.0 207.0 165.5 152.6 150.9 155.8 155.1 151.9 146.8
-999.0 -999.0 -999.0 -999.0 -999.0 -999.0 -999.0 -999.0 -999.0 -999.0 -999.0 -999.0 -999.0 -999.0 -999.0 -999.0 -999.0 -999.0 -999.0 -999.0 -999.0 -999.0 -999.0 -999.0 -999.0 -999.0 -999.0 -999.0 -999.0 -999.0 -999.0 -999.0 -999.0 160.8 147.9 147.6 162.0 160.5 150.1 146.7 162.7 164.9 588.2 737.8 727.8 625.8 190.6 273.6 208.7 162.4 162.8 197.0 170.9 161.1 155.9 148.0 149.9 156.0 157.2 166.0 163.8 157.6 150.4 150.4 154.9 221.0 606.9 540.1 195.3 160.5 156.5 149.5 148.3 148.4 149.7
-999.0 -999.0 -999.0 -999.0 -999.0 -999.0 -999.0 -999.0 -999.0 -999.0 -999.0 -999.0 -999.0 -999.0 -999.0 -999.0 -999.0 -999.0 -999.0 -999.0 -999.0 -999.0 -999.0 -999.0 -999.0 -999.0 -999.0 -999.0 -999.0 -999.0 -999.0 -999.0 -999.0 -999.0 164.9 151.2 161.5 157.3 148.0 149.9 147.9 161.2 209.8 293.1 587.9 599.8 511.3 204.7 192.9 160.6 157.0 163.5 150.0 148.2 149.9 150.7 150.0 162.0 167.8 174.6 161.9 151.9 145.9 146.3 147.8 152.0 539.5 656.3 611.5 177.8 160.5 150.1 150.2 146.6 148.8
-999.0 -999.0 -999.0 -999.0 -999.0 -999.0 -999.0 -999.0 -999.0 -999.0 -999.0 -999.0 -999.0 -999.0 -999.0 -999.0 -999.0 -999.0 -999.0 -999.0 -999.0 -999.0 -999.0 -999.0 -999.0 -999.0 -999.0 -999.0 -999.0 -999.0 -999.0 -999.0 -999.0 -999.0 -999.0 -999.0 146.7 146.5 146.0 151.4 176.4 175.7 276.1 296.6 178.5 160.3 494.1 548.4 550.3 524.2 519.6 518.8 149.3 146.1 146.0 147.1 150.2 161.0 201.7 169.4 163.0 156.8 147.5 149.1 144.9 148.9 149.7 150.2 591.8 223.5 157.4 147.1 150.4 145.5 145.8
-999.0 -999.0 -999.0 -999.0 -999.0 -999.0 -999.0 -999.0 -999.0 -999.0 -999.0 -999.0 -999.0 -999.0 -999.0 -999.0 -999.0 -999.0 -999.0 -999.0 -999.0 -999.0 -999.0 -999.0 -999.0 -999.0 -999.0 -999.0 -999.0 -999.0 -999.0 -999.0 -999.0 -999.0 -999.0 -999.0 -999.0 -999.0 -999.0 174.8 235.2 274.2 625.4 592.6 285.5 571.6 501.5 529.3 549.5 541.8 539.0 501.1 501.1 142.9 142.9 144.2 143.6 158.5 160.2 156.4 148.7 152.7 143.8 144.9 144.3 142.5 142.2 142.5 147.2 149.5 149.7 147.2 150.6 146.3 146.6
-999.0 -999.0 -999.0 -999.0 -999.0 -999.0 -999.0 -999.0 -999.0 -999.0 -999.0 -999.0 -999.0 -999.0 -999.0 -999.0 -999.0 -999.0 -999.0 -999.0 -999.0 -999.0 -999.0 -999.0 -999.0 -999.0 -999.0 -999.0 -999.0 -999.0 -999.0 -999.0 -999.0 -999.0 -999.0 -999.0 -999.0 -999.0 -999.0 -999.0 -999.0 -999.0 632.5 562.5 631.7 562.9 508.2 518.7 515.9 518.3 557.3 597.5 553.9 151.1 146.2 145.2 149.5 157.7 158.6 152.5 149.5 147.3 146.2 144.5 143.7 139.0 138.4 138.5 139.6 143.8 149.4 145.9 145.8 144.7 144.4
-999.0 -999.0 -999.0 -999.0 -999.0 -999.0 -999.0 -999.0 -999.0 -999.0 -999.0 -999.0 -999.0 -999.0 -999.0 -999.0 -999.0 -999.0 -999.0 -999.0 -999.0 -999.0 -999.0 -999.0 -999.0 -999.0 -999.0 -999.0 -999.0 -999.0 -999.0 -999.0 -999.0 -999.0 -999.0 -999.0 -999.0 -999.0 -999.0 -999.0 -999.0 -999.0 -999.0 -999.0 570.8 539.6 150.6 147.6 145.4 148.2 147.8 160.2 164.5 151.7 146.7 152.9 151.5 162.0 164.9 176.4 164.9 149.7 151.5 148.1 144.1 140.8 139.9 139.5 140.5 140.1 140.6 138.6 139.4 141.2 140.6
-999.0 -999.0 -999.0 -999.0 -999.0 -999.0 -999.0 -999.0 -999.0 -999.0 -999.0 -999.0 -999.0 -999.0 -999.0 -999.0 -999.0 -999.0 -999.0 -999.0 -999.0 -999.0 -999.0 -999.0 -999.0 -999.0 -999.0 -999.0 -999.0 -999.0 -999.0 -999.0 -999.0 -999.0 -999.0 -999.0 -999.0 -999.0 -999.0 -999.0 -999.0 -999.0 -999.0 -999.0 -999.0 544.6 145.9 144.9 147.5 149.6 161.9 226.4 162.9 151.2 145.6 169.3 222.2 162.7 162.6 157.3 164.8 162.6 146.7 153.0 145.8 144.9 139.7 140.0 140.0 139.9 138.5 140.3 140.3 140.0 139.7
-999.0 -999.0 -999.0 -999.0 -999.0 -999.0 -999.0 -999.0 -999.0 -999.0 -999.0 -999.0 -999.0 -999.0 -999.0 -999.0 -999.0 -999.0 -999.0 -999.0 -999.0 -999.0 -999.0 -999.0 -999.0 -999.0 -999.0 -999.0 -999.0 -999.0 -999.0 -999.0 -999.0 -999.0 -999.0 -999.0 -999.0 -999.0 -999.0 -999.0 -999.0 -999.0 -999.0 -999.0 -999.0 148.2 148.7 150.6 151.5 156.4 178.0 260.9 166.9 148.0 174.5 179.8 178.7 260.9 167.0 156.5 157.7 168.7 165.9 151.2 151.5 147.6 146.8 142.1 141.4 141.8 141.4 140.1 141.9 142.0 142.1
-999.0 -999.0 -999.0 -999.0 -999.0 -999.0 -999.0 -999.0 -999.0 -999.0 -999.0 -999.0 -999.0 -999.0 -999.0 -999.0 -999.0 -999.0 -999.0 -999.0 -999.0 -999.0 -999.0 -999.0 -999.0 -999.0 -999.0 -999.0 -999.0 -999.0 -999.0 -999.0 -999.0 -999.0 -999.0 -999.0 -999.0 -999.0 -999.0 -999.0 -999.0 -999.0 -999.0 -999.0 149.9 152.6 157.7 156.1 160.1 159.4 194.6 224.5 170.6 184.6 174.5 241.8 292.5 173.0 170.1 205.5 158.5 149.8 160.7 160.7 152.9 153.1 149.6 149.5 143.3 142.9 144.6 161.3 143.6 143.7 144.3
-999.0 -999.0 -999.0 -999.0 -999.0 -999.0 -999.0 -999.0 -999.0 -999.0 -999.0 -999.0 -999.0 -999.0 -999.0 -999.0 -999.0 -999.0 -999.0 -999.0 -999.0 -999.0 -999.0 -999.0 -999.0 -999.0 -999.0 -999.0 -999.0 -999.0 -999.0 -999.0 -999.0 -999.0 -999.0 -999.0 -999.0 -999.0 -999.0 -999.0 -999.0 -999.0 -999.0 -999.0 152.6 152.0 162.2 202.0 214.6 246.8 271.0 220.4 255.6 264.8 176.9 285.3 248.6 162.2 165.4 163.7 162.6 162.7 155.7 150.1 152.5 157.3 141.6 141.5 141.2 141.2 141.9 151.0 142.7 141.0 141.2
