GSP_annual_reports_SON_2024_v1/GIS/SON_2022_Fall_Deep.tif
NCOLS 191
NROWS  209
XLLCORNER 6295515.91401
YLLCORNER 1783415.49397
CELLSIZE 1000.0
NODATA_VALUE -999
[rows 99 to 131 of 209, columns 75 to 149 of 191]
195.5 198.5 203.2 203.3 222.9 499.3 567.7 555.2 663.5 754.0 465.8 804.2 815.2 897.1 1025.5 1003.7 1042.1 1044.1 1127.6 1122.5 1145.3 1146.8 1147.5 1167.7 1167.7 1190.8 1194.5 1167.7 1129.0 1102.2 927.2 687.8 611.1 557.7 567.3 476.4 478.1 368.7 350.9 183.1 128.5 142.1 223.5 196.8 219.5 298.8 232.8 248.4 272.3 373.5 461.8 642.7 732.7 733.6 747.5 750.4 719.1 845.4 857.1 871.9 879.4 871.8 882.3 883.2 902.2 903.7 902.8 863.1 912.2 904.3 870.4 912.6 917.5 847.2 773.4
206.1 208.5 215.2 214.7 215.0 487.6 539.4 577.3 675.4 725.5 807.4 813.1 819.9 895.2 1006.3 1074.3 1150.9 1150.5 1145.8 1150.5 1150.5 1158.0 1152.7 1161.0 1172.9 1196.0 1200.1 1197.7 1167.0 1131.5 1033.2 779.6 582.0 628.8 614.3 513.3 451.0 474.5 394.7 179.1 125.0 219.9 133.6 112.2 210.5 209.6 246.8 270.7 290.9 338.3 400.7 504.2 687.0 622.9 722.6 713.3 686.7 859.2 857.1 810.4 876.5 881.8 880.5 888.4 902.3 904.1 910.1 774.7 783.2 883.0 792.1 854.9 919.2 864.2 779.1
198.1 199.5 204.2 210.2 244.1 471.7 556.7 586.4 615.1 726.4 779.7 802.3 814.6 859.6 911.9 1002.1 987.1 1074.9 1160.7 1103.0 1160.7 1162.1 1152.2 1168.7 1172.3 1203.7 1207.4 1204.1 1164.5 964.5 868.8 780.3 727.9 652.5 632.1 550.7 484.0 485.0 376.2 166.4 163.9 106.3 105.3 84.4 66.2 71.8 211.9 214.0 229.6 322.6 381.5 470.2 578.0 492.6 578.6 689.2 662.4 714.4 844.9 751.5 749.4 893.7 902.9 891.8 899.2 920.5 923.7 930.4 806.8 769.5 775.9 821.2 835.6 839.6 798.4
201.3 197.0 198.6 209.6 216.7 266.8 554.0 568.9 626.9 754.7 833.2 792.5 827.7 822.8 843.0 936.9 1051.6 1068.6 1154.1 1108.6 1172.3 1167.8 1161.3 1174.7 1177.9 1197.8 1209.3 1227.3 1216.3 1068.3 827.8 866.4 746.8 753.8 655.8 545.4 472.6 395.8 368.8 206.2 137.9 97.5 92.6 70.9 57.2 61.7 66.1 205.7 213.9 218.9 332.9 407.5 388.2 403.7 645.8 527.6 518.7 641.9 684.9 721.2 711.2 865.0 882.7 889.4 859.7 912.2 931.0 928.8 808.1 779.3 751.3 772.0 778.8 790.2 774.6
206.1 193.8 198.3 203.6 293.9 265.9 297.3 575.9 617.5 615.5 672.0 780.0 813.9 824.8 904.3 951.0 1030.9 1057.0 1187.4 1150.2 1124.2 1189.3 1182.4 1195.4 1152.7 1204.7 1230.8 1242.3 1248.4 1163.5 948.3 961.2 894.2 825.5 677.7 575.2 480.9 487.0 455.9 216.1 209.4 105.0 90.7 66.5 56.3 62.5 63.3 49.7 205.6 222.0 272.0 364.5 449.7 494.7 522.4 478.6 421.8 463.2 573.8 682.2 681.4 729.6 761.2 894.8 761.7 837.5 936.9 885.7 898.3 792.1 669.8 680.2 649.2 674.1 595.1
199.8 194.6 214.6 245.0 197.8 279.0 289.5 310.9 632.2 739.2 838.0 862.7 840.3 819.0 857.6 938.4 1031.3 1054.8 1182.9 1194.0 1165.1 1203.7 1202.0 1210.3 1215.1 1237.0 1245.3 1245.7 1257.2 1221.2 1176.4 978.6 854.9 797.7 784.2 714.4 628.7 465.5 491.9 207.4 189.0 171.3 59.5 33.8 47.6 46.9 47.4 35.4 34.8 201.6 286.2 389.7 382.7 418.4 462.4 373.5 404.3 433.1 659.4 664.2 579.1 659.8 716.9 776.3 733.7 778.8 858.4 791.3 955.3 826.3 723.5 609.1 578.7 533.2 562.8
197.9 202.2 207.8 209.1 280.6 225.4 298.3 316.4 606.3 680.6 785.7 861.7 856.7 947.6 1035.3 1096.5 1076.9 1076.8 1135.3 1188.9 1216.6 1178.7 1208.0 1225.0 1225.0 1222.9 1254.8 1271.5 1271.5 1235.8 1233.6 1167.9 971.3 851.3 779.0 767.2 689.4 587.3 486.9 223.1 197.5 142.9 163.1 52.3 40.6 38.1 40.2 28.8 26.1 201.2 242.7 255.4 240.2 364.4 380.3 359.0 459.9 500.0 639.4 648.8 496.4 583.0 661.9 689.5 695.5 738.4 774.0 786.8 954.1 817.9 758.9 695.6 661.4 579.9 533.6
188.9 199.4 201.1 194.8 193.2 275.2 241.4 271.4 327.6 651.9 687.2 783.0 833.4 881.8 878.7 973.5 1086.8 1213.7 1053.2 1140.7 1209.8 1214.2 1224.0 1232.7 1237.7 1273.3 1255.8 1267.7 1279.2 1280.4 1249.7 1186.9 1097.8 922.6 782.5 758.8 695.8 555.5 530.7 263.3 194.7 93.2 32.6 40.4 36.7 37.5 26.0 21.7 17.7 196.2 193.5 289.1 380.8 367.7 393.6 385.7 408.9 540.9 607.1 570.6 466.8 495.0 479.3 522.8 675.6 727.6 659.9 767.0 782.0 804.5 793.5 844.7 771.2 708.5 751.2
183.5 191.9 198.6 200.8 189.7 210.3 237.8 266.4 295.3 317.4 651.0 642.5 763.4 835.5 878.6 892.8 927.6 986.7 1053.2 1217.2 1212.6 1214.2 1224.0 1220.8 1204.9 1259.0 1255.8 1288.7 1267.7 1281.2 1258.0 1203.5 1101.1 944.1 862.1 802.4 653.7 586.9 500.8 436.9 168.4 112.1 34.3 36.7 27.1 17.5 11.1 9.7 6.8 9.6 202.5 299.9 355.7 357.7 383.2 375.3 416.6 470.9 549.4 652.9 546.4 421.4 456.4 528.2 580.7 603.5 765.4 744.3 765.1 823.8 837.4 853.0 809.5 779.4 818.2
178.0 177.8 186.3 188.4 187.7 201.4 225.9 528.3 282.9 316.5 638.5 666.7 707.2 814.9 829.1 897.1 882.6 967.6 1103.8 1233.8 1251.9 1247.0 1192.6 1253.6 1253.8 1270.7 1255.6 1292.2 1289.4 1301.6 1294.2 1225.6 1126.9 1114.8 963.6 871.7 742.6 617.9 486.8 410.9 190.5 129.3 113.8 42.8 16.1 -3.9 2.1 -7.4 -7.2 -5.0 3.0 206.9 318.8 328.2 343.1 352.5 422.0 455.9 507.7 649.0 482.4 411.3 430.2 496.4 506.8 622.4 763.9 781.6 744.5 840.0 1005.8 853.1 931.7 832.5 833.7
170.7 175.3 450.8 499.2 540.4 529.8 554.5 611.6 613.8 609.7 640.6 703.4 681.4 894.1 852.3 956.2 959.9 1009.7 1136.3 1254.1 1245.8 1260.6 1252.8 1273.4 1236.4 1278.3 1291.6 1296.4 1314.7 1300.9 1304.1 1227.9 1141.8 1126.1 1106.9 951.1 827.1 669.7 537.8 427.4 382.8 168.7 91.1 25.4 -6.2 -5.8 -2.5 -11.5 -3.2 -3.3 -2.7 13.5 250.6 260.4 346.3 341.2 348.2 438.4 567.3 573.6 404.5 521.0 418.0 430.9 482.4 555.8 590.1 743.7 692.3 851.4 871.4 818.3 1012.0 834.5 837.1
165.3 435.5 462.9 544.5 537.1 560.8 604.2 605.9 630.7 671.0 684.0 714.0 779.7 894.8 903.4 914.7 970.1 970.6 1033.9 1219.1 1245.8 1254.5 1270.7 1221.5 1254.0 1292.7 1291.6 1300.4 1302.2 1300.9 1303.7 1233.9 1145.2 1127.3 1107.1 1081.6 852.6 732.0 565.5 507.9 362.8 316.1 155.0 68.6 -6.6 -22.8 14.9 -13.2 -11.9 -10.1 2.6 178.6 237.2 200.9 326.6 323.2 337.6 401.0 353.7 359.6 379.8 425.0 458.3 416.2 484.8 504.6 583.6 668.7 794.2 820.3 877.5 800.9 860.7 861.8 859.2
434.7 436.3 465.2 534.6 556.3 574.2 497.3 546.7 630.9 621.4 688.9 718.3 813.1 871.9 851.6 902.4 986.8 1041.5 1094.6 1175.5 1233.1 1274.7 1216.0 1281.3 1273.5 1296.6 1296.6 1308.6 1281.8 1281.8 1316.9 1243.2 1152.4 1140.4 1116.4 1079.0 842.6 684.2 599.9 458.7 386.2 356.5 255.1 28.7 7.2 -17.4 -11.3 -14.8 -9.9 -6.0 9.2 153.2 142.2 141.3 264.8 292.2 329.2 351.4 318.8 396.4 435.5 602.8 519.9 639.0 599.8 685.2 533.4 703.0 785.3 827.5 839.7 739.0 844.5 931.5 860.5
152.9 498.2 478.5 212.8 175.2 231.8 175.5 578.9 223.4 621.0 730.2 758.5 771.0 843.0 940.1 952.1 972.2 1068.4 1113.9 1198.9 1249.5 1274.5 1308.2 1324.8 1328.9 1351.7 1319.9 1335.5 1359.8 1365.9 1322.9 1282.8 1198.8 1183.0 1155.5 1058.5 832.8 666.2 548.2 496.3 423.8 373.2 307.7 0.8 0.5 -14.3 -14.1 -10.2 -16.5 0.4 14.8 33.5 130.7 208.2 187.2 244.2 325.8 311.8 309.5 352.1 410.5 544.4 433.4 584.4 608.8 639.0 492.1 514.1 729.5 819.2 869.7 735.4 699.8 893.3 850.8
154.8 162.2 164.2 171.1 169.2 167.4 166.1 206.9 205.3 626.1 754.0 778.2 817.3 937.1 873.1 951.0 962.4 989.4 1127.2 1123.0 1173.1 1205.3 1292.6 1307.3 1333.4 1351.5 1363.0 1348.9 1354.6 1371.5 1361.7 1303.6 1211.1 1190.7 1136.7 1079.8 886.4 703.5 621.4 537.3 399.5 344.3 123.6 -8.9 -23.1 -15.4 -15.9 -6.2 -18.6 3.4 23.3 41.9 120.0 145.1 165.0 199.2 294.8 280.6 290.4 331.2 436.6 379.1 382.1 493.5 548.2 483.0 474.7 509.9 576.6 769.7 836.2 635.6 639.1 870.4 866.8
155.9 164.8 160.7 158.9 163.7 166.2 168.5 164.7 511.6 625.2 694.8 743.9 772.7 852.3 870.3 945.3 943.4 1016.7 1081.6 1098.2 1151.0 1252.4 1222.1 1297.8 1365.6 1378.8 1350.0 1363.9 1393.1 1372.2 1372.2 1265.9 1223.8 1158.6 1130.8 1084.5 1009.3 800.8 635.2 578.4 534.4 375.4 78.8 61.3 -3.5 -8.2 -19.6 -24.4 -14.2 9.7 35.3 44.0 56.6 131.7 109.2 143.0 219.1 161.0 262.5 329.8 336.4 359.1 370.8 423.9 404.7 430.9 395.0 495.8 592.6 743.9 640.1 648.5 707.2 833.3 848.1
149.5 151.0 158.6 157.8 158.0 162.6 166.9 169.9 550.7 606.4 669.0 739.4 355.2 826.2 847.6 930.8 953.7 962.1 1000.4 1046.4 1131.6 1199.4 1230.0 1347.5 1360.1 1340.5 1378.8 1317.5 1358.2 1396.9 1372.2 1284.6 1100.3 1018.9 1039.9 1028.7 879.1 888.6 784.9 627.6 602.0 424.2 67.9 3.3 -20.1 -20.5 -14.4 -18.1 -17.8 7.2 27.3 53.4 65.4 57.3 47.3 141.3 113.3 163.5 251.5 325.2 316.5 340.0 324.2 341.4 339.8 332.6 357.6 476.2 518.6 535.1 544.6 570.7 677.1 785.5 653.0
147.0 146.0 148.6 152.8 144.7 157.6 167.3 160.6 206.7 581.0 664.7 739.5 342.3 337.2 824.1 860.0 899.4 964.8 973.6 1061.7 1087.6 1195.9 1247.4 1229.4 1244.5 1394.8 1356.1 1370.0 1378.2 1393.0 1383.8 1249.5 1058.0 945.8 916.8 870.6 811.2 784.8 839.9 765.5 707.1 498.5 336.0 -21.1 -26.2 -21.8 -6.7 -18.0 -12.7 6.1 25.0 49.1 72.0 63.8 57.1 97.8 108.1 266.9 302.9 324.9 294.6 292.5 297.6 277.5 238.1 373.5 402.8 460.3 512.8 418.7 487.7 461.8 645.1 638.9 637.6
147.3 146.6 147.7 150.0 150.3 150.0 162.6 159.0 204.1 589.5 630.1 650.4 687.0 340.7 363.2 798.8 794.5 880.6 980.3 962.5 1080.5 1053.8 1067.0 1107.6 1266.0 1399.5 1395.8 1351.4 1330.7 1324.6 1412.3 1274.1 1053.2 920.7 911.8 774.1 689.5 659.2 633.5 678.9 586.4 421.8 379.7 -20.8 -24.8 -20.6 -17.9 -20.0 -11.8 4.4 25.9 53.6 74.4 68.8 85.7 93.1 112.7 243.9 280.3 320.4 286.7 264.8 205.2 202.0 244.1 346.5 351.6 426.6 469.9 363.5 442.6 476.6 605.0 567.0 565.4
148.6 150.3 150.0 145.3 160.5 147.3 157.0 153.3 205.1 276.3 650.5 649.6 685.0 708.8 755.6 354.7 364.6 389.5 935.4 966.7 985.2 1068.2 1034.3 1034.2 1124.1 1247.9 1311.5 1387.1 1392.7 1408.3 1381.4 1312.6 1023.3 939.3 913.8 776.1 343.6 656.8 608.7 600.1 473.2 459.0 385.2 -20.3 -25.0 -23.9 -22.4 -18.6 -17.4 4.1 23.8 48.4 69.3 75.4 61.4 57.2 143.9 206.1 273.5 288.9 254.4 272.9 286.7 221.1 319.0 365.7 335.3 348.5 345.4 390.8 367.0 440.2 425.1 410.0 489.3
146.8 143.8 141.7 147.9 144.7 157.6 144.2 163.4 159.9 177.1 589.6 666.0 687.0 700.6 760.0 733.2 344.3 357.2 789.4 914.3 977.5 987.1 1015.1 1012.4 1009.2 1115.5 1236.2 1294.7 1337.7 1374.4 1358.9 1319.4 1028.8 942.5 923.6 844.4 345.0 283.3 504.0 637.2 447.0 426.3 275.8 -18.5 -27.2 -19.7 -27.3 -20.2 -17.7 22.8 26.7 42.9 54.5 75.3 66.0 56.4 51.9 94.9 188.8 226.2 156.4 303.6 269.9 242.8 213.6 305.5 289.1 297.8 263.6 297.0 373.8 431.1 365.8 435.7 446.2
150.3 146.6 143.4 146.8 143.2 148.3 143.6 149.4 159.8 156.8 215.1 595.3 289.1 291.2 341.9 708.9 677.1 343.8 797.3 857.1 918.2 922.9 995.7 982.8 1004.2 1084.8 1129.7 1149.4 1288.2 1328.5 1346.7 1308.4 1061.9 942.4 908.3 807.8 353.9 278.9 224.9 604.2 507.6 377.8 330.0 108.4 -27.7 -25.8 -14.8 -27.5 -12.3 3.8 21.9 23.4 49.2 58.1 62.4 56.7 46.5 43.0 125.4 116.3 109.3 231.9 229.2 173.1 152.7 178.1 210.5 -22.3 218.8 218.2 320.9 352.5 349.0 356.7 453.5
141.6 146.7 146.7 144.0 146.9 145.7 139.5 140.6 150.2 157.6 161.1 167.8 198.7 288.9 289.3 293.1 703.9 348.8 814.2 854.3 841.2 872.4 955.6 903.6 977.9 972.0 1015.9 1133.3 1253.4 1288.6 1302.6 1292.9 1141.1 984.4 918.6 825.2 353.6 277.0 218.0 482.3 518.4 367.8 278.8 39.9 -21.8 -29.7 -24.9 -27.7 -23.6 2.9 9.0 18.3 35.4 50.9 55.7 51.4 42.7 35.2 33.7 28.6 29.3 126.4 15.1 -3.0 -26.6 -26.9 -46.1 -39.4 -29.6 231.0 332.8 313.8 363.9 395.8 401.4
142.3 145.6 142.5 141.8 142.3 141.1 147.2 145.7 163.4 156.4 159.3 155.2 163.4 247.8 273.3 294.2 346.8 340.5 759.8 766.7 770.5 875.0 925.7 874.6 966.9 1015.6 1014.6 1111.5 1139.2 1202.6 1248.6 1233.5 1171.2 1049.6 916.5 829.4 762.6 280.5 223.1 151.8 421.5 401.8 276.3 10.5 -20.3 -33.7 -24.6 -29.7 -24.8 3.9 1.9 6.9 28.0 38.9 39.4 38.0 34.3 27.4 23.9 14.6 20.3 27.9 13.5 -4.1 -27.0 -45.0 -55.5 -51.6 -33.3 217.4 288.1 359.7 333.0 336.0 379.3
136.7 140.2 141.5 141.0 143.8 141.5 144.2 149.4 156.6 149.5 161.3 204.6 215.8 262.3 224.1 295.8 303.7 285.2 315.5 339.3 835.9 869.8 870.3 820.9 903.7 1006.0 1037.2 1031.5 1025.7 1108.1 1128.3 1143.3 1087.7 1085.8 934.5 888.7 769.3 553.8 220.9 171.2 150.1 313.2 236.8 -14.0 -21.9 -26.4 -28.1 -26.3 -23.8 -3.8 -2.1 4.5 20.1 26.2 29.8 34.6 28.3 25.5 23.8 15.5 12.0 6.1 -5.6 -11.1 -28.9 -42.0 -52.7 -53.3 -53.2 -48.6 215.3 296.5 312.4 354.3 372.5
141.7 144.6 141.2 139.8 140.3 141.2 137.1 146.2 170.4 149.5 152.6 159.7 204.8 258.8 202.9 233.4 275.4 257.7 287.9 288.3 311.4 789.2 878.5 881.6 872.0 872.4 1020.9 1032.3 1041.0 1078.3 1061.8 1047.0 1030.6 1088.4 946.2 878.9 798.5 613.2 589.5 172.3 147.4 298.9 239.1 218.2 212.9 -28.9 -28.6 -27.2 -25.5 -7.1 1.1 -3.5 4.7 12.3 15.3 10.8 8.9 4.0 -5.9 -19.5 -31.2 -39.4 -38.2 -38.5 -51.7 -55.5 -51.5 -58.8 -60.2 -54.2 -24.2 325.6 301.7 340.4 377.5
130.3 133.1 136.3 139.9 139.4 141.4 140.5 140.2 154.6 149.1 149.4 154.0 164.1 200.2 248.3 169.1 220.2 282.7 232.5 279.2 306.5 318.8 772.6 774.6 778.8 896.9 1004.9 1043.9 1020.2 1002.6 991.0 1026.0 972.8 1051.6 979.5 891.3 790.6 660.0 604.5 455.5 148.4 94.7 250.5 258.7 255.4 -31.8 -25.0 -30.2 -20.3 -1.8 -6.3 -11.6 -5.7 -0.7 -1.3 -4.4 -5.3 -19.3 -30.4 -55.4 -58.0 -74.7 -81.7 -99.5 -88.1 -75.9 -73.6 -69.9 -66.3 -68.8 -34.9 287.3 330.6 317.7 364.4
131.5 138.3 141.1 141.8 142.8 137.5 137.6 137.8 144.4 137.5 140.3 152.8 157.7 172.9 157.6 158.3 204.8 220.5 211.1 268.2 272.9 286.2 310.5 754.6 772.2 876.0 889.8 1006.0 1043.1 1021.0 986.6 1005.0 957.4 1000.1 1001.0 909.3 821.3 698.3 650.2 523.8 135.0 110.0 291.2 279.7 282.6 -31.2 -33.9 -29.9 -20.8 -5.1 -9.2 -22.4 -21.0 -13.2 -14.3 -16.3 -19.2 -33.9 -48.9 -72.2 -82.6 -90.8 -97.9 -107.7 -126.1 -105.6 -105.8 -92.5 -84.9 -75.4 -52.2 215.9 319.9 310.7 350.1
141.0 142.7 140.8 145.1 139.3 146.4 138.8 138.5 141.6 154.2 142.4 149.9 152.7 153.4 155.9 217.3 250.9 251.2 162.5 272.4 205.0 291.8 281.5 312.4 727.0 791.0 853.7 966.2 960.6 985.5 1002.8 943.6 938.6 932.7 984.9 953.1 867.3 749.8 685.2 576.3 430.9 100.1 81.7 293.0 291.8 -23.0 -20.7 -20.3 -1.2 -4.4 -7.3 -23.1 -25.2 -19.0 -2.0 -22.7 -27.7 -40.3 -54.5 -64.3 -76.9 -93.0 -114.0 -122.2 -128.0 -129.8 -142.7 -137.1 -103.0 -93.2 -58.3 -51.4 300.1 336.6 330.9
128.9 141.6 138.5 145.4 137.8 146.4 141.2 142.5 144.7 155.3 143.4 143.6 149.2 155.3 162.2 199.0 268.0 159.8 167.6 238.3 257.8 272.6 277.9 278.5 277.2 759.6 784.3 832.1 898.4 888.2 993.4 971.2 941.0 919.3 971.1 981.2 872.8 778.9 683.5 584.9 415.3 309.2 19.7 63.6 255.6 -21.6 -6.7 1.2 3.8 -1.6 -10.4 -25.4 -29.4 -26.0 -23.0 -28.5 -34.2 -39.2 -60.7 -62.5 -82.2 -90.4 -92.1 -113.7 -137.1 -148.6 -145.2 -138.6 -136.8 -124.2 -92.1 -60.4 -9.7 304.8 348.6
135.6 135.6 134.5 140.9 139.5 135.1 139.9 139.3 147.0 152.6 149.6 144.5 145.2 152.2 148.3 205.3 167.3 157.8 252.5 258.5 190.8 283.1 269.8 273.1 291.8 718.0 743.3 789.7 802.4 859.5 885.7 955.0 934.2 864.4 910.8 967.0 898.5 856.3 719.0 648.0 452.7 316.5 26.5 14.8 235.1 -17.9 8.0 8.4 8.5 8.5 -11.7 -22.8 -27.1 -14.4 -17.9 -23.0 -37.3 -42.9 -54.8 -66.0 -69.3 -83.4 -87.7 -89.7 -105.4 -135.9 -121.3 -144.6 -140.8 -134.7 -130.1 -92.8 -26.7 101.7 345.5
137.3 137.3 135.8 136.1 136.1 137.9 138.4 142.5 146.9 150.6 150.2 144.7 144.4 143.5 145.5 154.1 169.4 160.7 245.6 259.3 174.3 252.2 258.7 244.3 263.9 287.4 290.5 761.0 797.1 788.7 927.2 850.2 899.5 823.8 890.0 897.2 903.3 865.7 747.9 598.1 479.6 364.9 258.0 -2.9 -3.3 -11.6 7.0 14.0 13.1 14.6 -6.5 -15.0 -23.1 -16.0 -25.9 -21.3 -23.4 -36.2 -42.9 -52.4 -59.1 -58.2 -59.8 -71.9 -105.0 -115.0 -123.6 -135.1 -139.6 -143.6 -144.5 -122.0 -86.0 -35.1 119.0
133.5 133.6 133.1 136.1 136.7 134.4 136.2 137.2 140.5 142.8 151.2 146.5 146.4 147.9 147.4 144.6 150.3 166.3 221.7 214.9 169.7 214.1 162.2 258.6 241.3 254.1 262.2 671.9 736.5 765.7 788.3 792.4 794.1 800.8 689.1 782.9 852.2 793.3 736.4 544.2 525.7 413.2 314.6 245.4 -6.1 -14.1 -7.1 16.7 15.5 18.2 -5.6 -13.9 -21.2 -22.8 -27.5 -28.8 -34.1 -30.9 -42.1 -41.6 -37.9 -47.2 -57.3 -55.0 -88.2 -97.4 -112.2 -126.8 -129.8 -134.8 -136.3 -136.3 -102.1 -78.6 -37.6
