GSP_annual_reports_SON_2024_v1/GIS/SON_2023_Spring_Deep.tif
NCOLS 191
NROWS  209
XLLCORNER 6295515.91401
YLLCORNER 1783415.49397
CELLSIZE 1000.0
NODATA_VALUE -999
[rows 99 to 131 of 209, columns 0 to 74 of 191]
-999.0 -999.0 -999.0 -999.0 -999.0 -999.0 -999.0 -999.0 -999.0 -999.0 -999.0 -999.0 -999.0 539.2 554.9 401.1 658.7 553.3 559.4 644.3 637.3 334.1 342.1 394.1 375.3 350.9 278.4 314.3 342.8 324.8 254.8 283.2 227.8 216.5 211.1 207.2 206.0 198.6 213.4 219.2 211.2 205.3 204.1 205.6 205.0 204.4 205.4 201.0 206.1 201.8 200.8 199.1 198.2 194.5 191.2 190.0 189.3 188.9 179.2 179.3 179.3 175.9 176.5 176.8 176.6 183.8 185.6 188.2 201.8 205.1 205.3 203.8 206.6 208.4 195.6
-999.0 -999.0 -999.0 -999.0 -999.0 -999.0 -999.0 -999.0 -999.0 -999.0 -999.0 -999.0 -999.0 607.1 639.8 613.4 709.3 607.7 679.3 674.1 562.8 331.0 390.5 405.5 349.9 239.5 222.1 220.1 267.3 335.8 277.6 222.6 228.5 224.6 221.6 208.3 212.2 206.8 212.4 230.6 234.5 218.8 220.1 220.2 217.4 219.5 209.4 222.1 214.9 217.2 210.0 214.4 212.0 210.5 209.9 207.8 203.0 203.7 202.1 201.8 199.3 192.6 192.6 192.6 192.5 192.0 197.4 201.7 211.2 214.1 219.3 217.7 218.8 218.1 211.4
-999.0 -999.0 -999.0 -999.0 -999.0 -999.0 -999.0 -999.0 -999.0 -999.0 -999.0 -999.0 -999.0 685.8 719.9 763.5 773.9 744.6 742.9 735.6 655.3 350.4 389.3 397.3 332.8 348.3 330.3 213.8 208.2 229.0 209.3 210.0 204.3 203.8 199.8 200.9 206.0 206.8 205.2 206.2 215.6 218.6 218.5 211.8 210.7 211.6 209.7 218.5 205.9 209.6 207.2 209.2 204.5 203.9 202.5 202.5 199.9 199.2 193.6 193.0 193.3 192.7 192.6 192.6 182.0 182.0 186.8 189.1 201.8 205.6 208.3 205.0 207.3 212.0 211.2
-999.0 -999.0 -999.0 -999.0 -999.0 -999.0 -999.0 -999.0 -999.0 -999.0 -999.0 -999.0 -999.0 563.3 714.1 661.1 713.9 833.8 821.8 682.6 609.3 364.2 380.3 390.5 375.6 345.1 320.8 309.8 226.9 212.4 198.5 198.8 197.0 199.1 201.4 205.8 212.1 213.3 207.4 209.7 215.7 202.4 205.6 212.2 209.0 210.3 212.5 210.9 216.4 203.8 203.9 204.7 205.7 203.4 205.4 205.4 202.5 200.6 198.0 198.0 193.6 189.4 192.1 188.4 191.8 191.1 185.3 187.1 197.1 200.9 202.3 204.8 207.1 208.3 207.8
-999.0 -999.0 -999.0 -999.0 -999.0 -999.0 -999.0 -999.0 -999.0 -999.0 -999.0 -999.0 -999.0 544.4 631.4 574.9 683.8 819.5 804.8 836.1 823.3 770.1 751.0 396.2 390.6 377.8 373.4 330.5 305.6 226.9 200.0 261.2 204.2 197.7 213.5 276.1 256.3 220.3 214.6 213.7 215.7 211.9 201.7 207.6 202.0 200.3 207.2 207.6 213.9 213.0 203.2 200.7 204.8 205.5 204.2 207.7 203.2 203.9 200.0 198.4 196.9 194.2 196.0 193.6 191.6 190.1 188.1 191.1 195.1 198.5 202.3 204.7 205.0 204.5 209.6
-999.0 -999.0 -999.0 -999.0 -999.0 -999.0 -999.0 -999.0 -999.0 -999.0 -999.0 -999.0 -999.0 228.0 291.6 539.6 670.4 757.8 808.3 838.5 840.2 764.8 631.1 617.0 658.0 365.7 367.1 315.8 293.5 208.5 199.8 221.3 291.7 192.0 209.0 208.5 233.5 281.0 211.2 208.5 210.1 204.9 194.0 206.6 203.9 204.3 193.1 199.6 203.9 211.1 212.2 199.3 200.2 199.4 199.0 198.3 197.9 201.0 196.9 198.8 195.5 193.2 192.7 189.0 190.2 188.6 184.6 187.7 189.8 191.4 193.5 195.3 196.3 198.4 203.4
-999.0 -999.0 -999.0 -999.0 -999.0 -999.0 -999.0 -999.0 -999.0 -999.0 -999.0 -999.0 -999.0 202.7 202.2 227.4 516.4 581.9 634.1 657.9 777.0 652.0 568.9 526.9 542.2 558.2 329.2 327.8 253.7 320.5 203.1 215.9 295.4 234.2 192.0 206.1 202.6 205.6 233.8 253.7 250.4 239.7 205.3 202.7 208.8 206.0 203.5 205.2 195.8 200.4 198.6 207.5 200.7 203.3 197.3 196.9 199.3 196.7 196.0 197.6 196.0 195.8 191.5 189.9 187.7 186.9 186.6 187.5 188.0 187.5 190.0 192.0 192.9 201.1 202.2
-999.0 -999.0 -999.0 -999.0 -999.0 -999.0 -999.0 -999.0 -999.0 -999.0 -999.0 -999.0 -999.0 203.0 196.6 218.0 292.7 205.7 487.9 514.5 594.6 638.7 577.7 486.1 213.5 276.4 320.1 317.2 292.3 289.2 260.1 196.2 305.6 275.8 222.5 193.8 208.2 276.5 252.8 267.8 200.5 200.5 201.3 201.7 201.4 201.2 196.4 200.5 196.4 196.4 200.1 194.4 190.0 192.8 195.7 196.4 195.4 194.5 196.1 193.9 192.8 193.1 189.8 190.6 186.3 185.6 184.9 183.2 183.8 183.6 182.1 185.2 192.1 189.4 196.4
-999.0 -999.0 -999.0 -999.0 -999.0 -999.0 -999.0 -999.0 -999.0 -999.0 -999.0 -999.0 -999.0 -999.0 189.7 221.3 325.4 251.0 189.4 193.0 445.4 512.4 542.5 478.5 281.9 254.9 311.3 333.8 352.7 273.6 322.7 199.4 249.0 311.8 211.5 188.8 204.1 247.9 318.4 276.4 243.9 192.5 195.8 198.1 192.2 186.0 189.7 190.3 180.4 184.4 180.8 187.0 181.1 180.4 177.1 179.9 190.8 189.9 189.3 187.3 188.9 186.7 185.6 186.2 182.4 184.6 179.8 177.1 177.6 177.8 174.4 176.6 179.2 182.0 188.1
-999.0 -999.0 -999.0 -999.0 -999.0 -999.0 -999.0 -999.0 -999.0 -999.0 -999.0 -999.0 -999.0 -999.0 186.9 283.6 293.1 236.0 177.8 201.5 294.9 203.1 450.8 490.5 285.9 188.9 281.3 310.6 320.0 317.2 282.3 316.6 223.8 246.9 251.7 186.9 187.6 244.6 311.1 311.6 297.6 257.4 222.8 251.4 186.3 187.1 177.8 177.0 434.5 488.4 468.0 457.5 171.5 171.0 171.3 170.8 175.4 172.0 178.9 179.5 180.5 174.6 177.8 173.3 168.1 171.2 167.0 169.5 165.0 163.1 161.8 161.2 162.4 168.4 177.0
-999.0 -999.0 -999.0 -999.0 -999.0 -999.0 -999.0 -999.0 -999.0 -999.0 -999.0 -999.0 -999.0 -999.0 -999.0 238.4 197.6 182.7 181.3 240.7 322.0 280.9 239.9 172.8 176.1 178.9 181.0 199.0 311.2 321.6 349.0 325.6 309.7 269.5 276.1 215.0 236.6 248.8 318.9 329.4 310.7 278.5 317.1 313.2 205.6 207.1 199.2 172.9 485.9 535.3 493.0 556.7 497.4 474.9 436.3 460.6 181.1 171.3 172.6 172.7 177.0 179.7 179.1 175.5 175.7 167.8 169.6 171.7 168.3 164.9 164.4 164.9 163.8 165.1 174.4
-999.0 -999.0 -999.0 -999.0 -999.0 -999.0 -999.0 -999.0 -999.0 -999.0 -999.0 -999.0 -999.0 -999.0 -999.0 -999.0 195.1 171.7 173.0 216.6 314.9 312.0 203.9 182.2 168.7 167.8 172.1 172.6 193.4 188.3 235.0 343.8 365.6 312.2 306.7 305.8 198.0 193.8 245.9 300.8 319.1 312.2 312.2 300.6 301.2 281.2 181.5 176.4 187.1 556.2 532.8 560.3 559.6 506.7 466.7 460.8 476.7 512.8 172.3 171.7 171.4 167.1 173.9 174.7 175.8 172.7 173.6 172.8 163.5 162.0 159.0 159.1 162.3 165.4 172.2
-999.0 -999.0 -999.0 -999.0 -999.0 -999.0 -999.0 -999.0 -999.0 -999.0 -999.0 -999.0 -999.0 -999.0 -999.0 -999.0 -999.0 164.4 175.8 175.2 172.9 196.5 183.1 161.6 162.9 183.5 181.3 164.9 168.1 168.6 220.7 271.2 360.0 308.4 278.9 179.4 163.7 166.5 175.0 177.2 225.1 241.4 305.9 296.3 266.4 211.4 181.5 173.8 172.8 493.9 604.6 558.0 544.5 483.7 472.8 437.6 450.0 469.5 457.1 166.1 166.9 163.5 165.7 159.9 169.2 171.9 171.8 165.9 168.8 168.8 164.4 163.0 162.4 163.5 167.8
-999.0 -999.0 -999.0 -999.0 -999.0 -999.0 -999.0 -999.0 -999.0 -999.0 -999.0 -999.0 -999.0 -999.0 -999.0 -999.0 -999.0 -999.0 165.1 180.3 183.9 168.8 168.4 162.8 171.8 197.7 182.6 167.0 197.0 180.8 260.4 287.0 281.2 282.1 180.0 169.7 204.5 214.8 192.3 201.6 187.5 192.3 270.2 226.2 213.1 183.1 177.8 172.0 181.2 183.9 264.3 292.1 293.0 580.7 530.9 476.9 515.8 511.9 537.7 178.8 165.7 173.1 165.8 167.0 168.5 163.8 168.6 175.3 171.9 167.3 162.7 163.8 160.0 160.2 157.8
-999.0 -999.0 -999.0 -999.0 -999.0 -999.0 -999.0 -999.0 -999.0 -999.0 -999.0 -999.0 -999.0 -999.0 -999.0 -999.0 -999.0 -999.0 -999.0 -999.0 173.4 162.8 159.7 166.7 163.9 181.8 225.4 174.8 178.5 205.3 203.8 175.0 538.8 539.4 161.7 212.6 280.0 356.3 287.4 636.2 611.6 627.0 560.6 568.6 545.7 175.4 175.8 174.8 177.3 179.5 180.0 261.1 203.5 177.1 173.2 490.7 263.2 225.7 180.5 525.0 497.5 162.1 170.7 166.3 168.3 162.9 165.1 162.3 164.4 172.2 168.6 160.4 161.2 160.8 162.1
-999.0 -999.0 -999.0 -999.0 -999.0 -999.0 -999.0 -999.0 -999.0 -999.0 -999.0 -999.0 -999.0 -999.0 -999.0 -999.0 -999.0 -999.0 -999.0 -999.0 163.2 156.5 153.3 159.4 164.1 196.1 291.2 241.6 166.6 168.5 158.6 164.2 542.5 514.4 523.6 248.3 298.5 341.5 733.9 744.8 729.0 657.1 715.9 679.5 638.9 594.9 215.5 177.1 173.5 211.5 207.6 181.1 187.3 171.5 169.6 169.2 182.0 258.3 215.7 202.8 215.8 166.0 183.7 166.5 172.8 162.8 157.6 162.5 159.7 159.7 157.3 159.1 157.6 165.7 163.1
-999.0 -999.0 -999.0 -999.0 -999.0 -999.0 -999.0 -999.0 -999.0 -999.0 -999.0 -999.0 -999.0 -999.0 -999.0 -999.0 -999.0 -999.0 -999.0 -999.0 -999.0 157.8 161.0 162.1 177.6 203.1 231.0 301.2 212.9 164.0 160.3 160.3 158.9 482.6 557.7 233.2 284.8 350.1 371.4 371.2 752.8 723.8 740.6 734.6 736.6 719.7 638.9 564.4 182.5 273.6 269.7 205.2 172.2 172.8 168.7 174.8 190.8 286.1 261.3 213.9 174.9 169.2 176.4 172.2 169.3 160.1 158.0 157.4 159.7 159.1 159.7 159.7 157.3 155.2 158.4
-999.0 -999.0 -999.0 -999.0 -999.0 -999.0 -999.0 -999.0 -999.0 -999.0 -999.0 -999.0 -999.0 -999.0 -999.0 -999.0 -999.0 -999.0 -999.0 -999.0 -999.0 -999.0 155.9 159.6 162.3 156.9 164.1 173.2 179.3 156.1 153.8 155.0 156.4 155.9 557.3 294.7 346.0 362.0 355.8 303.3 287.6 299.5 299.0 633.9 673.0 670.6 731.3 649.1 614.9 278.7 298.6 213.4 174.6 169.7 166.8 169.5 171.7 214.8 295.8 251.1 195.4 170.5 258.1 193.0 170.9 153.7 153.5 154.6 155.2 157.0 157.0 159.1 159.1 157.6 155.5
-999.0 -999.0 -999.0 -999.0 -999.0 -999.0 -999.0 -999.0 -999.0 -999.0 -999.0 -999.0 -999.0 -999.0 -999.0 -999.0 -999.0 -999.0 -999.0 -999.0 -999.0 -999.0 -999.0 -999.0 156.4 156.5 160.2 156.2 157.7 154.7 157.2 156.5 160.5 173.1 157.2 577.6 284.5 369.3 352.6 740.6 590.1 277.6 310.2 277.2 309.9 586.4 663.1 750.9 666.0 666.2 316.0 273.6 241.9 204.0 168.8 174.4 167.9 175.9 273.4 306.0 267.3 228.3 272.7 169.9 156.6 167.4 166.9 154.9 153.6 156.7 158.0 157.8 157.6 154.5 154.5
-999.0 -999.0 -999.0 -999.0 -999.0 -999.0 -999.0 -999.0 -999.0 -999.0 -999.0 -999.0 -999.0 -999.0 -999.0 -999.0 -999.0 -999.0 -999.0 -999.0 -999.0 -999.0 -999.0 -999.0 -999.0 -999.0 156.8 153.5 153.7 157.3 177.9 166.2 194.8 281.7 232.5 175.5 591.0 687.8 619.8 661.2 619.9 671.1 642.9 621.0 264.2 238.2 287.2 734.8 739.1 731.4 734.9 310.3 278.4 203.3 171.0 220.7 182.9 166.4 184.7 239.4 286.7 227.2 174.3 161.7 170.9 203.7 182.2 166.2 156.4 156.9 156.8 157.0 156.9 154.7 162.9
-999.0 -999.0 -999.0 -999.0 -999.0 -999.0 -999.0 -999.0 -999.0 -999.0 -999.0 -999.0 -999.0 -999.0 -999.0 -999.0 -999.0 -999.0 -999.0 -999.0 -999.0 -999.0 -999.0 -999.0 -999.0 -999.0 -999.0 150.0 150.2 152.5 186.0 265.7 278.1 295.5 188.4 297.1 285.1 576.2 676.3 544.6 582.0 522.2 503.5 530.6 505.5 178.0 264.8 309.9 741.4 698.8 677.0 671.2 594.5 622.8 172.5 226.2 171.8 163.7 160.4 164.8 164.7 173.9 533.5 532.6 273.0 269.5 172.6 165.9 157.5 151.1 154.8 150.7 154.8 154.5 152.9
-999.0 -999.0 -999.0 -999.0 -999.0 -999.0 -999.0 -999.0 -999.0 -999.0 -999.0 -999.0 -999.0 -999.0 -999.0 -999.0 -999.0 -999.0 -999.0 -999.0 -999.0 -999.0 -999.0 -999.0 -999.0 -999.0 -999.0 -999.0 -999.0 154.5 153.5 160.9 235.9 213.2 169.6 180.5 295.1 167.5 535.1 541.8 558.3 659.6 664.3 622.3 302.5 274.0 284.7 307.6 313.0 653.6 724.5 614.4 622.7 615.9 596.6 531.9 212.8 169.8 164.5 159.0 157.5 157.9 167.5 568.6 617.0 616.5 168.1 163.2 164.5 150.4 151.4 150.7 152.2 152.5 151.6
-999.0 -999.0 -999.0 -999.0 -999.0 -999.0 -999.0 -999.0 -999.0 -999.0 -999.0 -999.0 -999.0 -999.0 -999.0 -999.0 -999.0 -999.0 -999.0 -999.0 -999.0 -999.0 -999.0 -999.0 -999.0 -999.0 -999.0 -999.0 -999.0 -999.0 -999.0 -999.0 157.6 163.9 161.1 163.4 247.6 167.5 158.3 151.8 586.9 653.2 745.8 734.5 663.3 306.7 214.1 295.4 216.4 284.1 582.3 563.0 236.2 187.1 226.1 182.0 165.5 161.4 157.7 163.4 159.9 152.7 161.2 163.0 558.4 675.3 619.4 209.5 167.5 153.6 152.1 157.7 156.9 154.0 149.3
-999.0 -999.0 -999.0 -999.0 -999.0 -999.0 -999.0 -999.0 -999.0 -999.0 -999.0 -999.0 -999.0 -999.0 -999.0 -999.0 -999.0 -999.0 -999.0 -999.0 -999.0 -999.0 -999.0 -999.0 -999.0 -999.0 -999.0 -999.0 -999.0 -999.0 -999.0 -999.0 -999.0 162.0 149.6 149.4 163.3 161.8 151.9 148.1 164.4 166.2 589.4 738.7 728.9 627.3 192.9 277.3 211.2 164.0 164.1 199.3 172.9 162.5 157.7 149.8 151.5 157.9 159.3 167.6 165.3 159.2 152.3 152.2 156.4 223.3 607.8 539.8 197.4 161.8 158.1 150.9 149.1 150.0 151.7
-999.0 -999.0 -999.0 -999.0 -999.0 -999.0 -999.0 -999.0 -999.0 -999.0 -999.0 -999.0 -999.0 -999.0 -999.0 -999.0 -999.0 -999.0 -999.0 -999.0 -999.0 -999.0 -999.0 -999.0 -999.0 -999.0 -999.0 -999.0 -999.0 -999.0 -999.0 -999.0 -999.0 -999.0 166.7 152.9 163.0 158.9 149.8 151.4 149.5 162.9 212.6 296.4 589.1 601.2 511.1 207.3 194.9 162.1 159.1 165.1 151.9 149.7 151.4 152.2 151.9 163.3 169.7 176.3 163.1 153.2 147.3 147.9 149.6 153.8 539.5 657.1 612.2 179.8 161.8 151.9 151.5 148.1 150.4
-999.0 -999.0 -999.0 -999.0 -999.0 -999.0 -999.0 -999.0 -999.0 -999.0 -999.0 -999.0 -999.0 -999.0 -999.0 -999.0 -999.0 -999.0 -999.0 -999.0 -999.0 -999.0 -999.0 -999.0 -999.0 -999.0 -999.0 -999.0 -999.0 -999.0 -999.0 -999.0 -999.0 -999.0 -999.0 -999.0 148.3 148.1 147.7 153.7 178.1 177.4 280.2 300.1 180.2 162.0 494.3 548.5 550.8 524.0 519.6 519.0 151.7 147.9 147.7 148.9 152.0 162.3 203.9 170.9 164.4 158.4 149.2 151.2 147.6 151.0 151.6 152.0 592.9 226.0 159.2 148.7 152.4 147.5 147.6
-999.0 -999.0 -999.0 -999.0 -999.0 -999.0 -999.0 -999.0 -999.0 -999.0 -999.0 -999.0 -999.0 -999.0 -999.0 -999.0 -999.0 -999.0 -999.0 -999.0 -999.0 -999.0 -999.0 -999.0 -999.0 -999.0 -999.0 -999.0 -999.0 -999.0 -999.0 -999.0 -999.0 -999.0 -999.0 -999.0 -999.0 -999.0 -999.0 176.3 239.0 277.8 626.2 593.1 289.1 572.4 501.7 529.1 549.3 542.9 539.7 501.2 501.2 143.9 143.9 145.2 145.2 160.3 161.7 158.0 149.9 154.2 145.3 146.5 145.5 144.8 144.1 144.6 149.0 151.0 151.4 149.0 152.2 148.3 148.1
-999.0 -999.0 -999.0 -999.0 -999.0 -999.0 -999.0 -999.0 -999.0 -999.0 -999.0 -999.0 -999.0 -999.0 -999.0 -999.0 -999.0 -999.0 -999.0 -999.0 -999.0 -999.0 -999.0 -999.0 -999.0 -999.0 -999.0 -999.0 -999.0 -999.0 -999.0 -999.0 -999.0 -999.0 -999.0 -999.0 -999.0 -999.0 -999.0 -999.0 -999.0 -999.0 633.4 562.9 632.6 563.4 508.5 519.0 516.1 518.5 558.0 598.7 553.9 152.4 146.5 145.5 150.4 159.3 159.9 153.7 150.4 147.8 146.5 144.5 144.6 141.1 140.7 140.6 142.0 145.6 150.5 147.0 146.9 145.7 146.1
-999.0 -999.0 -999.0 -999.0 -999.0 -999.0 -999.0 -999.0 -999.0 -999.0 -999.0 -999.0 -999.0 -999.0 -999.0 -999.0 -999.0 -999.0 -999.0 -999.0 -999.0 -999.0 -999.0 -999.0 -999.0 -999.0 -999.0 -999.0 -999.0 -999.0 -999.0 -999.0 -999.0 -999.0 -999.0 -999.0 -999.0 -999.0 -999.0 -999.0 -999.0 -999.0 -999.0 -999.0 571.5 539.4 152.8 149.8 146.1 149.6 150.2 162.7 166.9 154.7 148.8 155.5 154.2 164.6 167.6 178.8 167.6 152.2 153.5 150.3 146.0 142.4 142.0 142.1 142.7 143.1 142.8 141.5 142.4 144.1 142.8
-999.0 -999.0 -999.0 -999.0 -999.0 -999.0 -999.0 -999.0 -999.0 -999.0 -999.0 -999.0 -999.0 -999.0 -999.0 -999.0 -999.0 -999.0 -999.0 -999.0 -999.0 -999.0 -999.0 -999.0 -999.0 -999.0 -999.0 -999.0 -999.0 -999.0 -999.0 -999.0 -999.0 -999.0 -999.0 -999.0 -999.0 -999.0 -999.0 -999.0 -999.0 -999.0 -999.0 -999.0 -999.0 545.6 148.1 146.6 150.5 152.5 165.1 230.0 165.4 154.0 148.4 172.3 225.7 165.7 165.3 159.4 167.5 165.4 149.6 156.2 147.7 147.9 142.8 142.9 142.9 142.9 142.4 143.3 143.3 143.1 142.8
-999.0 -999.0 -999.0 -999.0 -999.0 -999.0 -999.0 -999.0 -999.0 -999.0 -999.0 -999.0 -999.0 -999.0 -999.0 -999.0 -999.0 -999.0 -999.0 -999.0 -999.0 -999.0 -999.0 -999.0 -999.0 -999.0 -999.0 -999.0 -999.0 -999.0 -999.0 -999.0 -999.0 -999.0 -999.0 -999.0 -999.0 -999.0 -999.0 -999.0 -999.0 -999.0 -999.0 -999.0 -999.0 150.1 150.4 153.9 154.7 159.3 181.2 265.8 170.0 151.0 177.9 182.9 181.8 265.8 169.6 159.5 160.5 172.0 168.7 154.4 154.7 150.5 150.0 145.4 144.6 145.0 144.6 144.3 145.3 145.2 145.4
-999.0 -999.0 -999.0 -999.0 -999.0 -999.0 -999.0 -999.0 -999.0 -999.0 -999.0 -999.0 -999.0 -999.0 -999.0 -999.0 -999.0 -999.0 -999.0 -999.0 -999.0 -999.0 -999.0 -999.0 -999.0 -999.0 -999.0 -999.0 -999.0 -999.0 -999.0 -999.0 -999.0 -999.0 -999.0 -999.0 -999.0 -999.0 -999.0 -999.0 -999.0 -999.0 -999.0 -999.0 151.9 155.0 161.1 159.2 163.2 162.2 198.0 228.2 173.7 187.9 178.0 246.5 298.2 176.4 172.9 208.9 161.5 152.4 164.0 164.0 156.1 155.6 152.5 152.4 146.8 146.4 148.2 165.8 146.9 147.1 148.4
-999.0 -999.0 -999.0 -999.0 -999.0 -999.0 -999.0 -999.0 -999.0 -999.0 -999.0 -999.0 -999.0 -999.0 -999.0 -999.0 -999.0 -999.0 -999.0 -999.0 -999.0 -999.0 -999.0 -999.0 -999.0 -999.0 -999.0 -999.0 -999.0 -999.0 -999.0 -999.0 -999.0 -999.0 -999.0 -999.0 -999.0 -999.0 -999.0 -999.0 -999.0 -999.0 -999.0 -999.0 156.1 155.6 165.5 205.3 218.3 251.7 275.7 224.2 260.8 269.7 180.5 290.0 253.6 165.1 168.1 167.0 165.7 166.0 159.2 153.5 155.0 160.9 144.3 145.5 144.5 144.5 145.6 154.1 146.5 144.8 144.5
