GSP_annual_reports_SON_2024_v1/GIS/SON_2023_Spring_Deep.tif
NCOLS 191
NROWS  209
XLLCORNER 6295515.91401
YLLCORNER 1783415.49397
CELLSIZE 1000.0
NODATA_VALUE -999
[rows 33 to 65 of 209, columns 75 to 149 of 191]
500.0 457.7 496.6 456.8 491.9 523.9 622.3 636.4 683.5 720.4 879.9 791.9 791.3 779.7 863.3 863.3 862.4 857.3 869.4 870.4 870.8 871.8 866.9 868.1 862.1 875.6 876.6 874.9 881.2 875.2 729.8 687.6 555.3 602.7 570.8 577.4 497.3 514.4 486.0 448.8 423.9 399.6 -999.0 -999.0 -999.0 -999.0 -999.0 -999.0 -999.0 -999.0 -999.0 -999.0 -999.0 -999.0 -999.0 -999.0 -999.0 -999.0 -999.0 -999.0 -999.0 -999.0 -999.0 -999.0 -999.0 -999.0 -999.0 -999.0 -999.0 -999.0 -999.0 -999.0 -999.0 -999.0 -999.0
430.0 489.2 526.8 450.2 530.7 457.6 594.4 689.7 743.5 780.5 767.1 828.4 821.4 886.8 876.3 863.3 850.3 862.4 868.0 870.1 874.7 871.8 874.3 881.9 877.6 886.1 886.8 885.1 846.5 754.3 755.0 726.5 709.2 713.9 757.2 696.5 604.1 663.6 675.1 498.3 451.7 403.5 401.0 -999.0 -999.0 -999.0 -999.0 -999.0 -999.0 -999.0 -999.0 -999.0 -999.0 -999.0 -999.0 -999.0 -999.0 -999.0 -999.0 -999.0 -999.0 -999.0 -999.0 -999.0 -999.0 -999.0 -999.0 -999.0 -999.0 -999.0 -999.0 -999.0 -999.0 -999.0 -999.0
507.0 461.2 488.8 440.7 453.7 457.8 606.4 738.7 843.1 837.7 828.0 836.2 832.0 882.1 878.9 873.9 863.3 863.3 867.3 862.9 867.4 851.8 873.9 880.3 881.9 871.9 894.9 894.5 896.5 891.3 860.1 874.2 829.2 825.5 816.7 787.4 694.2 699.3 664.8 537.3 448.1 438.2 387.3 435.3 -999.0 -999.0 -999.0 -999.0 -999.0 -999.0 -999.0 -999.0 -999.0 -999.0 -999.0 -999.0 -999.0 -999.0 -999.0 -999.0 -999.0 -999.0 -999.0 -999.0 -999.0 -999.0 -999.0 -999.0 -999.0 -999.0 -999.0 -999.0 -999.0 -999.0 -999.0
500.8 529.1 477.7 471.7 452.2 452.6 632.3 748.9 785.4 887.4 886.7 875.4 864.0 848.2 844.4 852.0 877.9 863.3 858.1 863.3 863.3 862.4 870.8 875.2 853.1 861.2 898.2 894.5 896.5 891.3 884.0 874.2 819.4 825.5 818.3 820.2 790.7 680.9 530.6 536.6 586.0 500.8 468.0 413.6 -999.0 -999.0 -999.0 -999.0 -999.0 -999.0 -999.0 -999.0 -999.0 -999.0 -999.0 -999.0 -999.0 -999.0 -999.0 -999.0 -999.0 -999.0 -999.0 -999.0 -999.0 -999.0 -999.0 -999.0 -999.0 -999.0 -999.0 -999.0 -999.0 -999.0 -999.0
570.2 508.7 553.7 460.5 423.4 581.2 491.0 530.8 506.8 771.2 773.0 827.9 755.0 846.8 878.0 792.5 827.8 872.3 851.7 850.3 863.3 841.9 820.5 783.8 872.9 848.2 881.9 881.6 873.6 878.2 869.9 865.1 817.6 818.4 800.7 792.5 740.1 702.7 793.2 741.1 661.4 611.9 540.8 478.8 398.1 -999.0 -999.0 -999.0 -999.0 -999.0 -999.0 -999.0 -999.0 -999.0 -999.0 -999.0 -999.0 -999.0 -999.0 -999.0 -999.0 -999.0 -999.0 -999.0 -999.0 -999.0 -999.0 -999.0 -999.0 -999.0 -999.0 -999.0 -999.0 -999.0 -999.0
581.8 546.0 587.2 429.5 434.3 476.6 489.2 486.1 694.7 663.7 689.9 736.4 695.9 791.0 829.0 781.3 765.7 784.0 756.6 846.4 796.9 829.9 766.2 869.8 874.5 888.6 889.3 885.5 886.4 872.9 861.2 859.9 822.1 809.4 810.8 785.3 788.8 813.1 786.1 774.5 769.5 659.1 539.6 467.3 426.2 -999.0 -999.0 -999.0 -999.0 -999.0 -999.0 -999.0 -999.0 -999.0 -999.0 -999.0 -999.0 -999.0 -999.0 -999.0 -999.0 -999.0 -999.0 -999.0 -999.0 -999.0 -999.0 -999.0 -999.0 -999.0 -999.0 -999.0 -999.0 -999.0 -999.0
635.5 595.9 510.5 425.1 453.7 472.7 468.0 628.4 611.1 637.8 615.8 639.1 660.9 719.7 784.7 715.8 745.0 700.9 829.1 812.7 760.0 826.8 789.8 778.3 874.5 888.0 888.7 889.5 889.6 873.7 877.9 870.0 820.9 819.3 802.5 782.6 777.7 812.0 787.7 757.2 736.6 739.4 660.3 656.2 477.9 -999.0 -999.0 -999.0 -999.0 -999.0 -999.0 -999.0 -999.0 -999.0 -999.0 -999.0 -999.0 -999.0 -999.0 -999.0 -999.0 -999.0 -999.0 -999.0 -999.0 -999.0 -999.0 -999.0 -999.0 -999.0 -999.0 -999.0 -999.0 -999.0 -999.0
620.3 603.5 524.0 444.3 461.4 468.3 469.8 661.9 611.5 660.1 594.1 623.3 596.5 631.2 631.4 619.9 616.5 710.8 785.0 769.2 734.2 736.2 782.7 845.5 881.9 853.0 888.7 887.2 899.6 884.0 882.4 866.4 824.1 814.3 800.3 786.7 782.7 807.0 786.7 759.3 731.6 693.4 675.9 643.4 657.5 467.8 -999.0 -999.0 -999.0 -999.0 -999.0 -999.0 -999.0 -999.0 -999.0 -999.0 -999.0 -999.0 -999.0 -999.0 -999.0 -999.0 -999.0 -999.0 -999.0 -999.0 -999.0 -999.0 -999.0 -999.0 -999.0 -999.0 -999.0 -999.0 -999.0
753.9 609.0 572.2 540.1 413.4 437.1 645.3 596.8 641.2 605.5 661.8 726.8 710.1 688.8 695.9 614.5 670.8 702.8 682.8 738.1 814.8 822.7 827.8 788.3 800.0 895.9 906.7 907.4 899.7 893.8 881.2 864.2 812.6 813.7 802.7 796.8 785.7 793.5 805.4 694.4 699.8 669.9 626.1 467.8 516.8 607.4 -999.0 -999.0 -999.0 -999.0 -999.0 -999.0 -999.0 -999.0 -999.0 -999.0 -999.0 -999.0 -999.0 -999.0 -999.0 -999.0 -999.0 -999.0 -999.0 -999.0 -999.0 -999.0 -999.0 -999.0 -999.0 -999.0 -999.0 -999.0 -999.0
840.6 699.0 619.0 530.3 447.5 595.1 589.4 574.5 646.9 631.9 666.3 649.5 725.9 754.8 718.5 639.4 728.0 742.3 780.9 802.4 883.4 890.2 883.0 890.7 884.9 898.1 898.8 898.3 902.2 903.3 897.1 880.3 840.0 823.5 819.4 815.0 782.3 791.2 788.2 699.6 700.6 625.7 546.7 446.4 459.1 396.1 396.7 -999.0 -999.0 -999.0 -999.0 -999.0 -999.0 -999.0 -999.0 -999.0 -999.0 -999.0 -999.0 -999.0 -999.0 -999.0 -999.0 -999.0 -999.0 -999.0 -999.0 -999.0 -999.0 -999.0 -999.0 -999.0 -999.0 -999.0 -999.0
840.9 791.4 639.4 599.2 550.1 451.5 456.1 453.1 467.9 634.5 658.2 734.6 690.5 803.3 813.1 718.8 777.1 811.7 863.9 850.3 892.1 889.9 881.9 896.9 904.0 908.2 906.7 902.4 906.6 901.9 897.1 869.9 825.0 826.7 811.1 820.5 798.7 807.9 785.8 704.7 723.3 666.6 567.0 509.1 500.1 468.7 427.2 -999.0 -999.0 -999.0 -999.0 -999.0 -999.0 -999.0 -999.0 -999.0 -999.0 -999.0 -999.0 -999.0 -999.0 -999.0 -999.0 -999.0 -999.0 -999.0 -999.0 -999.0 -999.0 -999.0 -999.0 -999.0 -999.0 -999.0 -999.0
756.1 878.4 728.6 617.9 561.6 425.7 474.5 462.0 437.5 491.9 683.2 721.5 807.8 712.3 760.3 822.5 852.3 895.6 900.8 893.4 893.4 893.1 895.9 903.2 900.9 920.4 910.5 914.4 911.4 807.0 903.1 882.5 839.1 830.1 840.6 830.7 818.9 822.9 821.6 793.2 736.8 671.6 618.2 620.4 652.9 527.0 462.9 -999.0 -999.0 -999.0 -999.0 -999.0 -999.0 -999.0 -999.0 -999.0 -999.0 -999.0 -999.0 -999.0 -999.0 -999.0 -999.0 -999.0 -999.0 -999.0 -999.0 -999.0 -999.0 -999.0 -999.0 -999.0 -999.0 -999.0 -999.0
751.6 807.0 745.7 630.0 587.2 448.9 449.6 437.9 472.4 481.1 729.1 749.2 822.1 810.3 749.2 756.8 821.3 829.8 807.1 840.8 804.2 897.0 899.1 912.9 906.8 920.6 916.6 915.7 918.2 914.1 749.2 886.3 840.6 847.0 823.0 811.2 796.3 796.4 784.2 718.5 692.4 715.0 706.0 686.7 681.5 556.6 485.7 385.5 -999.0 -999.0 -999.0 -999.0 -999.0 -999.0 -999.0 -999.0 -999.0 -999.0 -999.0 -999.0 -999.0 -999.0 -999.0 -999.0 -999.0 -999.0 -999.0 -999.0 -999.0 -999.0 -999.0 -999.0 -999.0 -999.0 -999.0
711.8 724.7 782.6 627.9 592.1 622.9 462.0 495.4 475.1 499.2 715.5 750.0 750.6 750.7 822.6 805.8 801.9 833.2 806.1 849.8 916.0 920.8 879.2 911.4 910.9 924.0 940.3 918.1 833.8 818.8 703.4 758.6 789.3 847.9 831.3 808.2 799.3 801.0 824.9 778.0 774.9 780.9 691.2 733.7 686.8 555.5 451.6 425.8 -999.0 -999.0 -999.0 -999.0 -999.0 -999.0 -999.0 -999.0 -999.0 -999.0 -999.0 -999.0 -999.0 -999.0 -999.0 -999.0 -999.0 -999.0 -999.0 -999.0 -999.0 -999.0 -999.0 -999.0 -999.0 -999.0 -999.0
626.4 638.9 724.9 621.4 635.7 637.9 617.5 471.5 470.7 470.7 503.0 688.9 725.9 773.7 823.8 831.4 888.4 939.3 932.7 917.8 927.8 929.5 930.4 938.1 937.8 952.1 949.4 937.5 798.3 798.0 713.8 810.3 817.3 906.4 850.4 832.8 809.4 811.8 794.2 734.5 749.8 695.8 684.8 694.6 673.9 479.5 482.0 394.5 -999.0 -999.0 -999.0 -999.0 -999.0 -999.0 -999.0 -999.0 -999.0 -999.0 -999.0 -999.0 -999.0 -999.0 -999.0 -999.0 -999.0 -999.0 -999.0 -999.0 -999.0 -999.0 -999.0 -999.0 -999.0 -999.0 -999.0
377.5 408.9 573.1 621.0 612.7 600.3 595.1 657.3 721.0 683.7 492.9 763.1 746.2 788.2 905.1 938.8 928.4 927.8 943.5 933.7 956.1 878.0 866.1 958.9 958.1 985.6 987.4 920.5 903.0 832.5 830.6 909.7 904.7 906.5 878.4 852.9 867.6 810.6 804.2 693.9 681.9 504.2 517.6 628.3 675.9 709.9 596.4 478.9 -999.0 -999.0 -999.0 -999.0 -999.0 -999.0 -999.0 -999.0 -999.0 -999.0 -999.0 -999.0 -999.0 -999.0 -999.0 -999.0 -999.0 -999.0 -999.0 -999.0 -999.0 -999.0 -999.0 -999.0 -999.0 -999.0 -999.0
380.4 384.4 496.2 603.7 615.9 640.2 658.8 619.0 644.1 679.4 699.1 710.1 772.2 823.3 870.9 879.4 928.5 925.9 954.5 938.4 962.1 899.2 878.8 852.4 895.3 886.0 916.8 1000.0 953.2 769.6 867.8 974.5 919.1 913.5 902.2 874.0 891.1 862.3 880.8 787.4 703.6 590.7 408.1 411.1 411.8 491.5 674.0 521.9 -999.0 -999.0 -999.0 -999.0 -999.0 -999.0 -999.0 -999.0 -999.0 -999.0 -999.0 -999.0 -999.0 -999.0 -999.0 -999.0 -999.0 -999.0 -999.0 -999.0 -999.0 -999.0 -999.0 -999.0 -999.0 -999.0 -999.0
383.5 388.7 358.5 514.0 689.5 798.9 705.7 649.7 663.7 648.7 652.4 751.7 740.9 754.1 760.4 823.1 890.9 927.7 938.9 948.3 955.3 974.7 912.9 889.5 791.6 724.2 727.3 802.8 885.9 716.9 850.1 816.8 836.9 925.9 914.5 880.8 883.8 902.7 854.6 747.7 702.8 458.9 628.3 536.6 343.9 363.2 540.5 499.6 500.7 -999.0 -999.0 -999.0 -999.0 -999.0 -999.0 -999.0 -999.0 -999.0 -999.0 -999.0 -999.0 -999.0 -999.0 -999.0 -999.0 -999.0 -999.0 -999.0 -999.0 -999.0 -999.0 -999.0 -999.0 -999.0 -999.0
373.1 383.9 387.4 530.7 608.2 740.5 775.7 729.5 744.7 797.5 745.2 731.2 822.6 776.8 814.8 830.9 834.8 920.6 954.5 969.4 957.3 986.1 1011.7 904.9 931.9 882.1 804.1 718.5 699.4 828.3 797.7 727.8 834.2 922.2 870.5 880.5 860.8 876.3 821.0 768.4 708.4 733.5 680.3 565.8 418.4 308.2 313.3 346.6 330.4 351.9 372.9 -999.0 -999.0 -999.0 -999.0 -999.0 -999.0 -999.0 -999.0 -999.0 -999.0 -999.0 -999.0 -999.0 -999.0 -999.0 -999.0 -999.0 -999.0 -999.0 -999.0 -999.0 -999.0 -999.0 -999.0
365.1 370.4 358.3 404.9 662.1 634.7 609.5 632.6 722.7 753.7 800.4 784.0 847.7 856.7 840.3 869.8 893.9 930.0 870.4 854.6 865.8 915.1 1001.1 848.4 844.7 952.2 833.2 719.0 718.4 837.7 913.5 784.2 707.1 822.7 861.2 881.2 877.8 899.4 863.3 796.3 770.8 835.4 735.0 484.4 313.0 363.5 491.8 366.5 371.5 359.3 336.4 333.6 -999.0 -999.0 -999.0 -999.0 -999.0 -999.0 -999.0 -999.0 -999.0 -999.0 -999.0 -999.0 -999.0 -999.0 -999.0 -999.0 -999.0 -999.0 -999.0 -999.0 -999.0 -999.0 -999.0
354.8 358.9 363.4 362.9 378.8 522.8 612.3 624.3 737.9 751.7 742.0 799.4 894.8 896.4 897.8 898.1 908.7 852.1 835.7 785.0 820.7 918.5 915.5 898.4 707.5 859.4 814.5 719.1 839.5 938.9 909.9 891.7 831.6 890.0 911.2 879.8 864.1 859.9 872.4 851.4 886.1 807.9 783.3 377.7 414.3 645.9 698.4 547.0 571.2 579.7 496.7 438.4 341.3 -999.0 -999.0 -999.0 -999.0 -999.0 -999.0 -999.0 -999.0 -999.0 -999.0 -999.0 -999.0 -999.0 -999.0 -999.0 -999.0 -999.0 -999.0 -999.0 -999.0 -999.0 -999.0
332.9 340.8 351.8 369.5 368.9 568.2 611.8 652.6 765.7 724.0 719.5 789.6 890.8 825.8 799.1 797.5 785.3 735.9 754.4 673.2 715.6 747.4 731.7 710.9 790.7 721.9 754.1 629.7 820.4 843.7 877.6 897.8 927.1 922.3 909.6 881.5 860.1 896.7 845.6 824.6 807.3 791.1 722.2 569.9 519.4 689.6 724.2 710.9 721.5 598.7 510.7 369.6 339.6 338.3 -999.0 -999.0 -999.0 -999.0 -999.0 -999.0 -999.0 -999.0 -999.0 -999.0 -999.0 -999.0 -999.0 -999.0 -999.0 -999.0 -999.0 -999.0 -999.0 -999.0 -999.0
323.7 335.5 346.9 360.3 379.5 380.4 532.8 559.7 641.3 627.3 725.7 731.7 748.0 740.6 751.7 641.5 630.6 624.9 648.2 623.4 633.4 517.9 552.2 592.5 695.3 611.4 723.6 728.3 682.0 716.9 845.4 858.3 878.7 901.0 829.4 839.1 862.1 870.3 845.6 865.4 821.4 783.7 782.6 745.4 727.0 765.7 807.6 802.1 724.1 693.9 504.3 350.8 420.2 346.3 376.2 -999.0 -999.0 -999.0 -999.0 -999.0 -999.0 -999.0 -999.0 -999.0 -999.0 -999.0 -999.0 -999.0 -999.0 -999.0 -999.0 -999.0 -999.0 -999.0 -999.0
319.8 329.1 339.9 345.0 365.2 354.4 407.9 468.8 506.5 603.4 726.5 694.0 751.3 725.0 616.4 587.2 566.6 556.1 473.3 529.5 568.4 649.8 671.5 686.9 640.7 864.8 920.6 755.2 727.6 918.8 896.7 844.3 784.2 820.1 871.2 884.2 828.5 858.6 861.9 824.5 836.8 782.6 790.7 805.9 806.8 816.7 808.5 813.9 726.7 687.0 526.2 475.6 368.2 371.1 438.6 452.0 399.0 370.2 -999.0 -999.0 -999.0 -999.0 -999.0 -999.0 -999.0 -999.0 -999.0 -999.0 -999.0 -999.0 -999.0 -999.0 -999.0 -999.0 -999.0
314.1 322.8 331.8 330.5 360.2 371.0 380.2 369.2 383.2 411.3 506.4 582.4 567.7 615.1 498.8 463.3 452.4 558.3 618.6 737.7 747.9 710.7 780.0 791.4 754.0 873.4 977.9 862.4 918.4 999.1 994.9 973.2 860.8 913.5 971.7 898.6 852.1 849.9 863.7 863.4 836.9 820.3 807.9 805.4 809.4 818.5 817.7 811.6 739.7 730.6 563.2 507.7 373.3 416.2 609.6 524.6 476.0 397.5 418.9 -999.0 -999.0 -999.0 -999.0 -999.0 -999.0 -999.0 -999.0 -999.0 -999.0 -999.0 -999.0 -999.0 -999.0 -999.0 -999.0
310.6 316.0 336.5 329.3 335.1 359.3 362.1 374.2 394.0 376.2 403.9 394.8 420.5 469.9 487.7 598.1 605.9 616.1 601.0 613.7 743.3 901.8 849.0 902.8 907.0 854.1 859.6 910.6 935.0 984.2 1000.1 961.4 919.3 914.2 903.9 871.4 852.1 849.9 839.1 864.3 811.4 807.9 807.9 810.6 809.4 836.0 824.4 824.1 814.5 728.3 664.9 573.1 569.0 573.2 621.2 622.9 618.3 510.1 438.0 406.2 -999.0 -999.0 -999.0 -999.0 -999.0 -999.0 -999.0 -999.0 -999.0 -999.0 -999.0 -999.0 -999.0 -999.0 -999.0
313.3 315.1 333.3 347.7 335.1 353.3 360.8 392.7 382.7 377.8 380.8 373.5 397.1 435.4 482.1 502.7 503.0 553.3 637.2 774.3 720.3 749.1 841.2 784.7 865.7 924.8 923.6 927.0 940.8 950.9 993.6 952.3 936.9 914.1 892.0 866.8 854.3 853.8 864.4 815.9 809.3 826.3 810.3 805.9 809.4 830.0 826.4 830.3 829.6 742.2 731.8 702.8 711.1 714.9 710.5 686.9 673.4 531.2 444.0 422.7 386.3 -999.0 -999.0 -999.0 -999.0 -999.0 -999.0 -999.0 -999.0 -999.0 -999.0 -999.0 -999.0 -999.0 -999.0
312.9 334.0 356.5 363.8 347.5 360.4 371.7 361.8 377.3 369.9 400.2 387.2 381.4 480.8 503.1 505.1 497.6 562.4 685.1 788.1 698.3 747.3 654.8 732.2 863.1 846.9 915.0 923.9 920.1 923.1 920.8 942.3 895.3 920.3 909.8 876.4 846.2 845.0 840.6 819.1 815.5 859.4 860.3 808.4 811.4 830.0 826.8 833.2 835.8 832.1 813.8 800.2 719.5 791.4 696.1 597.0 604.4 523.2 449.3 405.3 394.2 352.0 -999.0 -999.0 -999.0 -999.0 -999.0 -999.0 -999.0 -999.0 -999.0 -999.0 -999.0 -999.0 -999.0
416.3 425.7 426.4 463.5 434.3 439.0 358.8 365.8 388.4 365.6 391.4 396.3 376.2 394.9 430.2 529.2 518.5 565.2 597.3 685.5 666.5 615.4 577.5 664.1 724.9 812.0 911.6 910.8 913.9 913.5 913.7 905.4 858.8 904.1 912.0 884.6 906.4 844.0 834.9 810.4 805.5 811.6 813.2 808.4 849.1 820.1 823.8 833.2 835.8 875.1 857.2 813.8 811.3 722.2 701.1 543.2 489.5 548.8 465.7 439.4 361.1 342.8 359.0 -999.0 -999.0 -999.0 -999.0 -999.0 -999.0 -999.0 -999.0 -999.0 -999.0 -999.0 -999.0
451.1 465.4 488.3 341.5 346.0 437.3 430.8 433.0 366.3 387.5 375.4 376.3 382.6 403.2 408.9 431.2 544.8 523.3 595.3 625.8 691.5 532.6 616.5 737.5 886.2 904.5 856.8 840.9 912.2 909.2 908.2 890.3 850.2 851.7 846.0 842.0 853.5 844.8 831.7 837.2 806.3 815.0 812.1 808.9 809.9 820.9 828.1 847.8 835.8 854.2 834.0 818.9 811.0 813.4 757.2 690.4 478.2 524.7 584.0 486.1 379.8 379.8 374.0 -999.0 -999.0 -999.0 -999.0 -999.0 -999.0 -999.0 -999.0 -999.0 -999.0 -999.0 -999.0
492.5 424.5 459.2 438.7 355.7 465.5 468.3 442.9 425.1 367.8 354.1 367.0 374.9 402.4 411.2 395.0 409.0 427.1 476.3 603.7 524.8 579.1 743.6 756.3 784.0 897.3 751.2 817.4 867.6 907.1 905.5 885.5 843.4 847.5 836.3 821.3 820.0 831.5 873.8 822.1 803.9 812.1 812.1 814.1 822.8 880.2 825.2 892.0 835.2 835.8 837.9 847.4 815.5 814.0 729.9 728.0 692.7 416.6 415.7 539.5 421.3 383.2 345.9 -999.0 -999.0 -999.0 -999.0 -999.0 -999.0 -999.0 -999.0 -999.0 -999.0 -999.0 -999.0
438.3 511.2 485.8 472.4 339.1 389.5 504.0 530.6 497.5 427.6 366.3 365.3 377.4 393.1 407.8 414.0 426.0 448.5 443.0 442.2 570.7 615.8 674.3 708.0 802.5 808.2 693.6 761.7 849.8 886.7 904.1 882.3 838.7 841.9 828.2 815.0 747.8 821.0 816.7 811.4 745.8 830.6 813.4 811.8 810.4 820.9 826.3 829.8 837.3 837.8 835.8 835.8 825.6 813.4 745.7 724.2 723.9 514.0 359.0 373.0 518.5 380.9 350.0 308.4 -999.0 -999.0 -999.0 -999.0 -999.0 -999.0 -999.0 -999.0 -999.0 -999.0 -999.0
483.7 483.7 485.7 486.2 339.1 382.2 562.1 532.0 564.2 454.8 422.5 388.2 383.5 405.9 397.5 411.4 422.0 437.5 435.9 440.9 495.0 534.3 546.2 621.2 684.6 743.3 602.3 633.2 780.9 732.1 874.5 870.4 829.4 833.6 827.7 767.8 713.1 721.6 740.8 734.5 786.3 758.4 861.3 811.5 810.4 820.6 841.9 832.2 834.7 834.8 876.4 837.4 880.6 828.6 818.5 739.4 740.9 425.0 547.5 346.1 319.7 308.9 304.7 324.5 -999.0 -999.0 -999.0 -999.0 -999.0 -999.0 -999.0 -999.0 -999.0 -999.0 -999.0
