GSP_annual_reports_SON_2024_v1/GIS/SON_2023_Fall_Shallow.tif
NCOLS 191
NROWS  209
XLLCORNER 6295515.91401
YLLCORNER 1783415.49397
CELLSIZE 1000.0
NODATA_VALUE -999
[rows 99 to 131 of 209, columns 75 to 149 of 191]
265.3 269.3 273.5 274.7 299.5 571.1 633.0 631.0 743.6 812.7 554.2 880.6 870.5 937.6 1060.9 1040.7 1101.5 1081.8 1163.0 1157.9 1180.6 1181.4 1183.9 1202.2 1200.0 1223.1 1226.4 1202.4 1167.3 1138.2 962.2 750.8 644.0 592.2 581.0 518.8 506.4 428.7 377.1 260.1 227.6 239.4 317.3 344.5 263.3 337.4 251.4 250.2 274.2 419.0 463.5 659.0 757.2 751.6 762.9 759.5 728.9 856.4 867.6 881.7 881.6 877.1 883.6 888.1 912.9 917.2 919.2 897.7 971.3 955.1 921.3 965.9 970.5 893.6 828.2
288.3 280.0 285.8 287.7 305.6 540.0 609.5 641.6 752.2 802.9 873.7 888.4 893.4 966.1 1037.9 1108.5 1184.1 1185.8 1186.4 1185.8 1185.8 1190.5 1189.1 1197.4 1205.2 1228.3 1229.9 1234.9 1199.1 1166.5 1068.4 825.5 623.3 656.1 625.7 541.7 501.5 506.3 430.2 268.3 231.4 338.1 253.8 253.9 268.5 238.0 301.7 276.4 295.2 381.8 431.9 531.5 698.7 639.6 739.9 724.4 698.0 872.5 866.6 819.7 886.3 884.0 885.3 889.8 907.8 917.6 923.8 796.2 817.4 916.9 840.5 908.1 972.7 924.9 833.9
270.4 272.7 278.0 287.9 325.1 527.2 622.5 644.6 678.7 807.0 857.2 885.4 888.1 928.2 950.6 1031.9 1042.3 1112.0 1194.2 1156.1 1194.2 1195.0 1190.2 1203.3 1208.6 1234.2 1237.5 1247.9 1195.5 1001.1 910.7 829.5 778.6 681.6 637.5 570.7 518.8 515.0 419.6 253.3 256.9 230.5 216.4 203.7 220.4 174.8 221.3 224.7 239.0 347.9 417.2 473.2 597.7 504.0 597.8 688.7 661.8 721.2 860.2 748.5 747.1 894.8 911.5 889.7 898.0 922.4 928.6 936.9 824.1 795.2 825.4 859.3 871.4 893.1 842.1
277.0 272.2 270.3 296.8 312.7 337.4 630.3 639.7 691.8 814.3 893.9 866.1 896.9 891.8 894.4 978.8 1085.1 1123.0 1201.4 1161.7 1203.7 1200.6 1201.2 1207.2 1214.2 1237.6 1239.8 1255.2 1245.8 1090.7 877.1 906.4 793.3 786.4 656.7 567.4 518.5 452.8 438.0 324.6 253.3 195.6 196.4 195.7 223.5 168.3 160.5 220.5 230.8 255.6 356.7 407.4 403.6 408.6 661.4 539.4 526.4 641.0 689.4 717.7 707.6 876.2 888.1 895.9 852.3 910.1 935.9 933.6 812.2 806.5 777.9 804.2 807.6 827.8 809.0
276.3 271.2 271.2 278.2 366.9 326.4 371.5 648.8 682.5 683.3 737.8 851.0 884.9 887.4 937.9 991.8 1074.7 1085.6 1219.8 1199.7 1169.9 1218.9 1221.2 1228.9 1197.9 1245.6 1258.1 1271.3 1275.2 1188.2 975.8 998.0 957.7 875.5 687.1 586.6 514.3 506.9 486.2 360.1 295.7 240.2 204.0 188.5 189.2 165.4 178.0 157.5 220.4 222.4 289.6 392.1 455.8 513.5 549.3 501.4 426.0 482.0 578.4 677.2 679.8 739.1 755.0 909.5 746.5 825.8 928.6 884.3 903.4 810.1 696.9 738.2 679.7 721.0 622.6
272.0 272.9 317.8 331.8 298.1 341.2 357.6 378.0 683.4 805.1 895.5 918.0 906.9 891.4 908.3 993.7 1062.9 1096.1 1212.6 1227.2 1211.6 1232.8 1232.8 1241.1 1253.4 1267.3 1272.1 1276.9 1283.5 1245.0 1204.2 1010.7 905.5 830.7 793.5 724.0 635.7 500.8 496.6 351.8 327.6 286.7 220.6 228.1 161.9 157.1 162.1 141.9 145.0 209.6 310.3 398.1 403.9 419.9 490.6 390.8 402.0 447.7 652.9 659.9 596.4 657.9 714.0 783.8 719.1 768.2 844.7 786.1 969.2 840.6 766.9 622.3 621.4 555.1 591.5
270.3 276.2 310.3 309.7 360.8 301.5 382.0 394.8 655.2 722.7 844.4 924.1 912.2 985.2 1058.3 1128.3 1115.0 1115.0 1158.6 1218.9 1243.1 1221.7 1239.1 1250.5 1260.0 1263.6 1283.7 1294.6 1294.6 1272.4 1263.2 1195.5 1007.6 880.7 800.0 771.1 692.9 578.6 510.4 341.4 324.7 287.0 311.8 228.9 156.1 164.0 153.4 139.9 145.9 203.2 235.4 266.9 252.7 387.2 393.4 382.4 481.4 520.9 635.8 657.6 508.8 588.6 668.0 683.6 691.9 730.0 751.6 769.3 956.8 818.8 771.3 726.1 681.3 603.5 561.7
266.8 274.4 276.1 278.0 283.7 357.8 310.3 352.6 403.9 690.6 734.0 834.5 894.7 933.1 938.4 1001.7 1109.8 1238.1 1076.2 1166.2 1245.7 1249.4 1251.6 1258.2 1267.0 1294.8 1284.2 1295.7 1302.3 1302.3 1275.5 1213.4 1140.2 957.7 800.6 764.5 697.8 558.4 524.8 370.1 340.1 257.8 222.3 202.3 152.2 168.8 129.2 140.3 132.6 198.6 199.8 314.2 387.5 385.2 392.3 389.3 425.2 564.3 630.4 578.9 474.8 507.3 492.4 533.5 670.9 716.5 660.0 749.1 783.5 807.4 795.6 863.8 796.4 759.2 774.8
264.6 271.9 277.4 282.9 287.0 295.6 308.6 329.1 379.1 406.1 695.2 696.7 825.5 897.9 936.7 942.5 982.1 1012.4 1076.2 1249.1 1248.4 1249.4 1251.6 1253.2 1247.8 1286.1 1288.6 1309.7 1300.1 1300.6 1283.9 1230.2 1141.4 984.1 893.7 836.8 662.9 577.4 507.2 476.6 302.5 263.7 215.6 186.1 154.3 160.5 124.9 120.7 126.1 152.0 201.6 321.3 370.4 373.9 386.3 380.7 428.9 492.4 577.4 672.3 559.7 411.4 459.6 544.2 580.7 601.0 769.8 719.4 747.7 821.3 843.6 858.4 834.6 804.0 858.7
252.6 258.4 267.2 276.3 281.1 288.7 311.0 578.1 357.0 405.3 679.6 713.1 752.8 867.4 890.1 948.5 935.7 994.9 1126.2 1265.2 1276.4 1272.9 1229.8 1281.2 1282.4 1299.2 1288.6 1318.9 1316.9 1323.6 1316.2 1249.8 1156.9 1141.9 975.6 899.5 741.8 609.5 502.9 423.8 319.3 257.7 253.9 198.6 148.1 123.3 107.6 111.5 128.4 133.3 169.9 218.6 340.5 351.7 356.5 353.8 441.9 466.6 512.4 664.0 495.6 405.7 417.4 507.4 507.9 625.3 769.5 758.1 717.8 824.4 1007.8 850.9 920.0 836.8 840.3
251.4 255.1 512.8 548.6 586.2 582.9 598.9 653.8 656.5 663.2 670.6 732.1 726.2 939.3 901.4 991.8 984.6 1032.1 1152.8 1278.1 1273.3 1282.4 1278.5 1295.2 1267.8 1305.4 1316.3 1322.5 1333.1 1324.5 1322.0 1252.2 1169.0 1148.4 1119.0 962.6 831.2 666.2 535.6 456.4 429.1 287.1 236.4 190.1 154.7 126.3 125.9 119.3 129.6 141.3 144.9 191.7 247.3 268.0 363.6 347.0 349.5 448.5 578.2 564.0 417.3 528.6 416.4 439.6 484.2 566.2 581.7 718.5 680.4 824.7 858.3 801.7 1017.7 825.4 841.6
248.5 495.2 511.8 592.0 585.7 609.1 652.4 651.2 667.7 715.0 711.1 746.9 819.8 937.5 942.1 962.6 995.2 995.7 1056.3 1242.6 1273.3 1278.5 1292.5 1252.7 1281.1 1318.8 1316.3 1324.5 1326.3 1324.5 1323.7 1256.1 1170.8 1153.2 1117.2 1092.2 856.6 731.7 565.8 513.6 420.0 376.0 269.9 208.8 141.2 96.0 148.7 112.6 102.6 120.1 133.0 154.5 237.0 195.7 333.7 332.8 353.6 406.3 353.7 351.2 389.8 438.0 464.5 416.6 488.7 509.7 578.9 661.3 768.8 799.0 850.9 785.2 844.4 846.0 855.7
498.4 498.1 519.2 585.8 601.7 615.2 544.7 604.0 676.4 674.7 714.2 747.5 852.1 915.5 901.1 942.8 1016.2 1061.0 1120.6 1194.0 1262.2 1294.3 1244.6 1300.4 1297.0 1320.0 1320.0 1330.1 1308.9 1308.6 1334.9 1272.8 1182.8 1158.9 1118.1 1089.2 845.2 670.6 593.7 486.3 433.9 394.4 294.7 186.4 153.4 128.3 120.5 101.2 91.4 95.9 118.9 132.2 105.9 139.1 277.2 304.1 337.8 342.2 323.8 410.8 438.9 608.5 521.7 629.8 599.0 685.9 521.7 681.0 757.0 798.3 818.0 721.0 826.4 917.4 843.8
245.0 540.5 533.6 297.0 286.9 301.9 285.4 608.0 306.3 657.2 740.7 769.5 788.2 857.2 956.9 973.3 991.1 1065.7 1118.9 1190.0 1257.0 1267.6 1307.5 1320.6 1322.2 1346.9 1323.1 1337.5 1355.1 1359.0 1327.6 1286.8 1201.6 1177.6 1138.3 1046.1 821.2 653.5 526.2 506.6 457.1 397.8 332.4 168.0 134.5 111.3 121.0 126.5 76.5 86.8 109.2 118.9 126.4 219.4 182.2 268.6 320.8 310.2 317.0 329.2 409.8 548.4 435.5 578.8 608.6 621.1 460.4 465.5 712.7 783.2 847.2 705.7 679.1 863.9 836.2
239.5 247.4 264.3 260.6 253.0 270.5 270.8 289.9 296.3 655.2 764.7 789.5 832.4 957.3 904.7 978.3 980.7 1013.1 1122.2 1138.4 1180.9 1190.6 1298.4 1312.7 1332.9 1352.2 1358.9 1351.6 1357.3 1365.4 1362.5 1301.5 1205.2 1184.7 1124.7 1072.6 871.4 683.6 589.1 536.6 442.3 369.8 248.1 153.9 143.8 129.8 118.9 117.7 74.9 86.3 94.8 112.7 108.2 134.2 156.0 205.1 300.7 293.1 296.8 330.6 419.9 380.6 382.9 498.2 552.0 486.1 442.1 500.2 560.5 751.8 815.3 609.5 609.8 843.9 852.9
237.8 253.4 245.3 245.0 252.4 268.5 269.5 267.2 565.4 654.1 717.5 766.4 798.9 868.9 889.3 962.2 976.8 1024.5 1090.6 1097.1 1153.3 1249.0 1231.1 1308.4 1363.4 1377.1 1353.4 1367.2 1391.5 1372.3 1372.3 1280.3 1216.3 1155.3 1120.3 1079.1 998.4 791.2 619.7 571.8 535.8 399.0 217.8 199.1 169.1 146.4 114.8 104.0 95.9 84.9 102.2 102.5 119.3 114.6 115.6 132.4 241.4 177.0 274.6 329.2 326.7 337.2 372.4 428.0 395.8 416.8 392.7 467.8 592.7 736.7 618.5 638.3 688.6 806.2 822.9
233.6 238.8 249.8 248.8 248.2 263.4 263.2 272.1 590.1 634.2 691.1 752.9 440.9 839.5 876.6 954.4 984.3 988.5 1017.2 1054.1 1133.7 1201.8 1228.4 1345.2 1357.9 1345.7 1377.1 1329.8 1361.5 1394.6 1372.3 1289.2 1100.4 1022.0 1028.2 1018.1 875.3 871.6 785.7 631.5 600.2 441.6 210.1 151.5 144.0 114.8 121.5 99.4 87.3 104.4 87.6 98.5 110.9 122.2 124.0 133.8 116.9 173.6 270.1 323.9 315.4 328.7 327.6 346.3 341.2 341.0 365.4 472.0 515.7 526.9 505.1 526.1 662.1 761.4 621.1
227.2 233.7 234.5 240.8 233.4 247.4 266.2 266.9 283.9 619.4 694.5 758.0 426.5 432.1 861.4 877.5 918.3 978.0 994.1 1062.8 1096.1 1192.0 1243.5 1227.2 1238.7 1392.0 1358.9 1372.8 1377.8 1390.9 1383.3 1244.3 1049.3 964.2 911.8 867.2 802.6 781.3 851.5 780.1 718.9 478.1 378.3 129.6 115.4 104.5 116.3 91.7 85.6 102.5 88.1 85.0 109.9 124.3 123.9 123.6 123.7 288.4 309.1 330.3 306.7 304.3 308.9 256.5 213.1 371.7 399.1 453.4 509.7 424.3 476.3 463.2 627.0 609.2 609.6
234.2 227.8 228.1 235.3 234.9 235.3 271.6 261.2 302.1 631.5 669.5 685.2 722.1 432.8 446.2 818.9 819.4 890.3 982.4 985.6 1080.0 1064.5 1081.6 1109.3 1265.9 1394.8 1391.6 1353.2 1330.5 1324.3 1403.6 1265.7 1050.2 926.9 899.4 750.5 661.0 631.5 625.3 678.1 586.7 442.9 416.8 123.0 107.3 95.6 102.9 89.0 87.6 97.3 89.5 94.7 96.3 117.7 120.8 123.1 119.4 263.6 298.1 322.8 301.6 278.2 189.8 180.3 221.6 352.7 362.6 402.7 436.2 362.6 438.1 459.1 597.0 524.0 521.2
236.4 225.2 235.3 226.0 247.5 230.8 253.2 243.8 293.3 371.6 679.7 681.6 705.0 727.8 765.0 432.3 462.6 474.7 947.5 979.6 1005.4 1074.4 1049.3 1049.0 1123.2 1244.1 1304.8 1382.8 1388.5 1403.2 1374.3 1305.1 1025.1 941.7 899.5 757.0 438.6 614.6 581.3 578.8 481.2 456.9 415.1 141.6 87.5 95.9 92.0 72.2 75.4 94.6 81.0 86.3 83.8 104.9 99.5 110.6 147.4 228.0 296.3 305.2 267.8 284.9 293.6 206.8 312.6 355.8 337.9 348.4 346.4 396.8 368.2 431.7 425.8 425.5 474.3
218.1 222.4 222.1 221.5 222.8 243.7 228.8 267.1 251.1 279.9 627.0 689.7 709.5 724.5 775.4 751.1 425.4 434.9 812.1 923.6 998.6 1008.5 1030.7 1030.2 1028.0 1125.4 1233.0 1289.2 1332.1 1368.4 1354.2 1313.3 1029.2 939.6 915.4 825.9 428.4 375.0 512.8 636.7 474.6 445.1 321.2 131.8 81.3 102.7 84.6 53.3 61.2 83.5 73.7 72.5 78.0 95.0 92.1 102.9 88.7 113.7 197.7 236.7 163.3 312.8 285.4 231.9 186.2 297.0 272.0 280.4 248.0 292.8 382.2 430.7 376.3 439.2 452.6
230.3 222.3 221.4 221.6 222.0 240.3 228.6 241.2 254.5 254.3 299.9 629.4 377.5 379.6 424.9 731.8 700.6 429.7 826.4 874.1 931.2 939.3 1016.2 1005.3 1024.3 1092.8 1140.0 1149.3 1280.7 1324.7 1341.6 1303.8 1064.6 953.4 903.0 791.1 424.0 354.7 347.7 587.2 505.0 420.5 377.4 233.8 79.2 86.5 80.2 48.4 77.0 70.4 86.4 56.1 70.0 70.6 87.4 87.6 63.9 61.7 121.3 121.2 118.2 241.6 240.4 150.5 139.6 162.4 187.1 101.2 195.5 197.3 326.7 362.9 355.5 365.0 445.6
218.3 217.1 218.5 219.6 218.3 217.6 217.4 220.8 231.1 242.1 266.1 266.5 291.4 380.9 379.3 382.4 725.4 439.0 834.1 872.5 860.4 890.7 971.2 924.4 990.4 998.6 1034.7 1141.1 1252.0 1279.0 1298.2 1286.8 1141.1 990.3 909.8 801.3 426.6 377.5 338.5 499.6 507.1 414.7 323.6 187.5 100.3 82.7 83.7 62.8 49.2 69.7 74.0 61.8 68.0 67.5 76.2 70.0 66.0 75.8 65.0 69.4 73.9 126.3 85.0 83.4 84.8 87.8 89.6 92.4 92.2 204.1 328.2 302.9 374.2 407.5 407.4
226.1 223.5 219.7 218.8 217.7 218.4 224.6 227.7 253.7 254.0 247.8 241.8 266.0 325.4 361.3 376.8 437.8 421.9 779.8 784.6 783.0 892.7 943.6 893.6 974.6 1036.3 1035.8 1114.5 1135.0 1201.4 1239.5 1225.7 1163.9 1046.1 920.0 816.4 716.5 353.9 307.2 266.3 468.2 433.5 314.1 160.9 68.3 82.3 86.1 63.7 48.3 72.7 64.5 65.0 65.2 66.9 62.0 69.2 68.5 66.4 66.2 66.6 71.5 81.7 73.6 84.4 79.6 84.9 79.7 85.8 91.3 197.4 278.1 367.3 346.1 343.1 387.4
210.3 216.2 218.6 217.0 221.1 216.9 230.8 232.2 257.7 234.8 257.9 284.2 287.5 339.6 299.3 370.3 396.4 376.0 403.6 433.0 854.0 886.2 883.4 849.0 919.0 1018.6 1050.9 1050.2 1037.6 1108.2 1126.4 1142.3 1077.9 1083.0 939.1 889.9 721.4 544.1 330.6 284.3 283.8 354.3 277.5 124.4 77.3 90.0 85.6 65.9 57.6 71.3 62.1 61.0 63.4 65.5 69.1 67.6 72.8 68.9 61.7 55.8 61.6 57.0 56.5 77.8 83.3 79.2 82.6 77.3 83.2 84.7 189.7 280.4 315.3 357.4 382.7
229.7 217.2 216.6 218.5 219.3 218.2 221.6 231.6 265.2 233.0 237.6 264.4 286.9 328.2 286.8 307.9 367.9 344.2 373.8 373.4 408.8 804.8 888.9 887.5 886.4 885.5 1026.1 1039.4 1048.4 1066.8 1051.9 1043.7 1018.0 1076.9 939.8 873.0 757.6 572.7 544.5 307.1 255.7 335.3 277.6 233.0 199.6 83.0 90.4 72.2 68.0 80.7 69.8 60.5 63.3 67.8 68.2 68.6 69.7 66.7 67.3 67.4 65.8 64.5 60.4 67.7 67.8 81.4 75.3 80.9 80.1 80.8 114.7 307.7 293.2 341.3 371.3
210.2 212.4 214.5 217.4 222.5 232.0 222.2 226.9 249.3 244.3 243.9 250.3 261.5 292.1 320.7 267.3 300.8 373.2 319.7 364.8 387.0 408.2 789.7 792.8 797.9 903.5 1006.2 1049.9 1025.3 1004.6 998.0 1021.9 966.3 1038.1 968.3 893.9 750.5 600.3 548.6 480.6 257.3 224.9 283.8 283.2 270.7 88.7 90.5 91.5 69.0 76.2 72.5 64.6 67.2 68.0 65.0 66.9 64.9 61.4 62.6 63.8 67.3 64.1 62.7 59.7 62.1 69.6 63.9 78.7 75.3 80.3 94.3 274.6 315.4 301.8 357.4
208.7 235.4 223.7 218.7 224.2 219.9 220.8 219.7 228.9 218.6 226.3 242.6 248.4 274.8 263.4 255.5 292.2 303.7 298.0 355.2 364.8 375.2 408.6 773.5 787.1 887.2 892.6 1001.4 1049.2 1025.7 980.3 1006.0 951.2 989.9 993.8 904.9 797.6 639.6 591.5 514.9 249.1 227.1 327.8 311.4 306.4 83.9 86.3 84.4 70.1 69.1 65.7 62.1 65.7 62.5 60.1 60.9 58.8 57.1 56.8 53.0 58.4 55.8 64.2 64.9 63.7 58.9 64.6 66.4 77.5 65.7 86.1 199.4 317.1 302.2 348.7
221.2 237.9 217.3 226.0 231.8 227.0 217.3 220.1 216.5 248.7 225.1 233.8 239.3 239.1 250.9 290.8 323.7 331.8 267.3 365.6 296.7 368.4 371.2 404.8 747.2 806.0 865.0 969.6 962.3 981.7 1009.0 934.0 927.5 927.4 979.2 945.1 863.9 721.4 628.6 524.4 464.3 212.2 206.5 314.0 309.9 73.6 77.4 64.5 70.6 66.0 63.3 63.7 63.5 59.6 59.9 55.4 54.3 51.5 51.1 49.0 47.8 44.4 49.2 52.9 61.1 62.5 66.2 64.9 62.1 64.1 83.7 88.4 300.0 331.3 325.0
203.6 225.9 215.1 221.7 214.7 225.7 216.3 215.9 234.7 251.5 221.8 220.1 233.3 253.1 267.0 293.6 340.7 266.3 268.6 316.3 337.3 357.3 360.0 367.9 367.5 771.2 798.0 842.1 899.8 893.1 1004.8 975.9 921.5 901.9 965.6 973.5 872.7 764.6 643.1 533.4 456.7 349.6 177.7 182.8 272.1 63.4 69.0 65.3 61.6 52.1 56.2 59.1 58.5 52.0 49.4 50.0 49.0 42.0 46.3 39.8 51.2 46.3 37.8 39.0 43.6 50.8 56.0 62.4 64.6 66.2 63.9 79.6 117.5 310.9 335.1
201.6 204.6 205.6 208.2 207.9 207.0 209.1 208.9 212.7 245.3 226.6 219.3 221.1 229.2 224.4 295.1 267.8 243.5 331.7 335.5 276.6 368.0 353.4 356.5 370.9 743.4 761.0 800.4 812.8 865.6 888.4 948.2 908.9 847.8 900.3 960.3 893.4 847.2 677.9 609.5 477.3 366.3 165.7 156.9 231.7 61.1 63.8 60.4 46.1 48.0 52.7 53.6 52.3 44.2 41.8 41.1 42.8 40.2 41.0 42.8 38.7 39.8 39.8 39.1 35.4 34.6 32.7 41.7 49.9 58.6 62.1 66.3 94.5 194.3 334.2
198.1 198.1 199.7 199.7 202.6 204.6 204.3 206.6 212.1 224.3 213.6 214.7 213.2 216.4 216.8 244.3 268.0 251.0 318.3 332.8 265.8 320.3 317.4 317.4 329.1 367.4 378.0 776.6 806.0 798.2 925.6 855.0 873.8 794.5 860.0 886.8 888.9 864.4 731.9 562.6 488.8 402.5 298.0 120.3 134.1 62.5 57.8 54.2 44.1 45.5 47.8 49.1 49.0 40.3 40.0 35.6 33.3 34.2 34.9 32.4 31.4 32.6 32.0 31.6 34.4 33.0 34.0 33.3 38.6 42.3 46.4 56.9 65.1 94.0 219.1
194.3 193.7 200.9 195.8 198.4 198.9 201.4 202.4 206.2 208.2 218.6 209.7 209.8 211.1 209.6 209.8 221.6 251.9 298.1 289.5 252.3 290.7 247.9 319.0 314.0 322.7 343.9 693.1 760.5 777.3 795.6 804.5 792.6 784.6 688.2 747.3 823.3 762.9 697.8 535.7 509.6 441.1 350.6 260.3 79.2 73.4 58.9 54.6 42.8 42.1 43.1 46.7 44.1 40.6 36.5 33.9 31.4 26.8 25.2 24.0 25.1 26.1 27.7 28.1 27.8 28.4 25.4 27.9 32.3 30.5 34.8 49.4 49.1 64.4 91.7
