GSP_annual_reports_SON_2024_v1/GIS/SON_2022_Spring_Shallow.tif
NCOLS 191
NROWS  209
XLLCORNER 6295515.91401
YLLCORNER 1783415.49397
CELLSIZE 1000.0
NODATA_VALUE -999
[rows 0 to 32 of 209, columns 0 to 74 of 191]
-999.0 -999.0 -999.0 -999.0 -999.0 -999.0 -999.0 -999.0 -999.0 -999.0 -999.0 -999.0 -999.0 -999.0 -999.0 -999.0 -999.0 -999.0 -999.0 -999.0 -999.0 -999.0 -999.0 -999.0 410.4 393.4 427.8 433.1 461.3 412.6 382.9 391.6 401.5 431.4 -999.0 -999.0 -999.0 -999.0 -999.0 -999.0 -999.0 -999.0 -999.0 -999.0 -999.0 -999.0 -999.0 -999.0 -999.0 -999.0 -999.0 -999.0 -999.0 -999.0 -999.0 -999.0 -999.0 -999.0 -999.0 -999.0 -999.0 -999.0 -999.0 -999.0 -999.0 -999.0 -999.0 -999.0 -999.0 -999.0 -999.0 -999.0 -999.0 -999.0 -999.0
-999.0 -999.0 -999.0 -999.0 -999.0 -999.0 -999.0 -999.0 -999.0 -999.0 -999.0 -999.0 -999.0 -999.0 -999.0 -999.0 -999.0 -999.0 -999.0 -999.0 -999.0 -999.0 446.6 393.8 403.3 423.1 427.0 468.6 459.4 465.1 400.9 389.4 391.3 403.1 415.5 475.2 516.5 566.8 -999.0 -999.0 -999.0 -999.0 -999.0 -999.0 -999.0 -999.0 -999.0 -999.0 -999.0 -999.0 -999.0 -999.0 -999.0 -999.0 -999.0 -999.0 -999.0 -999.0 -999.0 -999.0 -999.0 -999.0 -999.0 -999.0 -999.0 -999.0 -999.0 -999.0 -999.0 -999.0 -999.0 -999.0 -999.0 -999.0 -999.0
-999.0 -999.0 -999.0 -999.0 -999.0 -999.0 -999.0 -999.0 -999.0 -999.0 -999.0 -999.0 -999.0 -999.0 -999.0 -999.0 -999.0 -999.0 -999.0 -999.0 323.9 446.9 487.2 477.4 428.8 389.3 402.8 391.6 407.0 411.0 454.5 418.2 403.6 392.1 416.2 488.1 512.3 545.0 514.6 480.7 404.6 383.1 -999.0 -999.0 -999.0 -999.0 -999.0 -999.0 -999.0 -999.0 -999.0 -999.0 -999.0 -999.0 -999.0 -999.0 -999.0 -999.0 -999.0 -999.0 -999.0 -999.0 -999.0 -999.0 -999.0 -999.0 -999.0 -999.0 -999.0 -999.0 -999.0 -999.0 -999.0 -999.0 -999.0
-999.0 -999.0 -999.0 -999.0 -999.0 -999.0 -999.0 -999.0 -999.0 -999.0 -999.0 -999.0 -999.0 -999.0 -999.0 -999.0 -999.0 -999.0 -999.0 304.9 308.9 324.3 484.9 500.8 522.5 559.7 529.4 473.5 452.0 402.7 412.2 508.7 475.9 425.1 390.3 422.1 490.3 536.6 516.3 460.9 417.7 386.3 412.7 353.5 -999.0 -999.0 -999.0 -999.0 -999.0 -999.0 -999.0 -999.0 -999.0 -999.0 -999.0 -999.0 -999.0 -999.0 -999.0 -999.0 -999.0 -999.0 -999.0 -999.0 -999.0 -999.0 -999.0 -999.0 -999.0 -999.0 -999.0 -999.0 -999.0 -999.0 -999.0
-999.0 -999.0 -999.0 -999.0 -999.0 -999.0 -999.0 -999.0 -999.0 -999.0 -999.0 -999.0 -999.0 -999.0 -999.0 -999.0 -999.0 -999.0 289.9 309.4 302.7 325.1 435.8 475.1 515.4 597.7 601.0 633.9 504.7 391.3 451.4 528.3 530.9 477.9 410.2 393.0 455.3 507.5 529.7 505.1 451.0 400.9 392.7 393.7 331.7 345.2 -999.0 -999.0 -999.0 -999.0 -999.0 -999.0 -999.0 -999.0 -999.0 -999.0 -999.0 -999.0 -999.0 -999.0 -999.0 -999.0 -999.0 -999.0 -999.0 -999.0 -999.0 -999.0 -999.0 -999.0 -999.0 -999.0 -999.0 -999.0 -999.0
-999.0 -999.0 -999.0 -999.0 -999.0 -999.0 -999.0 -999.0 -999.0 -999.0 -999.0 -999.0 -999.0 -999.0 -999.0 -999.0 -999.0 -999.0 292.9 290.0 300.5 320.3 321.6 330.7 450.2 455.6 493.8 439.9 432.1 455.2 501.8 531.5 625.5 562.8 566.4 447.7 417.8 468.3 531.9 515.6 457.0 409.6 394.7 349.3 349.3 336.6 347.4 346.8 -999.0 -999.0 -999.0 -999.0 -999.0 -999.0 -999.0 -999.0 -999.0 -999.0 -999.0 -999.0 -999.0 -999.0 -999.0 -999.0 -999.0 -999.0 -999.0 -999.0 -999.0 -999.0 -999.0 -999.0 -999.0 -999.0 -999.0
-999.0 -999.0 -999.0 -999.0 -999.0 -999.0 -999.0 -999.0 -999.0 -999.0 -999.0 -999.0 -999.0 -999.0 -999.0 -999.0 -999.0 308.0 301.8 301.8 292.7 287.6 289.7 290.8 323.2 396.7 407.1 413.6 413.5 429.6 502.3 531.9 596.4 619.9 613.8 577.8 421.6 443.7 483.5 536.3 455.6 414.3 404.5 315.9 326.0 328.6 343.7 343.0 346.4 -999.0 -999.0 -999.0 -999.0 -999.0 -999.0 -999.0 -999.0 -999.0 -999.0 -999.0 -999.0 -999.0 -999.0 -999.0 -999.0 -999.0 -999.0 -999.0 -999.0 -999.0 -999.0 -999.0 -999.0 -999.0 -999.0
-999.0 -999.0 -999.0 -999.0 -999.0 -999.0 -999.0 -999.0 -999.0 -999.0 -999.0 -999.0 -999.0 -999.0 -999.0 -999.0 317.9 316.5 308.2 308.7 326.3 303.4 303.8 287.7 289.7 400.6 432.6 453.5 462.9 446.8 516.0 594.4 633.8 686.7 576.8 504.7 449.3 410.5 409.0 472.7 499.4 427.4 412.7 335.0 334.2 333.8 327.6 344.2 354.6 389.3 -999.0 -999.0 -999.0 -999.0 -999.0 -999.0 -999.0 -999.0 -999.0 -999.0 -999.0 -999.0 -999.0 -999.0 -999.0 -999.0 -999.0 -999.0 -999.0 -999.0 -999.0 -999.0 -999.0 -999.0 -999.0
-999.0 -999.0 -999.0 -999.0 -999.0 -999.0 -999.0 -999.0 -999.0 -999.0 -999.0 -999.0 -999.0 -999.0 -999.0 317.3 324.4 319.6 318.7 316.1 315.5 308.4 308.0 320.1 310.9 369.7 364.4 484.5 527.4 508.0 502.0 504.4 552.4 699.9 588.8 531.4 494.6 422.7 411.6 408.7 465.6 417.7 409.9 350.8 341.2 340.9 403.4 391.7 337.2 346.2 -999.0 -999.0 -999.0 -999.0 -999.0 -999.0 -999.0 -999.0 627.9 675.0 686.4 690.9 678.0 586.7 581.3 506.4 529.6 472.9 468.3 -999.0 -999.0 -999.0 -999.0 -999.0 -999.0
-999.0 -999.0 -999.0 -999.0 -999.0 -999.0 -999.0 -999.0 -999.0 -999.0 -999.0 -999.0 -999.0 -999.0 -999.0 317.3 317.3 317.3 319.5 317.3 314.4 316.1 308.0 308.0 308.0 322.6 415.1 418.8 461.4 593.0 551.2 528.9 533.1 658.9 675.1 535.7 486.4 426.3 408.3 394.9 412.7 418.5 425.4 407.0 343.5 371.4 377.2 416.9 379.8 345.8 371.2 -999.0 -999.0 -999.0 -999.0 434.4 451.2 449.6 565.2 613.2 682.3 761.4 776.9 702.0 592.2 556.1 532.9 560.3 538.3 485.3 529.0 -999.0 -999.0 -999.0 -999.0
-999.0 -999.0 -999.0 -999.0 -999.0 -999.0 -999.0 -999.0 -999.0 -999.0 -999.0 -999.0 -999.0 -999.0 319.4 319.6 317.3 317.3 317.3 319.2 315.3 317.3 317.8 316.1 308.0 308.4 356.1 426.2 466.3 455.5 601.0 609.2 677.4 698.5 668.5 576.5 520.4 460.8 464.8 478.5 490.8 490.2 431.7 401.2 333.6 369.5 400.1 424.8 420.5 403.8 366.8 419.8 -999.0 424.3 436.3 426.7 429.8 482.1 465.0 658.8 675.3 697.4 753.0 755.2 692.8 536.9 533.0 627.6 580.0 504.2 514.5 529.2 -999.0 -999.0 -999.0
-999.0 -999.0 -999.0 -999.0 -999.0 -999.0 -999.0 -999.0 -999.0 -999.0 -999.0 -999.0 -999.0 -999.0 320.2 320.7 321.4 319.6 317.3 317.3 317.0 317.3 317.3 317.3 317.8 317.9 335.9 386.4 437.0 464.8 480.8 576.3 593.8 597.8 656.8 591.7 539.9 530.2 531.1 544.9 532.9 529.9 490.7 409.8 349.8 342.0 411.9 364.6 415.7 365.6 371.0 385.1 381.7 431.1 424.1 442.5 431.1 444.9 453.9 588.7 635.5 741.5 790.9 790.5 692.8 606.0 533.8 698.0 654.0 512.1 506.8 558.7 667.5 -999.0 -999.0
-999.0 -999.0 -999.0 -999.0 -999.0 -999.0 -999.0 -999.0 -999.0 -999.0 -999.0 -999.0 -999.0 -999.0 320.2 320.2 333.4 320.7 319.6 320.0 313.3 317.3 317.3 319.0 316.7 337.9 360.6 353.1 398.6 449.4 471.6 463.9 467.8 565.9 646.6 655.9 625.3 585.0 564.1 538.6 515.9 499.0 457.4 446.9 407.9 341.8 336.2 423.3 408.6 427.5 379.4 384.2 366.7 401.0 425.5 450.4 464.7 455.7 489.9 490.2 653.2 695.1 699.9 812.1 699.9 600.9 534.5 675.5 589.6 520.9 537.2 523.4 535.5 550.1 -999.0
-999.0 -999.0 -999.0 -999.0 -999.0 -999.0 -999.0 -999.0 -999.0 -999.0 -999.0 -999.0 -999.0 -999.0 469.3 320.2 330.6 320.1 320.2 320.2 319.5 319.6 317.3 322.6 315.5 329.9 337.4 339.4 345.2 379.4 411.0 436.9 456.0 449.2 452.0 455.8 621.4 555.1 533.4 538.3 550.1 532.3 501.0 424.2 407.9 327.3 335.2 394.1 363.6 395.1 366.9 366.9 395.6 395.5 407.9 431.0 452.3 484.7 486.7 541.2 526.2 666.7 704.0 736.8 704.0 696.6 593.6 666.1 665.0 632.3 509.4 498.9 513.8 523.4 520.1
-999.0 -999.0 -999.0 -999.0 -999.0 -999.0 -999.0 -999.0 -999.0 -999.0 -999.0 -999.0 -999.0 -999.0 350.3 320.7 320.2 320.7 320.2 320.2 320.2 321.3 319.6 319.8 319.3 319.1 328.7 333.2 345.3 356.2 434.0 435.6 446.4 414.3 421.5 446.3 450.3 576.8 529.2 532.1 524.1 565.5 522.5 489.4 469.6 420.5 331.4 332.2 372.1 398.6 362.9 391.8 429.7 445.2 417.2 449.2 425.2 478.9 507.7 540.5 538.4 540.5 760.6 695.1 711.2 777.4 701.8 680.9 553.2 615.1 523.1 515.1 513.4 512.0 516.4
-999.0 -999.0 -999.0 -999.0 -999.0 -999.0 -999.0 -999.0 -999.0 -999.0 -999.0 -999.0 -999.0 -999.0 322.0 320.2 320.2 320.2 320.2 322.9 334.4 322.0 320.2 322.0 319.8 320.3 321.9 330.3 345.3 351.0 385.6 380.2 426.4 395.0 391.0 391.3 451.4 453.8 528.3 490.8 517.3 522.9 500.2 445.0 479.2 485.3 459.3 330.0 365.7 362.1 360.7 414.5 393.8 430.2 427.1 452.7 427.8 452.0 453.8 470.6 533.6 576.6 570.1 790.9 822.2 785.9 709.3 678.5 655.8 665.2 537.3 508.5 512.9 507.5 524.6
-999.0 -999.0 -999.0 -999.0 -999.0 -999.0 -999.0 -999.0 -999.0 -999.0 -999.0 -999.0 -999.0 -999.0 480.9 322.0 320.2 320.2 320.7 331.3 319.5 321.8 320.2 320.5 320.4 319.2 333.0 334.0 337.7 348.0 355.3 384.7 427.5 373.3 437.9 453.6 428.4 421.9 407.3 461.1 503.1 496.5 506.0 488.0 464.6 518.5 489.2 442.3 375.9 340.3 413.0 366.0 371.8 444.2 452.0 468.7 486.7 485.7 534.8 469.7 500.6 542.8 585.2 839.2 799.3 831.1 790.1 738.1 691.4 578.6 522.8 512.8 500.2 509.2 517.4
-999.0 -999.0 -999.0 -999.0 -999.0 -999.0 -999.0 -999.0 -999.0 -999.0 -999.0 -999.0 -999.0 -999.0 481.0 471.7 320.2 320.2 320.2 321.2 322.7 330.6 320.2 320.7 320.2 322.5 321.7 333.0 345.1 350.7 344.1 383.4 368.7 448.1 446.7 428.6 396.7 419.8 407.2 464.9 475.2 487.0 530.6 526.1 517.7 510.9 493.4 411.6 341.2 383.0 452.0 427.4 428.7 405.1 445.4 453.3 455.6 465.2 486.2 540.9 542.6 580.3 584.4 610.7 898.8 824.6 801.0 782.3 691.0 573.4 533.6 529.5 511.8 516.6 500.6
-999.0 -999.0 -999.0 -999.0 -999.0 -999.0 -999.0 -999.0 -999.0 -999.0 -999.0 -999.0 -999.0 -999.0 510.0 483.2 320.2 320.2 316.2 314.4 330.3 326.2 319.9 320.1 321.5 322.3 330.9 337.2 349.8 338.8 359.8 361.8 357.2 352.6 382.1 398.9 415.9 382.9 399.9 353.5 444.2 483.8 449.2 441.2 486.0 499.5 490.4 447.2 441.9 371.9 405.7 431.6 451.4 405.2 451.5 431.1 452.8 454.7 483.1 554.1 580.3 566.2 582.7 604.0 624.8 847.6 813.0 755.6 703.9 698.0 656.8 553.8 522.3 517.5 513.9
-999.0 -999.0 -999.0 -999.0 -999.0 -999.0 -999.0 -999.0 -999.0 -999.0 -999.0 -999.0 -999.0 -999.0 500.4 490.0 320.2 320.2 314.4 321.6 314.4 320.4 320.2 320.7 322.7 320.7 354.6 346.2 347.8 351.3 339.5 345.2 351.4 346.7 370.1 359.1 354.4 391.8 358.0 335.8 334.9 396.8 423.5 447.5 486.0 502.1 507.0 399.5 425.4 371.8 409.8 452.9 435.6 451.5 418.3 434.8 438.8 454.0 523.6 559.8 556.5 542.9 569.7 580.7 646.1 829.0 856.5 798.1 751.1 701.3 732.3 676.0 581.7 521.6 528.0
-999.0 -999.0 -999.0 -999.0 -999.0 -999.0 -999.0 -999.0 -999.0 -999.0 -999.0 -999.0 -999.0 -999.0 483.2 321.7 319.5 325.5 319.9 320.2 315.4 333.8 326.2 319.5 320.7 320.7 334.6 341.6 340.4 345.6 351.1 344.2 348.1 346.5 382.7 378.7 343.8 334.4 324.5 338.2 344.3 409.1 444.9 423.4 494.9 504.7 544.9 536.2 424.0 435.0 392.7 453.1 470.1 453.1 429.9 453.8 486.2 531.4 537.2 527.1 487.3 539.8 545.1 575.8 598.0 599.6 809.7 853.3 835.3 841.1 768.4 671.1 576.7 524.9 529.6
-999.0 -999.0 -999.0 -999.0 -999.0 -999.0 -999.0 -999.0 -999.0 -999.0 -999.0 -999.0 -999.0 -999.0 509.1 355.7 322.0 319.5 319.5 319.5 314.4 314.4 325.1 319.6 320.2 322.8 327.3 319.8 321.7 345.4 339.7 345.3 345.1 345.1 339.8 338.4 331.4 324.8 357.8 365.9 342.6 384.6 417.0 376.7 372.7 400.0 524.4 515.5 536.6 431.7 418.8 452.8 463.1 452.3 454.8 485.8 535.0 532.6 532.6 467.5 549.8 566.0 574.0 547.9 543.2 583.6 551.2 796.2 860.1 789.9 770.0 678.9 649.8 571.7 523.4
-999.0 -999.0 -999.0 -999.0 -999.0 -999.0 -999.0 -999.0 -999.0 -999.0 -999.0 -999.0 -999.0 -999.0 510.6 355.4 350.8 324.8 319.5 312.5 313.9 314.4 321.4 319.5 320.4 320.2 334.2 322.9 320.8 328.3 333.0 335.6 340.6 345.0 337.2 341.4 325.2 319.5 364.3 362.7 378.7 338.2 361.9 365.7 369.6 424.4 401.1 420.1 457.5 453.7 450.9 452.1 454.1 454.8 531.2 534.0 477.8 535.0 485.6 498.3 498.7 530.6 541.6 531.4 542.7 544.6 540.3 748.3 770.1 743.8 738.0 678.0 656.2 649.5 677.8
-999.0 -999.0 -999.0 -999.0 -999.0 -999.0 -999.0 -999.0 -999.0 -999.0 -999.0 -999.0 -999.0 -999.0 507.8 501.5 352.0 324.8 327.4 322.0 319.9 321.4 313.3 319.5 322.3 331.3 340.6 321.7 325.3 330.6 328.2 333.1 330.7 336.2 328.4 332.4 316.4 323.8 341.7 393.7 401.3 405.1 364.5 366.9 372.5 397.3 435.2 450.1 462.3 455.4 490.6 526.3 470.1 523.4 522.8 485.3 455.0 514.7 450.3 514.4 453.4 471.8 464.6 476.1 518.8 482.7 506.4 718.6 724.9 738.9 717.3 781.4 781.0 780.3 652.4
-999.0 -999.0 -999.0 -999.0 -999.0 -999.0 -999.0 -999.0 -999.0 -999.0 -999.0 -999.0 -999.0 -999.0 514.6 500.0 329.4 330.9 332.2 319.9 312.2 321.3 316.3 321.3 321.5 324.0 335.9 329.4 328.3 328.2 335.6 328.2 329.9 333.4 322.6 320.9 319.7 328.6 335.9 363.2 343.1 417.6 384.1 369.5 376.0 387.5 427.1 434.6 459.2 463.9 457.0 456.3 454.5 453.8 534.3 485.8 486.0 455.4 451.9 464.7 455.8 515.1 538.3 492.5 496.9 452.7 559.2 701.4 652.8 679.6 711.5 750.1 782.3 766.1 675.3
-999.0 -999.0 -999.0 -999.0 -999.0 -999.0 -999.0 -999.0 -999.0 -999.0 -999.0 -999.0 -999.0 -999.0 490.8 498.5 326.0 331.3 334.1 319.5 321.3 325.5 317.8 319.5 321.3 334.1 336.0 322.1 321.7 321.9 325.2 328.4 326.1 329.6 323.1 317.9 303.8 319.7 327.2 331.8 334.4 392.2 433.2 380.1 383.7 398.1 401.9 414.8 418.1 430.7 445.0 579.0 571.0 570.5 582.8 486.1 465.5 447.6 511.3 452.1 489.2 500.5 452.7 486.4 448.6 454.7 473.9 589.2 583.8 647.5 648.4 715.1 784.3 793.6 771.2
-999.0 -999.0 -999.0 -999.0 -999.0 -999.0 -999.0 -999.0 -999.0 -999.0 -999.0 -999.0 -999.0 -999.0 503.1 347.0 321.6 322.0 325.8 322.3 319.4 319.5 319.9 319.5 348.0 345.9 355.1 324.2 325.0 323.0 324.1 321.9 328.3 328.5 322.4 318.6 304.4 308.6 325.8 322.3 332.9 363.6 432.3 402.9 381.7 431.9 442.0 449.2 442.2 462.2 528.5 529.6 529.0 561.5 607.4 572.2 445.7 448.5 446.6 448.7 483.4 450.7 452.0 449.9 454.5 473.5 535.0 530.6 546.4 529.5 603.7 649.1 662.2 713.1 764.4
-999.0 -999.0 -999.0 -999.0 -999.0 -999.0 -999.0 -999.0 -999.0 -999.0 -999.0 -999.0 -999.0 -999.0 515.9 492.2 336.5 322.1 319.5 320.4 324.0 322.0 321.8 321.6 352.8 352.2 343.8 323.0 320.8 323.6 320.8 322.1 321.1 322.7 317.0 315.9 300.8 304.2 312.3 316.5 323.9 336.5 386.6 436.1 372.0 374.2 421.5 424.4 445.1 431.7 461.0 501.0 535.3 561.6 546.1 593.2 550.3 516.7 450.3 449.7 452.5 454.4 446.1 458.0 479.2 460.9 520.5 524.2 627.0 611.9 587.2 579.8 604.3 658.5 769.6
-999.0 -999.0 -999.0 -999.0 -999.0 -999.0 -999.0 -999.0 -999.0 -999.0 -999.0 -999.0 -999.0 -999.0 548.6 509.2 502.9 322.1 322.4 321.1 317.8 313.6 312.1 319.5 333.8 345.6 335.7 322.4 321.7 322.4 322.3 322.2 319.2 316.7 315.0 306.2 293.6 300.9 310.2 309.1 326.8 334.5 348.9 392.0 440.6 358.8 408.4 435.2 402.9 404.8 434.9 529.8 545.3 556.3 612.9 656.1 576.6 540.6 497.5 521.1 516.5 533.7 519.5 444.1 534.6 511.1 530.1 542.6 686.4 703.7 701.5 682.1 699.3 630.1 701.2
-999.0 -999.0 -999.0 -999.0 -999.0 -999.0 -999.0 -999.0 -999.0 -999.0 -999.0 -999.0 -999.0 -999.0 550.5 508.5 502.7 323.0 321.1 319.9 316.0 312.1 326.1 319.5 351.2 347.0 351.5 323.2 322.5 319.8 320.9 320.0 321.6 316.0 310.5 301.5 290.6 298.4 304.6 304.9 313.7 334.4 336.8 350.8 411.2 354.2 399.7 396.5 394.4 433.9 476.4 463.9 547.1 585.1 623.9 648.8 601.8 629.6 554.6 496.6 495.2 524.8 517.4 504.7 504.1 510.4 530.7 602.5 559.8 600.5 699.3 708.5 702.2 693.6 622.8
-999.0 -999.0 -999.0 -999.0 -999.0 -999.0 -999.0 -999.0 -999.0 -999.0 -999.0 -999.0 -999.0 -999.0 498.8 505.3 498.4 324.4 322.3 322.0 320.9 320.4 312.2 320.0 347.9 355.5 343.8 335.3 320.4 321.7 322.4 322.3 320.3 319.1 314.1 304.4 292.4 293.9 304.8 304.0 316.7 319.3 329.7 339.4 342.3 348.6 362.8 357.5 383.1 416.0 421.9 458.0 490.8 632.2 665.2 690.7 657.9 639.5 554.8 534.3 532.1 537.7 532.2 504.3 509.4 510.7 513.1 511.5 528.4 546.2 574.4 713.5 738.6 724.9 666.1
-999.0 -999.0 -999.0 -999.0 -999.0 -999.0 -999.0 -999.0 -999.0 -999.0 -999.0 -999.0 -999.0 -999.0 530.3 503.1 506.8 324.4 322.1 319.6 322.2 313.5 312.2 312.2 355.1 355.1 340.3 331.4 322.3 322.3 322.7 320.4 319.4 316.7 307.4 309.2 290.9 295.7 305.0 306.2 314.6 321.0 322.5 339.5 337.5 430.6 440.5 431.6 432.7 451.4 424.3 471.5 471.0 507.3 527.2 655.7 652.8 670.3 678.7 546.4 558.5 670.8 647.0 619.2 568.4 563.1 597.7 539.4 541.0 572.6 533.6 577.1 696.7 720.3 684.1
-999.0 -999.0 -999.0 -999.0 -999.0 -999.0 -999.0 -999.0 -999.0 -999.0 -999.0 -999.0 -999.0 -999.0 502.9 521.5 502.9 320.7 333.4 319.8 315.6 312.2 312.2 319.9 352.4 346.7 335.4 336.0 320.7 322.3 321.8 322.3 318.3 318.9 308.6 303.8 289.5 290.7 301.9 305.1 309.5 319.8 314.8 316.1 337.0 370.1 439.6 458.6 464.1 440.1 439.0 459.1 446.4 459.8 458.5 616.3 689.9 690.0 706.5 551.3 531.8 643.2 752.4 697.2 704.3 687.0 816.9 615.2 528.3 617.6 547.1 526.4 659.4 732.2 720.5
