GSP_annual_reports_SON_2024_v1/GIS/SON_2023_Fall_Deep.tif
NCOLS 191
NROWS  209
XLLCORNER 6295515.91401
YLLCORNER 1783415.49397
CELLSIZE 1000.0
NODATA_VALUE -999
[rows 66 to 98 of 209, columns 0 to 74 of 191]
-999.0 -999.0 -999.0 -999.0 -999.0 -999.0 -999.0 -999.0 -999.0 274.1 269.5 267.8 268.4 268.4 269.0 267.1 266.3 296.7 302.2 297.9 302.9 296.2 268.6 268.0 268.3 265.5 259.8 259.8 259.8 259.8 265.2 264.9 264.9 265.2 266.0 267.4 262.4 267.9 267.9 267.9 267.9 267.9 268.5 269.3 268.1 263.8 275.3 282.2 282.3 282.2 275.7 269.8 267.3 274.5 274.9 278.9 275.1 273.1 274.4 275.1 281.2 288.2 291.9 289.1 289.6 287.5 291.4 297.1 296.7 296.7 297.4 298.3 297.3 298.3 413.7
-999.0 -999.0 -999.0 -999.0 -999.0 -999.0 -999.0 -999.0 -999.0 -999.0 274.5 269.0 268.7 263.0 268.7 268.7 268.3 284.6 299.6 298.4 303.2 297.0 287.9 269.0 259.3 259.8 259.8 261.0 254.6 260.8 264.6 264.9 264.9 266.0 261.9 267.9 261.9 267.4 267.3 267.9 267.9 268.5 268.7 275.1 283.6 282.1 285.2 286.2 286.2 282.3 281.1 276.2 274.4 275.0 278.2 268.5 272.6 274.4 279.3 268.7 253.4 266.6 269.6 288.2 288.9 299.2 287.5 297.1 297.1 297.1 297.1 296.7 297.8 297.4 414.8
-999.0 -999.0 -999.0 -999.0 -999.0 -999.0 -999.0 -999.0 -999.0 -999.0 272.5 268.7 266.7 266.9 268.7 268.7 267.4 274.4 297.9 293.0 305.7 297.9 290.6 269.0 266.6 259.8 259.8 259.8 265.5 267.3 264.9 267.4 267.9 267.7 268.7 273.1 267.3 269.0 259.3 267.3 268.5 268.4 281.4 283.8 284.2 285.3 286.2 286.6 282.1 280.9 278.3 277.8 276.0 277.8 270.7 267.7 276.8 277.0 262.9 266.8 250.8 258.0 263.5 268.6 289.1 290.4 290.3 295.6 297.5 297.5 297.1 295.6 297.1 297.8 297.8
-999.0 -999.0 -999.0 -999.0 -999.0 -999.0 -999.0 -999.0 -999.0 -999.0 265.9 268.7 294.7 268.5 274.1 268.5 268.7 287.4 296.7 299.0 306.5 288.8 296.5 268.4 260.3 259.8 259.8 264.3 265.6 268.7 267.4 267.9 268.4 267.9 268.4 268.7 268.6 268.7 269.3 269.0 275.3 286.8 286.2 284.5 286.2 288.4 287.8 283.2 280.2 283.5 281.1 266.4 271.6 271.4 267.7 274.4 270.6 253.4 247.8 250.6 254.6 254.3 265.2 262.5 284.7 289.5 292.5 297.0 296.7 296.7 296.7 297.5 297.0 291.0 298.3
-999.0 -999.0 -999.0 -999.0 -999.0 -999.0 -999.0 -999.0 -999.0 -999.0 267.4 269.1 264.1 297.4 268.1 268.7 273.1 266.7 283.0 296.9 299.6 296.8 300.6 274.8 261.0 259.8 259.8 259.8 267.4 268.7 267.9 267.3 268.7 267.9 268.7 268.7 267.9 269.3 269.3 277.3 283.1 285.2 286.2 288.6 287.3 287.8 281.1 277.6 278.8 279.7 268.1 267.9 269.1 267.0 261.2 257.3 248.7 244.5 246.4 248.5 260.9 255.1 262.0 247.1 285.7 289.5 297.0 295.6 300.2 297.6 297.0 297.4 297.3 297.3 297.3
-999.0 -999.0 -999.0 -999.0 -999.0 -999.0 -999.0 -999.0 -999.0 -999.0 269.1 266.8 310.5 298.2 272.3 267.0 267.0 265.1 282.4 295.0 297.9 299.3 283.6 278.0 275.1 258.1 258.1 258.1 263.9 265.7 265.7 265.7 265.4 266.8 266.9 266.6 266.8 266.8 274.8 281.5 282.9 284.6 286.3 285.1 285.5 271.6 266.1 267.5 254.9 254.3 256.1 255.7 248.4 246.6 236.9 240.0 237.0 237.4 235.8 236.7 236.8 236.1 249.5 262.3 284.7 288.1 407.2 414.2 294.8 295.9 290.8 298.1 295.6 297.5 298.0
-999.0 -999.0 -999.0 -999.0 -999.0 -999.0 -999.0 -999.0 -999.0 -999.0 272.1 277.5 341.9 310.5 267.1 267.0 267.0 265.1 294.8 295.7 292.1 294.9 290.1 287.5 278.0 272.9 258.1 258.1 258.1 259.3 263.6 262.7 263.9 264.0 265.7 266.3 266.9 272.9 286.0 283.6 285.6 286.6 284.8 278.1 271.2 262.1 260.4 246.3 243.1 244.1 242.2 229.3 229.5 229.6 229.2 232.3 234.9 231.7 230.4 229.3 250.9 250.3 245.1 256.8 282.2 288.8 294.5 418.0 318.1 312.5 331.7 301.9 297.4 298.5 299.1
-999.0 -999.0 -999.0 -999.0 -999.0 -999.0 -999.0 -999.0 -999.0 -999.0 -999.0 280.9 302.7 309.7 282.7 266.1 262.2 266.1 281.6 293.0 298.4 288.1 286.0 287.5 275.1 271.2 262.3 261.9 258.4 261.9 262.3 263.4 264.8 265.3 263.1 259.4 266.2 283.2 282.0 283.2 283.1 284.5 277.3 272.4 259.1 253.6 246.0 243.0 241.4 228.3 231.1 232.0 230.6 229.5 226.3 226.3 230.7 229.8 229.7 228.1 229.6 232.6 236.1 246.1 275.8 289.4 294.5 419.2 425.2 506.4 485.9 394.7 302.7 298.3 297.3
-999.0 -999.0 -999.0 -999.0 -999.0 -999.0 -999.0 -999.0 -999.0 -999.0 -999.0 292.2 340.2 320.6 290.8 265.7 266.0 266.0 258.9 280.7 266.1 268.7 279.4 286.3 283.6 266.4 263.8 259.9 257.1 262.3 265.6 264.5 265.3 265.8 266.6 266.1 279.2 278.4 282.6 285.4 285.2 277.5 273.6 262.9 254.6 246.6 241.2 238.3 223.4 227.2 227.7 228.3 228.1 225.7 226.6 224.9 223.4 229.1 232.4 231.8 229.2 232.3 231.9 239.4 264.6 283.8 408.7 433.0 432.1 483.1 524.2 483.8 371.4 299.4 419.9
-999.0 -999.0 -999.0 -999.0 -999.0 -999.0 -999.0 -999.0 -999.0 -999.0 -999.0 311.3 372.1 311.7 298.9 271.2 266.3 270.7 266.3 272.6 288.0 288.1 272.2 283.8 289.6 287.9 271.4 270.7 257.4 258.7 265.9 266.3 265.7 266.7 266.9 273.0 281.3 282.7 285.7 285.3 283.4 273.8 266.0 256.2 254.3 236.7 237.4 220.7 223.7 224.6 227.3 224.7 226.2 226.5 229.3 229.2 228.0 233.3 233.3 227.7 232.4 231.6 230.0 239.4 264.5 287.6 403.1 425.0 453.6 494.8 515.0 488.5 483.2 421.2 413.7
-999.0 -999.0 -999.0 -999.0 -999.0 -999.0 -999.0 -999.0 -999.0 -999.0 -999.0 382.7 380.2 332.3 287.3 265.7 261.3 260.2 260.0 287.7 288.8 288.0 281.2 280.9 287.0 297.8 267.3 271.4 259.5 257.0 256.7 258.1 260.3 261.4 261.0 274.7 278.3 278.3 280.0 279.3 271.9 266.7 251.0 246.8 249.5 236.1 234.7 223.3 225.6 225.8 223.5 227.8 232.4 233.4 230.6 231.5 229.8 226.4 230.5 228.6 227.5 232.7 230.5 236.5 268.7 287.6 287.9 419.3 434.4 492.8 507.3 514.6 500.9 469.4 439.6
-999.0 -999.0 -999.0 -999.0 -999.0 -999.0 -999.0 -999.0 -999.0 -999.0 -999.0 -999.0 346.9 286.7 298.0 293.4 268.3 261.4 261.0 283.1 293.2 286.7 281.7 281.3 288.8 287.3 271.6 260.2 287.2 253.3 257.3 257.3 261.3 259.5 266.8 276.0 278.1 280.4 279.1 279.6 271.8 260.8 252.7 247.6 241.2 236.8 234.9 224.4 223.9 225.6 226.9 228.2 234.1 234.9 236.4 233.9 231.7 229.3 227.4 230.8 228.8 231.3 230.8 236.1 272.3 284.1 402.3 416.1 433.2 485.1 546.2 542.2 559.2 481.9 472.5
-999.0 -999.0 -999.0 -999.0 -999.0 -999.0 -999.0 -999.0 -999.0 -999.0 -999.0 -999.0 -999.0 351.0 308.5 306.8 288.8 267.0 260.8 274.1 288.8 294.4 289.0 283.3 289.0 287.5 292.7 262.2 260.0 257.2 257.0 256.7 254.3 257.1 271.1 277.2 277.4 280.7 280.3 277.8 269.4 262.5 253.1 248.5 240.2 233.4 221.3 223.4 226.5 224.7 229.5 233.8 233.8 235.8 235.9 236.3 232.3 232.3 229.4 234.3 228.5 232.0 230.0 235.5 270.0 389.1 407.7 457.8 464.3 457.7 487.9 535.9 582.5 561.8 518.7
-999.0 -999.0 -999.0 -999.0 -999.0 -999.0 -999.0 -999.0 -999.0 -999.0 -999.0 -999.0 -999.0 -999.0 377.7 342.8 289.6 270.5 258.4 260.6 287.3 292.4 280.5 280.4 280.8 288.5 281.2 259.8 258.6 258.8 256.8 257.2 256.6 260.9 278.2 277.7 278.1 279.5 278.4 271.1 267.6 260.9 252.6 247.0 238.7 233.3 233.5 225.1 224.1 226.4 227.7 235.2 234.8 235.9 232.4 234.7 235.9 234.6 231.3 229.4 224.0 230.9 228.3 232.0 261.3 391.5 417.6 484.9 491.2 528.1 487.0 507.6 595.6 652.5 565.7
-999.0 -999.0 -999.0 -999.0 -999.0 -999.0 -999.0 -999.0 -999.0 -999.0 -999.0 -999.0 -999.0 -999.0 -999.0 345.6 294.8 289.7 268.0 260.0 265.8 290.5 273.3 281.3 290.0 289.7 286.5 267.1 261.4 260.9 260.7 258.8 257.4 263.8 274.7 276.8 277.7 279.9 278.0 271.8 268.4 262.2 254.1 248.6 242.9 232.2 236.8 223.5 225.1 224.4 227.9 233.8 236.3 236.6 233.8 233.8 237.4 234.3 231.2 226.9 225.0 228.0 230.7 233.7 257.8 384.4 418.8 480.5 505.7 566.8 519.3 549.3 593.5 707.1 691.1
-999.0 -999.0 -999.0 -999.0 -999.0 -999.0 -999.0 -999.0 -999.0 -999.0 -999.0 -999.0 -999.0 -999.0 -999.0 373.9 322.6 295.2 280.8 260.9 264.1 259.1 263.5 288.1 288.6 288.1 288.2 265.6 260.1 260.0 259.3 257.0 261.5 271.4 276.6 274.9 278.0 278.0 279.2 271.8 268.2 261.0 254.8 248.7 242.9 235.9 233.7 219.8 225.7 224.0 227.3 229.0 234.1 234.4 234.8 235.6 234.2 233.1 232.2 225.8 226.7 226.4 228.2 231.4 251.9 394.4 418.2 516.1 519.3 634.7 661.5 702.7 698.0 744.6 661.6
-999.0 -999.0 -999.0 -999.0 -999.0 -999.0 -999.0 -999.0 -999.0 -999.0 -999.0 -999.0 -999.0 -999.0 -999.0 326.9 291.5 294.4 265.0 260.0 260.9 260.5 260.5 280.1 288.3 286.4 280.1 266.2 259.9 260.7 259.9 259.0 267.1 275.2 276.6 276.4 278.3 278.7 278.5 271.0 267.4 260.6 255.2 248.7 249.3 240.1 234.6 220.6 223.2 222.3 223.5 227.0 233.0 234.9 234.0 233.4 233.5 232.7 229.0 227.1 225.8 226.3 229.2 234.4 254.6 276.2 427.9 400.8 404.5 603.3 683.3 709.9 803.6 761.3 696.2
-999.0 -999.0 -999.0 -999.0 -999.0 -999.0 -999.0 -999.0 -999.0 -999.0 -999.0 -999.0 -999.0 -999.0 -999.0 281.9 290.6 270.4 265.2 303.1 298.9 283.0 260.1 268.1 280.4 282.1 289.7 283.5 263.0 263.1 260.2 263.8 266.0 272.5 273.8 275.2 278.7 278.3 279.7 271.4 268.3 261.0 255.4 251.7 248.2 240.3 236.1 234.3 222.9 223.4 225.0 224.6 227.7 233.6 232.9 232.9 232.1 230.0 226.7 229.3 225.1 230.6 231.6 246.7 257.7 274.6 300.8 401.6 400.1 639.1 684.7 804.4 846.9 818.7 770.9
-999.0 -999.0 -999.0 -999.0 -999.0 -999.0 -999.0 -999.0 -999.0 -999.0 -999.0 -999.0 -999.0 -999.0 -999.0 296.5 261.8 263.5 297.9 295.4 298.8 286.7 262.3 261.5 279.0 286.0 284.1 270.3 258.2 278.8 255.6 262.4 266.5 268.9 269.8 270.6 274.3 273.4 273.6 266.8 263.8 260.1 250.9 248.0 243.3 236.4 232.6 229.1 215.6 217.8 219.4 219.9 221.7 222.0 223.2 221.9 221.4 220.7 221.2 223.1 220.9 226.0 225.2 241.8 254.5 270.1 291.7 355.5 527.1 409.1 450.7 678.5 824.2 874.3 812.0
-999.0 -999.0 -999.0 -999.0 -999.0 -999.0 -999.0 -999.0 -999.0 -999.0 -999.0 -999.0 -999.0 -999.0 -999.0 260.4 263.5 281.8 284.5 299.6 327.0 287.6 278.1 259.4 286.9 307.0 286.3 276.7 255.4 276.1 263.9 259.6 267.5 267.0 266.4 267.6 271.7 267.8 272.4 265.9 263.0 259.0 253.7 251.6 245.3 240.8 234.3 230.1 228.2 215.4 216.6 216.3 219.8 217.8 218.4 221.0 221.0 221.7 219.1 219.5 225.2 223.8 225.0 246.2 255.5 267.9 289.5 293.5 502.0 549.7 444.0 483.6 809.7 848.2 809.7
-999.0 -999.0 -999.0 -999.0 -999.0 -999.0 -999.0 -999.0 -999.0 -999.0 -999.0 -999.0 -999.0 -999.0 -999.0 -999.0 287.7 361.0 341.6 347.3 336.5 282.2 271.3 262.3 284.6 299.7 285.7 267.4 278.7 279.7 266.8 260.4 270.7 269.9 267.7 269.8 271.2 268.2 272.0 265.3 263.6 261.5 255.9 250.1 246.5 241.6 242.5 233.1 225.4 228.4 213.4 217.5 218.2 218.7 221.3 218.7 219.0 219.1 218.5 221.8 224.2 219.3 235.0 247.8 254.5 269.3 283.4 297.1 338.2 506.5 535.5 639.0 478.4 549.6 825.8
-999.0 -999.0 -999.0 -999.0 -999.0 -999.0 -999.0 -999.0 -999.0 -999.0 -999.0 -999.0 -999.0 -999.0 -999.0 -999.0 360.8 384.1 384.1 378.1 368.6 292.8 284.6 258.1 269.2 297.9 279.6 294.8 280.4 275.6 285.1 270.0 265.3 268.4 265.1 262.6 263.8 261.4 269.1 257.5 258.4 254.1 249.1 243.6 244.4 238.1 235.4 229.3 224.3 226.0 223.3 206.8 209.7 211.7 213.2 209.5 208.8 208.8 215.0 214.3 217.9 218.9 230.4 241.4 249.9 259.1 272.6 276.3 302.5 378.2 562.2 670.8 485.2 525.9 531.9
-999.0 -999.0 -999.0 -999.0 -999.0 -999.0 -999.0 -999.0 -999.0 -999.0 -999.0 -999.0 -999.0 -999.0 -999.0 -999.0 349.8 378.8 377.9 378.2 367.7 320.0 284.9 266.6 272.1 292.7 326.8 296.0 272.4 271.7 264.8 259.1 262.9 264.3 263.1 259.8 260.6 258.6 257.5 255.1 254.9 251.8 246.6 244.4 240.1 237.2 235.0 231.8 223.2 219.4 221.7 219.1 202.6 206.3 208.1 207.7 207.5 210.7 209.6 215.5 212.7 225.8 230.2 238.3 248.2 252.7 262.3 263.4 277.1 363.2 489.6 571.9 622.6 693.9 801.2
-999.0 -999.0 -999.0 -999.0 -999.0 -999.0 -999.0 -999.0 -999.0 -999.0 -999.0 -999.0 -999.0 -999.0 -999.0 -999.0 352.7 353.3 376.2 376.2 378.1 360.6 308.9 270.5 265.8 312.2 342.8 321.4 332.6 270.1 269.0 264.4 267.7 258.6 257.2 254.3 257.9 251.6 253.5 253.8 250.6 247.5 247.0 242.6 237.1 237.7 232.9 227.6 227.0 217.8 214.2 216.0 215.2 198.6 197.2 200.9 204.1 203.3 202.4 205.0 220.2 222.7 225.4 236.4 243.5 249.7 251.1 258.1 270.7 264.5 338.8 381.0 558.7 680.9 675.8
-999.0 -999.0 -999.0 -999.0 -999.0 -999.0 -999.0 -999.0 -999.0 -999.0 -999.0 -999.0 -999.0 -999.0 -999.0 -999.0 367.5 377.9 373.3 365.0 358.9 353.5 275.0 256.0 260.7 284.0 334.7 350.1 360.7 325.9 263.8 266.7 256.7 260.2 256.6 254.0 254.9 256.4 251.9 257.3 250.4 249.2 247.5 241.7 241.2 237.8 236.7 232.5 226.0 226.7 217.5 213.8 213.5 215.0 214.9 200.0 198.3 197.9 200.8 219.5 218.6 221.2 225.5 238.3 242.9 249.1 258.6 252.3 260.0 267.5 287.1 353.9 364.9 382.6 434.2
-999.0 -999.0 -999.0 -999.0 -999.0 -999.0 -999.0 -999.0 -999.0 -999.0 -999.0 -999.0 -999.0 -999.0 -999.0 -999.0 363.3 382.7 382.7 367.1 282.8 280.8 258.0 252.6 252.2 273.3 348.3 358.4 353.5 311.1 258.6 260.3 264.8 258.7 253.7 250.7 252.9 250.4 247.6 250.5 244.9 245.8 243.7 241.7 237.3 235.5 232.9 232.7 223.4 221.1 221.5 212.1 208.0 208.7 209.6 208.5 209.5 209.3 209.3 213.4 215.7 215.5 217.3 231.4 236.4 242.8 245.8 252.8 251.4 256.8 259.7 285.8 353.6 354.6 427.7
-999.0 -999.0 -999.0 -999.0 -999.0 -999.0 -999.0 -999.0 -999.0 -999.0 -999.0 -999.0 -999.0 -999.0 -999.0 -999.0 360.7 377.9 362.8 361.8 330.4 258.7 250.0 322.6 267.2 261.6 323.6 358.4 333.9 267.3 252.2 257.6 262.0 272.8 257.7 258.1 247.3 244.9 247.3 248.7 243.3 239.9 239.5 237.8 234.9 232.3 227.5 227.5 226.2 218.9 216.2 215.4 208.6 207.0 205.7 206.0 205.8 206.3 206.1 213.9 211.4 213.7 213.2 222.5 228.0 233.9 240.5 244.8 245.1 246.2 242.8 262.4 269.6 327.4 502.9
-999.0 -999.0 -999.0 -999.0 -999.0 -999.0 -999.0 -999.0 -999.0 -999.0 -999.0 -999.0 -999.0 -999.0 -999.0 350.1 369.2 367.2 358.5 355.8 271.5 252.8 263.3 328.0 273.2 265.0 300.7 343.6 330.4 274.3 269.9 260.7 258.6 271.7 266.0 252.5 253.3 245.8 243.4 239.4 247.2 245.4 236.0 236.8 234.3 233.0 228.6 224.2 222.8 223.3 214.9 212.8 211.7 213.1 203.0 201.9 201.6 199.9 201.3 208.8 206.5 208.4 209.7 220.2 223.6 230.8 238.8 244.2 241.5 242.8 251.3 243.1 245.6 253.2 308.4
-999.0 -999.0 -999.0 -999.0 -999.0 -999.0 -999.0 -999.0 -999.0 -999.0 -999.0 -999.0 -999.0 -999.0 -999.0 343.3 373.5 361.2 349.9 358.7 301.0 248.1 345.6 354.9 334.1 266.6 300.2 333.6 320.5 244.1 266.5 264.5 256.9 270.4 264.4 253.9 247.8 248.2 241.7 243.6 239.6 241.2 239.2 259.2 257.4 237.8 230.7 228.6 222.2 223.0 223.6 213.0 206.7 206.4 207.5 197.6 196.8 196.8 197.3 203.2 207.6 207.3 208.0 211.0 214.7 223.1 231.7 240.4 242.0 241.8 242.2 235.7 239.3 241.9 244.3
-999.0 -999.0 -999.0 -999.0 -999.0 -999.0 -999.0 -999.0 -999.0 -999.0 -999.0 -999.0 -999.0 -999.0 327.0 361.3 361.5 490.5 446.1 435.8 425.1 251.5 350.3 358.5 362.0 321.0 274.5 327.5 331.1 334.6 248.3 311.0 252.2 251.7 255.5 257.6 248.5 238.8 233.9 233.3 234.5 232.7 234.5 254.6 252.0 247.5 226.1 225.3 222.3 215.4 215.8 214.9 205.0 200.9 198.6 198.6 189.2 189.4 191.3 199.9 200.2 199.0 199.7 201.0 206.3 213.6 219.5 240.3 237.0 235.0 236.8 239.7 221.1 234.4 236.0
-999.0 -999.0 -999.0 -999.0 -999.0 -999.0 -999.0 -999.0 -999.0 -999.0 -999.0 -999.0 -999.0 -999.0 384.5 378.2 363.8 558.9 518.4 435.3 521.9 234.1 360.1 365.3 372.1 368.3 335.7 335.9 340.8 343.0 336.5 340.2 239.3 242.1 247.9 235.0 234.7 228.6 223.8 226.8 220.9 222.2 220.0 218.6 217.9 218.1 217.8 214.4 213.7 209.8 204.7 203.3 204.1 192.7 189.2 187.4 188.3 187.1 188.5 188.3 188.5 187.8 187.5 187.4 193.3 200.0 206.8 219.8 219.1 220.4 220.9 221.3 214.4 208.6 220.5
-999.0 -999.0 -999.0 -999.0 -999.0 -999.0 -999.0 -999.0 -999.0 -999.0 -999.0 -999.0 -999.0 352.8 387.8 382.9 384.4 581.3 481.8 534.1 547.2 473.7 335.7 352.7 360.0 351.5 349.2 356.1 349.0 346.0 306.6 269.1 221.9 223.2 227.8 223.1 226.7 223.3 209.2 206.4 208.2 208.3 206.6 205.2 204.2 212.5 206.7 206.7 200.0 199.5 198.3 191.4 191.2 191.1 179.9 179.8 176.9 176.0 176.9 176.9 177.9 176.4 177.0 177.0 177.0 183.3 189.2 203.6 206.3 208.3 205.3 208.2 211.7 194.5 203.2
-999.0 -999.0 -999.0 -999.0 -999.0 -999.0 -999.0 -999.0 -999.0 -999.0 -999.0 -999.0 -999.0 537.7 377.3 404.4 660.6 557.5 520.8 594.6 597.8 518.0 322.2 371.2 383.3 328.2 277.7 326.6 353.2 324.6 261.4 278.9 215.7 216.7 215.0 211.5 204.5 203.7 209.7 205.7 207.7 209.6 204.3 202.0 200.2 199.2 205.9 203.6 197.7 194.8 193.2 192.2 190.2 185.1 185.1 190.2 175.9 175.9 171.4 173.1 171.5 171.3 171.3 171.7 172.4 177.8 184.0 188.3 198.7 200.1 202.9 200.3 203.8 195.9 192.0
