GSP_annual_reports_SON_2024_v1/GIS/SON_2022_Fall_Deep.tif
NCOLS 191
NROWS  209
XLLCORNER 6295515.91401
YLLCORNER 1783415.49397
CELLSIZE 1000.0
NODATA_VALUE -999
[rows 165 to 197 of 209, columns 75 to 149 of 191]
-999.0 -999.0 -999.0 -999.0 -999.0 -999.0 -999.0 -999.0 509.3 473.0 127.7 165.2 257.7 625.6 583.5 542.6 535.6 520.2 520.2 516.2 542.1 131.4 129.5 550.2 551.1 143.7 125.0 126.7 126.6 126.6 126.6 126.6 115.7 114.7 95.9 88.0 79.6 65.0 58.2 51.1 62.1 60.0 52.4 65.3 53.4 55.8 59.1 71.5 472.5 541.8 480.4 455.2 159.8 88.9 53.6 34.1 36.0 43.8 312.4 289.2 248.4 210.6 184.7 -4.7 -4.4 -7.5 -8.8 -7.8 -7.1 -7.7 -6.9 -7.5 -4.5 -1.3 -1.4
-999.0 -999.0 -999.0 -999.0 -999.0 -999.0 -999.0 -999.0 -999.0 493.2 474.4 132.1 136.4 229.1 221.3 641.4 629.4 609.5 652.6 633.0 533.1 132.9 130.1 578.7 151.4 123.9 126.1 126.1 125.0 126.8 126.8 127.1 116.0 115.0 95.8 88.1 78.9 68.5 58.0 53.5 57.8 63.0 56.8 58.5 58.1 66.4 62.0 149.8 156.8 528.5 511.2 473.9 441.7 96.6 57.6 43.4 34.4 30.5 29.6 34.0 11.6 229.6 -9.4 -4.5 -2.6 -5.1 -8.7 -5.3 -7.1 -5.4 -7.4 -7.3 -2.8 -1.6 -1.5
-999.0 -999.0 -999.0 -999.0 -999.0 -999.0 -999.0 -999.0 -999.0 492.1 543.6 526.9 507.7 133.4 138.1 146.8 621.1 652.5 677.9 609.8 550.9 483.7 126.7 125.0 124.0 126.0 127.6 130.4 121.1 126.8 126.8 126.8 116.0 114.8 95.8 88.1 78.9 68.0 56.4 52.7 61.7 54.4 54.7 51.3 57.7 52.5 55.8 51.3 171.2 201.4 507.1 471.3 474.6 383.2 58.6 58.3 51.2 32.1 29.7 27.8 11.7 7.8 -9.4 -4.6 -2.5 -8.1 -8.5 -6.1 -7.6 -6.3 -6.5 -5.7 -2.6 -1.4 -1.3
-999.0 -999.0 -999.0 -999.0 -999.0 -999.0 -999.0 -999.0 -999.0 -999.0 545.1 640.4 547.0 542.1 287.8 291.1 259.2 260.0 637.4 610.2 525.1 575.5 478.4 128.3 123.7 125.8 128.0 124.8 124.6 126.7 126.9 126.8 116.3 114.8 96.0 88.1 78.9 68.3 58.4 56.7 62.0 56.2 52.0 55.1 52.9 53.9 57.3 57.9 68.1 113.0 191.2 160.2 201.1 147.4 90.4 105.2 60.3 51.5 31.7 29.6 13.0 9.0 -0.1 -5.7 -3.4 -10.0 -8.5 -6.2 -7.2 -6.0 -6.0 -5.6 -2.3 -1.4 -1.2
-999.0 -999.0 -999.0 -999.0 -999.0 -999.0 -999.0 -999.0 -999.0 -999.0 -999.0 641.2 542.1 551.4 334.5 322.8 333.5 721.1 732.8 670.0 673.8 694.2 581.8 518.3 509.6 466.8 489.0 467.9 126.8 126.6 128.0 129.7 116.0 115.1 95.8 88.2 79.2 68.6 60.8 56.8 63.1 56.3 56.1 54.2 51.4 50.0 54.9 51.0 58.2 66.0 96.5 152.0 148.6 147.8 122.1 91.3 363.2 336.5 39.8 25.3 14.0 9.8 0.0 -5.0 -4.7 -8.5 -8.8 -5.2 -7.3 -6.0 -5.9 -5.8 -1.9 -1.2 -1.4
-999.0 -999.0 -999.0 -999.0 -999.0 -999.0 -999.0 -999.0 -999.0 -999.0 -999.0 -999.0 543.5 585.6 365.0 406.6 916.1 902.2 833.7 723.5 711.8 680.3 718.9 607.4 519.0 469.3 515.9 126.2 125.4 125.1 126.9 126.8 116.0 114.8 95.8 88.6 80.6 70.0 61.2 58.4 64.5 57.3 56.1 54.9 52.8 48.0 45.5 45.5 56.5 55.7 51.1 77.4 60.3 52.5 88.9 111.6 109.3 368.7 335.8 32.5 27.3 12.1 4.3 -2.9 -2.0 -7.7 -8.5 -5.3 -7.2 -6.1 -5.9 -5.0 -1.9 -1.3 -1.2
-999.0 -999.0 -999.0 -999.0 -999.0 -999.0 -999.0 -999.0 -999.0 -999.0 -999.0 -999.0 -999.0 -999.0 677.1 380.4 989.8 959.3 925.2 853.0 790.7 708.5 632.1 608.4 649.5 590.0 488.5 467.9 125.9 128.8 125.7 126.8 116.0 114.8 96.0 89.8 80.6 69.9 61.2 58.4 64.8 61.0 53.6 54.3 53.3 46.4 45.3 35.9 51.1 52.4 58.7 60.1 55.4 54.6 62.4 97.3 134.1 403.4 367.3 36.8 28.7 12.2 4.9 -3.4 -2.5 -8.6 -8.5 -5.5 -5.6 -6.0 -6.3 -4.5 -1.8 -1.2 -1.1
-999.0 -999.0 -999.0 -999.0 -999.0 -999.0 -999.0 -999.0 -999.0 -999.0 -999.0 -999.0 -999.0 -999.0 -999.0 -999.0 868.8 916.1 925.8 1010.4 920.8 869.7 718.6 561.2 550.2 603.2 502.5 490.1 126.0 127.1 128.0 124.9 116.0 114.8 96.0 89.8 80.6 70.0 61.2 58.4 64.8 61.1 58.3 55.5 53.3 50.5 47.4 37.7 41.8 50.4 58.6 61.4 58.5 60.2 56.3 59.8 51.5 472.9 491.7 337.6 19.9 10.1 6.7 -3.4 -2.4 -8.6 -8.5 -5.4 -5.6 -5.5 -5.9 -2.2 -1.6 -1.1 -1.0
-999.0 -999.0 -999.0 -999.0 -999.0 -999.0 -999.0 -999.0 -999.0 -999.0 -999.0 -999.0 -999.0 -999.0 -999.0 -999.0 -999.0 -999.0 -999.0 -999.0 -999.0 976.8 708.0 640.6 578.7 522.3 135.0 123.5 128.4 128.3 128.0 128.1 117.4 116.6 97.3 88.6 80.6 70.0 61.3 58.4 64.8 61.0 58.3 56.9 54.6 51.2 48.2 38.5 39.3 43.1 56.1 51.5 55.7 51.2 56.4 45.1 58.5 476.5 602.7 479.6 322.5 16.9 8.3 -3.3 -2.5 -8.5 -8.5 -5.4 -5.8 -6.9 -5.1 -2.4 -1.7 -2.0 -1.2
-999.0 -999.0 -999.0 -999.0 -999.0 -999.0 -999.0 -999.0 -999.0 -999.0 -999.0 -999.0 -999.0 -999.0 -999.0 -999.0 -999.0 -999.0 -999.0 -999.0 -999.0 1006.1 917.3 806.2 631.7 525.8 500.3 472.0 124.6 128.2 128.2 128.3 117.7 116.1 97.1 88.3 79.1 70.0 61.2 58.4 64.8 61.0 58.3 56.6 55.8 50.5 48.3 39.0 43.1 38.0 47.5 55.0 47.2 54.9 40.7 50.8 54.5 96.1 489.1 491.1 47.7 11.2 12.2 -3.0 0.8 -9.4 -7.9 -5.4 -5.9 -7.0 -4.7 -1.8 -1.3 -3.6 -0.9
-999.0 -999.0 -999.0 -999.0 -999.0 -999.0 -999.0 -999.0 -999.0 -999.0 -999.0 -999.0 -999.0 -999.0 -999.0 -999.0 -999.0 -999.0 -999.0 -999.0 -999.0 -999.0 879.0 718.6 748.7 608.5 580.1 515.2 127.3 128.1 128.3 128.2 117.2 116.1 97.5 88.3 79.1 68.4 61.2 58.3 64.6 61.0 58.3 57.1 56.1 53.1 50.4 42.0 44.7 44.0 39.0 38.2 42.0 45.8 38.6 37.0 53.8 51.4 56.4 441.0 46.9 20.8 9.0 -5.0 -4.1 -8.5 -7.1 -5.3 -5.7 -6.0 -4.8 -2.1 -1.4 -0.8 -1.2
-999.0 -999.0 -999.0 -999.0 -999.0 -999.0 -999.0 -999.0 -999.0 -999.0 -999.0 -999.0 -999.0 -999.0 -999.0 -999.0 -999.0 -999.0 -999.0 -999.0 -999.0 -999.0 945.7 943.9 826.9 718.6 708.4 550.0 128.9 128.5 128.1 128.1 117.4 116.5 97.3 87.8 79.2 68.4 61.2 58.2 64.8 60.3 58.3 57.1 55.8 53.4 51.0 42.6 46.3 45.4 41.5 41.1 34.9 38.1 38.4 34.0 42.6 52.3 41.2 37.3 32.3 27.8 2.8 -1.9 0.2 -9.4 -6.9 -5.2 -5.5 -5.5 -4.7 -1.9 -1.2 -0.6 -1.1
-999.0 -999.0 -999.0 -999.0 -999.0 -999.0 -999.0 -999.0 -999.0 -999.0 -999.0 -999.0 -999.0 -999.0 -999.0 -999.0 -999.0 -999.0 -999.0 -999.0 -999.0 -999.0 -999.0 1006.5 419.5 850.1 709.2 195.5 129.3 127.2 128.3 128.3 117.4 116.2 97.4 89.8 79.1 68.5 59.7 57.8 63.6 61.1 58.3 57.2 56.0 53.4 50.9 42.5 46.3 45.4 43.3 41.9 41.0 41.7 39.7 32.8 32.2 32.8 32.2 28.1 31.8 20.0 13.5 -3.1 -2.2 -9.3 -5.6 -4.6 -5.4 -5.6 -4.6 -1.1 -1.1 -0.6 -0.9
-999.0 -999.0 -999.0 -999.0 -999.0 -999.0 -999.0 -999.0 -999.0 -999.0 -999.0 -999.0 -999.0 -999.0 -999.0 -999.0 -999.0 -999.0 -999.0 -999.0 -999.0 -999.0 -999.0 -999.0 372.7 300.9 307.1 152.7 123.6 125.9 128.1 128.5 120.0 116.4 97.3 89.8 79.8 69.6 59.9 56.9 63.2 61.0 58.3 57.2 56.1 53.4 51.0 42.6 46.3 45.4 44.4 44.6 40.1 41.3 38.7 38.0 34.2 34.4 34.5 28.4 24.7 3.2 -7.5 -3.4 -2.3 -10.3 -9.0 -5.5 -5.4 -5.6 -4.6 -1.0 -1.2 -0.4 -0.8
-999.0 -999.0 -999.0 -999.0 -999.0 -999.0 -999.0 -999.0 -999.0 -999.0 -999.0 -999.0 -999.0 -999.0 -999.0 -999.0 -999.0 -999.0 -999.0 -999.0 -999.0 -999.0 -999.0 -999.0 359.3 266.7 166.7 131.0 127.4 125.7 128.2 128.1 120.8 116.5 97.5 88.3 79.2 66.3 61.2 58.4 63.3 59.4 58.3 57.0 56.1 53.4 50.4 42.6 46.2 45.3 44.9 45.0 44.1 45.1 44.0 41.3 38.3 39.8 39.2 33.9 26.9 7.2 10.4 -3.1 -3.1 -8.6 -7.0 -5.5 -5.3 -4.4 -4.6 -1.2 -1.1 -0.7 -0.8
-999.0 -999.0 -999.0 -999.0 -999.0 -999.0 -999.0 -999.0 -999.0 -999.0 -999.0 -999.0 -999.0 -999.0 -999.0 -999.0 -999.0 -999.0 -999.0 -999.0 -999.0 -999.0 -999.0 -999.0 -999.0 282.7 164.0 161.4 125.7 125.8 127.3 129.9 119.0 117.9 95.9 89.5 80.3 68.4 59.8 57.0 63.3 59.5 56.8 57.2 56.1 53.4 51.0 42.6 46.2 45.6 44.9 45.0 44.7 45.3 44.6 41.4 40.2 40.3 40.3 34.0 34.0 13.1 6.2 -3.6 -2.4 -8.4 -6.7 -5.7 -5.4 -4.2 -4.5 -1.0 -4.1 -0.7 -0.8
-999.0 -999.0 -999.0 -999.0 -999.0 -999.0 -999.0 -999.0 -999.0 -999.0 -999.0 -999.0 -999.0 -999.0 -999.0 -999.0 -999.0 -999.0 -999.0 -999.0 -999.0 -999.0 -999.0 -999.0 -999.0 -999.0 -999.0 147.5 126.0 128.5 128.5 128.5 117.7 119.4 441.5 89.5 80.3 69.5 60.7 57.9 64.5 59.5 56.8 57.2 56.1 53.4 51.0 42.6 46.2 45.5 44.9 45.0 44.8 45.3 44.6 41.8 40.4 40.3 40.2 33.8 32.1 13.9 -2.2 -3.4 -4.3 -8.4 -5.5 -3.3 -5.4 -4.1 -4.5 -1.2 -1.5 -0.8 -0.6
-999.0 -999.0 -999.0 -999.0 -999.0 -999.0 -999.0 -999.0 -999.0 -999.0 -999.0 -999.0 -999.0 -999.0 -999.0 -999.0 -999.0 -999.0 -999.0 -999.0 -999.0 -999.0 -999.0 -999.0 -999.0 -999.0 -999.0 -999.0 -999.0 128.1 128.1 128.1 117.2 448.4 446.1 430.9 394.9 69.5 60.8 57.7 64.1 59.5 57.8 56.2 55.8 53.4 50.9 42.6 46.2 45.6 44.4 45.0 44.8 45.3 44.6 41.8 40.4 40.4 40.9 34.0 17.1 12.6 -4.7 -4.0 -4.1 -6.9 -5.9 -4.5 -5.3 -3.7 -2.6 -1.5 -1.3 -0.4 -0.5
-999.0 -999.0 -999.0 -999.0 -999.0 -999.0 -999.0 -999.0 -999.0 -999.0 -999.0 -999.0 -999.0 -999.0 -999.0 -999.0 -999.0 -999.0 -999.0 -999.0 -999.0 -999.0 -999.0 -999.0 -999.0 -999.0 -999.0 -999.0 -999.0 -999.0 128.1 128.1 470.4 474.4 423.6 446.9 408.5 388.3 63.5 57.4 63.5 60.6 56.8 55.6 55.2 53.4 51.0 42.6 45.4 45.6 44.9 44.4 44.7 45.3 44.6 41.6 40.4 40.2 40.4 33.8 15.7 8.0 -2.7 -4.9 -5.7 -11.1 -5.8 -4.7 -5.2 -5.7 -3.8 -1.0 -0.9 -0.2 -0.3
-999.0 -999.0 -999.0 -999.0 -999.0 -999.0 -999.0 -999.0 -999.0 -999.0 -999.0 -999.0 -999.0 -999.0 -999.0 -999.0 -999.0 -999.0 -999.0 -999.0 -999.0 -999.0 -999.0 -999.0 -999.0 -999.0 -999.0 -999.0 -999.0 -999.0 -999.0 125.0 475.6 535.5 436.0 425.5 412.8 390.9 388.3 56.9 353.4 59.6 56.8 55.7 54.7 52.9 51.0 42.6 45.6 44.0 44.9 44.9 44.8 45.3 43.0 41.8 40.4 40.0 34.8 33.1 14.6 3.6 -6.9 -4.0 -6.6 -10.3 -6.1 -5.6 -4.3 -5.3 -3.4 -1.0 -0.9 -0.2 -0.3
-999.0 -999.0 -999.0 -999.0 -999.0 -999.0 -999.0 -999.0 -999.0 -999.0 -999.0 -999.0 -999.0 -999.0 -999.0 -999.0 -999.0 -999.0 -999.0 -999.0 -999.0 -999.0 -999.0 -999.0 -999.0 -999.0 -999.0 -999.0 -999.0 -999.0 -999.0 -999.0 -999.0 478.8 423.4 428.7 410.7 409.7 383.1 362.9 353.7 340.1 56.8 56.0 56.1 52.8 51.0 42.6 46.3 42.2 44.9 44.7 43.5 43.7 43.0 41.8 40.4 40.5 34.6 31.8 12.0 -5.0 -7.4 -5.3 -6.3 -9.5 -6.4 -5.6 -3.9 -4.7 -1.6 -0.9 -0.8 -0.2 -0.3
-999.0 -999.0 -999.0 -999.0 -999.0 -999.0 -999.0 -999.0 -999.0 -999.0 -999.0 -999.0 -999.0 -999.0 -999.0 -999.0 -999.0 -999.0 -999.0 -999.0 -999.0 -999.0 -999.0 -999.0 -999.0 -999.0 -999.0 -999.0 -999.0 -999.0 -999.0 -999.0 -999.0 -999.0 447.9 413.0 432.6 429.0 416.6 366.9 376.7 345.5 56.8 55.6 56.1 51.8 51.0 41.9 44.4 45.1 43.3 43.5 43.1 43.6 44.0 41.8 40.4 40.5 34.4 13.8 10.3 -7.3 -6.9 -4.9 -6.8 -7.9 -5.7 -5.0 -3.7 -4.6 -1.6 -0.9 -0.8 -0.2 -0.3
-999.0 -999.0 -999.0 -999.0 -999.0 -999.0 -999.0 -999.0 -999.0 -999.0 -999.0 -999.0 -999.0 -999.0 -999.0 -999.0 -999.0 -999.0 -999.0 -999.0 -999.0 -999.0 -999.0 -999.0 -999.0 -999.0 -999.0 -999.0 -999.0 -999.0 -999.0 -999.0 -999.0 -999.0 449.4 446.9 407.8 418.7 402.0 385.7 370.9 373.0 342.8 55.7 54.6 53.4 51.0 41.0 43.7 44.0 43.3 43.5 43.1 44.0 42.6 41.8 38.1 32.4 32.7 13.4 8.1 -6.0 -6.4 -5.5 -5.5 -6.3 -3.6 -5.0 -3.7 -4.8 -1.6 -0.9 -0.8 -0.2 -0.3
-999.0 -999.0 -999.0 -999.0 -999.0 -999.0 -999.0 -999.0 -999.0 -999.0 -999.0 -999.0 -999.0 -999.0 -999.0 -999.0 -999.0 -999.0 -999.0 -999.0 -999.0 -999.0 -999.0 -999.0 -999.0 -999.0 -999.0 -999.0 -999.0 -999.0 -999.0 -999.0 -999.0 -999.0 453.5 85.4 407.2 78.3 400.9 363.3 369.1 372.9 365.2 318.3 333.5 51.8 50.4 40.7 44.4 43.7 43.0 43.2 42.8 43.8 44.1 41.1 41.2 33.9 33.8 14.3 6.2 -5.9 -5.4 -4.4 -4.9 -5.7 -3.7 -5.5 -3.8 -4.5 -1.6 -0.9 -0.8 -0.2 -0.3
-999.0 -999.0 -999.0 -999.0 -999.0 -999.0 -999.0 -999.0 -999.0 -999.0 -999.0 -999.0 -999.0 -999.0 -999.0 -999.0 -999.0 -999.0 -999.0 -999.0 -999.0 -999.0 -999.0 -999.0 -999.0 -999.0 -999.0 -999.0 -999.0 -999.0 -999.0 -999.0 -999.0 -999.0 477.3 89.7 78.7 65.5 54.4 66.8 398.2 372.9 355.8 360.5 336.3 327.6 49.3 41.0 44.9 45.1 44.2 44.6 44.7 45.1 44.6 41.8 40.5 34.4 32.7 13.7 5.3 -5.0 -4.6 -4.4 -4.6 -5.8 -3.7 -5.4 -3.7 -4.3 -1.6 -0.9 -0.8 -0.2 -0.3
-999.0 -999.0 -999.0 -999.0 -999.0 -999.0 -999.0 -999.0 -999.0 -999.0 -999.0 -999.0 -999.0 -999.0 -999.0 -999.0 -999.0 -999.0 -999.0 -999.0 -999.0 -999.0 -999.0 -999.0 -999.0 -999.0 -999.0 -999.0 -999.0 -999.0 -999.0 -999.0 -999.0 -999.0 -999.0 408.7 80.3 69.5 60.3 62.2 396.0 351.5 349.3 327.9 336.3 316.7 332.9 328.7 44.4 43.7 44.7 45.0 44.7 45.3 44.6 41.8 40.5 34.0 17.2 13.7 0.3 -5.1 -4.6 -4.5 -4.7 -5.8 -3.8 -5.3 -5.1 -4.2 -1.6 -0.9 -0.8 -0.2 -0.3
-999.0 -999.0 -999.0 -999.0 -999.0 -999.0 -999.0 -999.0 -999.0 -999.0 -999.0 -999.0 -999.0 -999.0 -999.0 -999.0 -999.0 -999.0 -999.0 -999.0 -999.0 -999.0 -999.0 -999.0 -999.0 -999.0 -999.0 -999.0 -999.0 -999.0 -999.0 -999.0 -999.0 -999.0 -999.0 416.0 403.7 69.7 61.1 58.1 61.5 58.7 346.7 324.9 320.8 328.8 334.7 325.9 44.4 45.5 43.0 44.7 44.4 45.3 44.6 41.5 40.1 34.1 17.2 13.7 -5.5 -5.1 -4.8 -4.9 -3.1 -4.5 -3.8 -5.4 -5.1 -4.2 -1.6 -0.9 -0.8 -0.2 -0.3
-999.0 -999.0 -999.0 -999.0 -999.0 -999.0 -999.0 -999.0 -999.0 -999.0 -999.0 -999.0 -999.0 -999.0 -999.0 -999.0 -999.0 -999.0 -999.0 -999.0 -999.0 -999.0 -999.0 -999.0 -999.0 -999.0 -999.0 -999.0 -999.0 -999.0 -999.0 -999.0 -999.0 -999.0 -999.0 -999.0 402.9 68.9 60.9 58.4 64.6 59.8 58.1 56.7 49.5 342.4 328.9 318.7 46.0 45.2 43.3 44.6 44.4 45.3 44.6 43.1 34.4 34.1 15.8 12.0 -5.5 -5.0 -4.8 -5.0 -3.5 -4.6 -3.8 -5.4 -5.2 -4.2 -1.6 -0.9 -0.8 -0.2 -0.3
-999.0 -999.0 -999.0 -999.0 -999.0 -999.0 -999.0 -999.0 -999.0 -999.0 -999.0 -999.0 -999.0 -999.0 -999.0 -999.0 -999.0 -999.0 -999.0 -999.0 -999.0 -999.0 -999.0 -999.0 -999.0 -999.0 -999.0 -999.0 -999.0 -999.0 -999.0 -999.0 -999.0 -999.0 -999.0 -999.0 411.3 70.0 61.2 58.0 64.8 60.5 58.1 57.2 53.1 323.0 333.1 42.5 44.2 38.2 43.0 44.6 44.4 45.3 44.6 41.9 34.4 34.1 15.8 11.0 -5.5 -5.0 -4.8 -5.0 -3.5 -4.6 -3.8 -3.8 -5.1 -4.2 -1.6 -0.9 -0.8 -0.2 -0.3
-999.0 -999.0 -999.0 -999.0 -999.0 -999.0 -999.0 -999.0 -999.0 -999.0 -999.0 -999.0 -999.0 -999.0 -999.0 -999.0 -999.0 -999.0 -999.0 -999.0 -999.0 -999.0 -999.0 -999.0 -999.0 -999.0 -999.0 -999.0 -999.0 -999.0 -999.0 -999.0 -999.0 -999.0 -999.0 -999.0 -999.0 390.0 61.4 58.4 64.6 61.0 58.1 57.0 55.9 55.9 51.0 42.6 46.3 43.7 43.3 43.2 44.4 45.3 44.6 41.9 34.4 33.5 15.8 9.2 -5.5 -5.0 -4.8 -5.0 -3.5 -4.6 -3.8 -3.8 -5.1 -4.3 -1.6 -0.9 -0.8 -0.2 -0.3
-999.0 -999.0 -999.0 -999.0 -999.0 -999.0 -999.0 -999.0 -999.0 -999.0 -999.0 -999.0 -999.0 -999.0 -999.0 -999.0 -999.0 -999.0 -999.0 -999.0 -999.0 -999.0 -999.0 -999.0 -999.0 -999.0 -999.0 -999.0 -999.0 -999.0 -999.0 -999.0 -999.0 -999.0 -999.0 -999.0 -999.0 -999.0 59.2 58.4 64.6 60.9 57.3 57.2 56.1 53.4 51.0 42.6 46.3 43.7 43.0 43.2 44.7 45.3 44.3 41.9 34.4 32.2 15.8 8.0 -5.5 -5.0 -4.8 -5.0 -3.5 -4.6 -3.8 -5.3 -3.7 -4.6 -1.6 -0.9 -0.8 -0.2 -0.3
-999.0 -999.0 -999.0 -999.0 -999.0 -999.0 -999.0 -999.0 -999.0 -999.0 -999.0 -999.0 -999.0 -999.0 -999.0 -999.0 -999.0 -999.0 -999.0 -999.0 -999.0 -999.0 -999.0 -999.0 -999.0 -999.0 -999.0 -999.0 -999.0 -999.0 -999.0 -999.0 -999.0 -999.0 -999.0 -999.0 -999.0 -999.0 61.2 58.0 64.8 61.1 57.8 57.2 56.1 53.4 51.0 42.6 44.4 43.7 43.0 43.2 44.7 45.3 44.3 41.5 34.0 32.2 14.7 8.0 -5.5 -5.0 -4.8 -4.9 -3.5 -4.6 -3.7 -5.3 -3.6 -4.7 -3.3 -0.9 -0.8 -0.2 -0.3
-999.0 -999.0 -999.0 -999.0 -999.0 -999.0 -999.0 -999.0 -999.0 -999.0 -999.0 -999.0 -999.0 -999.0 -999.0 -999.0 -999.0 -999.0 -999.0 -999.0 -999.0 -999.0 -999.0 -999.0 -999.0 -999.0 -999.0 -999.0 -999.0 -999.0 -999.0 -999.0 -999.0 -999.0 -999.0 -999.0 -999.0 -999.0 -999.0 -999.0 64.6 59.5 56.8 57.2 56.1 53.3 50.8 40.6 46.2 45.5 44.2 43.2 44.7 45.3 46.0 35.9 34.1 19.8 14.2 6.1 -5.5 -5.0 -4.4 -4.9 -3.5 -4.6 -3.8 -4.8 -3.6 -4.7 -3.3 -0.9 -0.8 -0.2 -0.3
